[ 11] Received message from   1: 1|0,11,30,41,48,66,86
[ 30] Received message from   1: 1|0,11,30,41,48,66,86
[ 57] Received message from  11: 1|0,11,30,41,48,66,86,1,57
[ 41] Received message from   1: 1|0,11,30,41,48,66,86
[ 11] Sent Broadcast: 1|0,11,30,41,48,66,86,1,57
[ 62] Received message from  30: 1|0,11,30,41,48,66,86,1,62
[ 30] Sent Broadcast: 1|0,11,30,41,48,66,86,1,62
[ 48] Received message from   1: 1|0,11,30,41,48,66,86
[ 58] Received message from  57: 1|0,11,30,41,48,66,86,1,57,58
[ 95] Received message from  41: 1|0,11,30,41,48,66,86,1,95
[ 57] Sent Broadcast: 1|0,11,30,41,48,66,86,1,57,58
[ 41] Sent Broadcast: 1|0,11,30,41,48,66,86,1,95
[ 46] Received message from  62: 1|0,11,30,41,48,66,86,1,62,46
[ 62] Sent Broadcast: 1|0,11,30,41,48,66,86,1,62,46
[ 66] Received message from   1: 1|0,11,30,41,48,66,86
[ 21] Received message from  58: 1|0,11,30,41,48,66,86,1,57,58,21
[ 72] Received message from  95: 1|0,11,30,41,48,66,86,1,95,72,99
[ 10] Received message from  46: 1|0,11,30,41,48,66,86,1,62,46,10,50
[ 58] Sent Broadcast: 1|0,11,30,41,48,66,86,1,57,58,21
[ 57] Received message from  66: 1|0,11,30,41,48,66,86,1,57
[ 90] Received message from  10: 1|0,11,30,41,48,66,86,1,62,46,10,50,90
[ 91] Received message from  21: 1|0,11,30,41,48,66,86,1,57,58,21,91
[ 25] Received message from  72: 1|0,11,30,41,48,66,86,1,95,72,99,25,36
[ 66] Sent Broadcast: 1|0,11,30,41,48,66,86,1,57
[ 86] Received message from   1: 1|0,11,30,41,48,66,86
[ 10] Sent Broadcast: 1|0,11,30,41,48,66,86,1,62,46,10,50,90
[ 21] Sent Broadcast: 1|0,11,30,41,48,66,86,1,57,58,21,91
[ 96] Received message from  90: 1|0,11,30,41,48,66,86,1,62,46,10,50,90,96
[  1] Sent Broadcast: 1|0,11,30,41,48,66,86
[ 50] Received message from  46: 1|0,11,30,41,48,66,86,1,62,46,10,50
[ 46] Sent Broadcast: 1|0,11,30,41,48,66,86,1,62,46,10,50
[ 90] Sent Broadcast: 1|0,11,30,41,48,66,86,1,62,46,10,50,90,96
[ 99] Received message from  95: 1|0,11,30,41,48,66,86,1,95,72,99
[ 95] Sent Broadcast: 1|0,11,30,41,48,66,86,1,95,72,99
[ 36] Received message from  72: 1|0,11,30,41,48,66,86,1,95,72,99,25,36
[ 60] Received message from  25: 1|0,11,30,41,48,66,86,1,95,72,99,25,36,60
[ 56] Received message from  96: 1|0,11,30,41,48,66,86,1,62,46,10,50,90,96,56,87
[ 72] Sent Broadcast: 1|0,11,30,41,48,66,86,1,95,72,99,25,36
[ 85] Received message from  50: 1|0,11,30,41,48,66,86,1,62,46,10,50,85
[ 50] Sent Broadcast: 1|0,11,30,41,48,66,86,1,62,46,10,50,85
[ 25] Sent Broadcast: 1|0,11,30,41,48,66,86,1,95,72,99,25,36,60
[  8] Received message from  60: 1|0,11,30,41,48,66,86,1,95,72,99,25,36,60,8,33,52,69
[ 60] Received message from  36: 1|0,11,30,41,48,66,86,1,95,72,99,25,36,60
[ 36] Sent Broadcast: 1|0,11,30,41,48,66,86,1,95,72,99,25,36,60
[ 87] Received message from  96: 1|0,11,30,41,48,66,86,1,62,46,10,50,90,96,56,87
[ 53] Received message from  56: 1|0,11,30,41,48,66,86,1,62,46,10,50,90,96,56,87,53,65
[ 36] Received message from  99: 1|0,11,30,41,48,66,86,1,95,72,99,36
[ 84] Received message from  85: 1|0,11,30,41,48,66,86,1,62,46,10,50,85,84
[ 96] Sent Broadcast: 1|0,11,30,41,48,66,86,1,62,46,10,50,90,96,56,87
[ 65] Received message from  56: 1|0,11,30,41,48,66,86,1,62,46,10,50,90,96,56,87,53,65
[ 56] Sent Broadcast: 1|0,11,30,41,48,66,86,1,62,46,10,50,90,96,56,87,53,65
[ 99] Sent Broadcast: 1|0,11,30,41,48,66,86,1,95,72,99,36
[ 53] Received message from  87: 1|0,11,30,41,48,66,86,1,62,46,10,50,90,96,56,87,53
[ 33] Received message from  60: 1|0,11,30,41,48,66,86,1,95,72,99,25,36,60,8,33,52,69
[ 19] Received message from   8: 1|0,11,30,41,48,66,86,1,95,72,99,25,36,60,8,33,52,69,19,47,55,76
[ 87] Sent Broadcast: 1|0,11,30,41,48,66,86,1,62,46,10,50,90,96,56,87,53
[ 85] Sent Broadcast: 1|0,11,30,41,48,66,86,1,62,46,10,50,85,84
[ 52] Received message from  60: 1|0,11,30,41,48,66,86,1,95,72,99,25,36,60,8,33,52,69
[ 47] Received message from   8: 1|0,11,30,41,48,66,86,1,95,72,99,25,36,60,8,33,52,69,19,47,55,76
[ 69] Received message from  60: 1|0,11,30,41,48,66,86,1,95,72,99,25,36,60,8,33,52,69
[ 55] Received message from   8: 1|0,11,30,41,48,66,86,1,95,72,99,25,36,60,8,33,52,69,19,47,55,76
[ 47] Received message from  33: 1|0,11,30,41,48,66,86,1,95,72,99,25,36,60,8,33,52,69,47,55,59
[ 47] Received message from  52: 1|0,11,30,41,48,66,86,1,95,72,99,25,36,60,8,33,52,69,47,55,76
[ 60] Sent Broadcast: 1|0,11,30,41,48,66,86,1,95,72,99,25,36,60,8,33,52,69
[ 47] Received message from  69: 1|0,11,30,41,48,66,86,1,95,72,99,25,36,60,8,33,52,69,47,55,59
[ 42] Received message from  47: 1|0,11,30,41,48,66,86,1,95,72,99,25,36,60,8,33,52,69,19,47,55,76,42,59,63,67
[ 76] Received message from   8: 1|0,11,30,41,48,66,86,1,95,72,99,25,36,60,8,33,52,69,19,47,55,76
[ 59] Received message from  47: 1|0,11,30,41,48,66,86,1,95,72,99,25,36,60,8,33,52,69,19,47,55,76,42,59,63,67
[  8] Sent Broadcast: 1|0,11,30,41,48,66,86,1,95,72,99,25,36,60,8,33,52,69,19,47,55,76
[ 63] Received message from  47: 1|0,11,30,41,48,66,86,1,95,72,99,25,36,60,8,33,52,69,19,47,55,76,42,59,63,67
[ 55] Received message from  33: 1|0,11,30,41,48,66,86,1,95,72,99,25,36,60,8,33,52,69,47,55,59
[ 55] Received message from  52: 1|0,11,30,41,48,66,86,1,95,72,99,25,36,60,8,33,52,69,47,55,76
[ 55] Received message from  69: 1|0,11,30,41,48,66,86,1,95,72,99,25,36,60,8,33,52,69,47,55,59
[ 42] Received message from  55: 1|0,11,30,41,48,66,86,1,95,72,99,25,36,60,8,33,52,69,19,47,55,76,42
[ 55] Sent Broadcast: 1|0,11,30,41,48,66,86,1,95,72,99,25,36,60,8,33,52,69,19,47,55,76,42
[ 67] Received message from  47: 1|0,11,30,41,48,66,86,1,95,72,99,25,36,60,8,33,52,69,19,47,55,76,42,59,63,67
[ 59] Received message from  33: 1|0,11,30,41,48,66,86,1,95,72,99,25,36,60,8,33,52,69,47,55,59
[ 33] Sent Broadcast: 1|0,11,30,41,48,66,86,1,95,72,99,25,36,60,8,33,52,69,47,55,59
[ 47] Sent Broadcast: 1|0,11,30,41,48,66,86,1,95,72,99,25,36,60,8,33,52,69,19,47,55,76,42,59,63,67
[ 76] Received message from  52: 1|0,11,30,41,48,66,86,1,95,72,99,25,36,60,8,33,52,69,47,55,76
[ 52] Sent Broadcast: 1|0,11,30,41,48,66,86,1,95,72,99,25,36,60,8,33,52,69,47,55,76
[ 59] Received message from  69: 1|0,11,30,41,48,66,86,1,95,72,99,25,36,60,8,33,52,69,47,55,59
[ 69] Sent Broadcast: 1|0,11,30,41,48,66,86,1,95,72,99,25,36,60,8,33,52,69,47,55,59
[ 12] Received message from  67: 1|0,11,30,41,48,66,86,1,95,72,99,25,36,60,8,33,52,69,19,47,55,76,42,59,63,67,12
[ 67] Sent Broadcast: 1|0,11,30,41,48,66,86,1,95,72,99,25,36,60,8,33,52,69,19,47,55,76,42,59,63,67,12
[ 38] Received message from  12: 1|0,11,30,41,48,66,86,1,95,72,99,25,36,60,8,33,52,69,19,47,55,76,42,59,63,67,12,38,75
[ 75] Received message from  12: 1|0,11,30,41,48,66,86,1,95,72,99,25,36,60,8,33,52,69,19,47,55,76,42,59,63,67,12,38,75
[ 12] Sent Broadcast: 1|0,11,30,41,48,66,86,1,95,72,99,25,36,60,8,33,52,69,19,47,55,76,42,59,63,67,12,38,75
[ 14] Received message from  75: 1|0,11,30,41,48,66,86,1,95,72,99,25,36,60,8,33,52,69,19,47,55,76,42,59,63,67,12,38,75,14,77
[ 77] Received message from  75: 1|0,11,30,41,48,66,86,1,95,72,99,25,36,60,8,33,52,69,19,47,55,76,42,59,63,67,12,38,75,14,77
[ 75] Sent Broadcast: 1|0,11,30,41,48,66,86,1,95,72,99,25,36,60,8,33,52,69,19,47,55,76,42,59,63,67,12,38,75,14,77
[ 13] Received message from   2: 2|0,13,20,23,32,64,82,98
[ 20] Received message from   2: 2|0,13,20,23,32,64,82,98
[ 43] Received message from  13: 2|0,13,20,23,32,64,82,98,2,43,74,78,94
[ 23] Received message from   2: 2|0,13,20,23,32,64,82,98
[ 74] Received message from  13: 2|0,13,20,23,32,64,82,98,2,43,74,78,94
[ 32] Received message from   2: 2|0,13,20,23,32,64,82,98
[ 44] Received message from  43: 2|0,13,20,23,32,64,82,98,2,43,74,78,94,44,88
[ 78] Received message from  13: 2|0,13,20,23,32,64,82,98,2,43,74,78,94
[ 88] Received message from  43: 2|0,13,20,23,32,64,82,98,2,43,74,78,94,44,88
[ 43] Sent Broadcast: 2|0,13,20,23,32,64,82,98,2,43,74,78,94,44,88
[ 88] Received message from  74: 2|0,13,20,23,32,64,82,98,2,43,74,78,94,88
[ 81] Received message from  32: 2|0,13,20,23,32,64,82,98,2,81
[ 74] Sent Broadcast: 2|0,13,20,23,32,64,82,98,2,43,74,78,94,88
[ 94] Received message from  13: 2|0,13,20,23,32,64,82,98,2,43,74,78,94
[  4] Received message from  88: 2|0,13,20,23,32,64,82,98,2,43,74,78,94,44,88,4,39
[ 15] Received message from  44: 2|0,13,20,23,32,64,82,98,2,43,74,78,94,44,88,15,39,71
[ 88] Received message from  78: 2|0,13,20,23,32,64,82,98,2,43,74,78,94,88
[ 64] Received message from   2: 2|0,13,20,23,32,64,82,98
[ 32] Sent Broadcast: 2|0,13,20,23,32,64,82,98,2,81
[ 13] Sent Broadcast: 2|0,13,20,23,32,64,82,98,2,43,74,78,94
[ 78] Sent Broadcast: 2|0,13,20,23,32,64,82,98,2,43,74,78,94,88
[ 39] Received message from  44: 2|0,13,20,23,32,64,82,98,2,43,74,78,94,44,88,15,39,71
[  7] Received message from  81: 2|0,13,20,23,32,64,82,98,2,81,7,83
[ 81] Received message from  23: 2|0,13,20,23,32,64,82,98,2,81
[ 82] Received message from   2: 2|0,13,20,23,32,64,82,98
[ 23] Sent Broadcast: 2|0,13,20,23,32,64,82,98,2,81
[  5] Received message from   4: 2|0,13,20,23,32,64,82,98,2,43,74,78,94,44,88,4,39,5,6,16
[ 39] Received message from  88: 2|0,13,20,23,32,64,82,98,2,43,74,78,94,44,88,4,39
[ 88] Sent Broadcast: 2|0,13,20,23,32,64,82,98,2,43,74,78,94,44,88,4,39
[ 71] Received message from  44: 2|0,13,20,23,32,64,82,98,2,43,74,78,94,44,88,15,39,71
[ 81] Received message from  64: 2|0,13,20,23,32,64,82,98,2,81
[ 98] Received message from   2: 2|0,13,20,23,32,64,82,98
[ 83] Received message from  81: 2|0,13,20,23,32,64,82,98,2,81,7,83
[ 44] Sent Broadcast: 2|0,13,20,23,32,64,82,98,2,43,74,78,94,44,88,15,39,71
[ 64] Sent Broadcast: 2|0,13,20,23,32,64,82,98,2,81
[ 89] Received message from   7: 2|0,13,20,23,32,64,82,98,2,81,7,83,89
[ 81] Sent Broadcast: 2|0,13,20,23,32,64,82,98,2,81,7,83
[  2] Sent Broadcast: 2|0,13,20,23,32,64,82,98
[  6] Received message from   4: 2|0,13,20,23,32,64,82,98,2,43,74,78,94,44,88,4,39,5,6,16
[  7] Sent Broadcast: 2|0,13,20,23,32,64,82,98,2,81,7,83,89
[ 81] Received message from  82: 2|0,13,20,23,32,64,82,98,2,81
[  4] Received message from  39: 2|0,13,20,23,32,64,82,98,2,43,74,78,94,44,88,15,39,71,4,6
[  7] Received message from  98: 2|0,13,20,23,32,64,82,98,2,7,81
[ 68] Received message from  83: 2|0,13,20,23,32,64,82,98,2,81,7,83,68,80,89
[ 16] Received message from   4: 2|0,13,20,23,32,64,82,98,2,43,74,78,94,44,88,4,39,5,6,16
[ 82] Sent Broadcast: 2|0,13,20,23,32,64,82,98,2,81
[  4] Sent Broadcast: 2|0,13,20,23,32,64,82,98,2,43,74,78,94,44,88,4,39,5,6,16
[ 18] Received message from   5: 2|0,13,20,23,32,64,82,98,2,43,74,78,94,44,88,4,39,5,6,16,18,28,73
[ 28] Received message from   6: 2|0,13,20,23,32,64,82,98,2,43,74,78,94,44,88,4,39,5,6,16,28,37
[ 80] Received message from  83: 2|0,13,20,23,32,64,82,98,2,81,7,83,68,80,89
[  6] Received message from  39: 2|0,13,20,23,32,64,82,98,2,43,74,78,94,44,88,15,39,71,4,6
[ 39] Sent Broadcast: 2|0,13,20,23,32,64,82,98,2,43,74,78,94,44,88,15,39,71,4,6
[ 28] Received message from   5: 2|0,13,20,23,32,64,82,98,2,43,74,78,94,44,88,4,39,5,6,16,18,28,73
[ 37] Received message from   6: 2|0,13,20,23,32,64,82,98,2,43,74,78,94,44,88,4,39,5,6,16,28,37
[  6] Sent Broadcast: 2|0,13,20,23,32,64,82,98,2,43,74,78,94,44,88,4,39,5,6,16,28,37
[ 28] Received message from  16: 2|0,13,20,23,32,64,82,98,2,43,74,78,94,44,88,4,39,5,6,16,28,37,70
[ 89] Received message from  83: 2|0,13,20,23,32,64,82,98,2,81,7,83,68,80,89
[ 18] Received message from  28: 2|0,13,20,23,32,64,82,98,2,43,74,78,94,44,88,4,39,5,6,16,28,37,18,70,73,100
[ 73] Received message from   5: 2|0,13,20,23,32,64,82,98,2,43,74,78,94,44,88,4,39,5,6,16,18,28,73
[ 81] Received message from  98: 2|0,13,20,23,32,64,82,98,2,7,81
[ 70] Received message from  18: 2|0,13,20,23,32,64,82,98,2,43,74,78,94,44,88,4,39,5,6,16,18,28,73,70,100
[  5] Sent Broadcast: 2|0,13,20,23,32,64,82,98,2,43,74,78,94,44,88,4,39,5,6,16,18,28,73
[ 98] Sent Broadcast: 2|0,13,20,23,32,64,82,98,2,7,81
[ 70] Received message from  28: 2|0,13,20,23,32,64,82,98,2,43,74,78,94,44,88,4,39,5,6,16,28,37,18,70,73,100
[ 83] Sent Broadcast: 2|0,13,20,23,32,64,82,98,2,81,7,83,68,80,89
[ 26] Received message from  68: 2|0,13,20,23,32,64,82,98,2,81,7,83,68,80,89,26
[ 37] Received message from  16: 2|0,13,20,23,32,64,82,98,2,43,74,78,94,44,88,4,39,5,6,16,28,37,70
[ 68] Sent Broadcast: 2|0,13,20,23,32,64,82,98,2,81,7,83,68,80,89,26
[100] Received message from  18: 2|0,13,20,23,32,64,82,98,2,43,74,78,94,44,88,4,39,5,6,16,18,28,73,70,100
[ 18] Sent Broadcast: 2|0,13,20,23,32,64,82,98,2,43,74,78,94,44,88,4,39,5,6,16,18,28,73,70,100
[ 37] Received message from  70: 2|0,13,20,23,32,64,82,98,2,43,74,78,94,44,88,4,39,5,6,16,18,28,73,70,100,37
[ 70] Sent Broadcast: 2|0,13,20,23,32,64,82,98,2,43,74,78,94,44,88,4,39,5,6,16,18,28,73,70,100,37
[ 73] Received message from  28: 2|0,13,20,23,32,64,82,98,2,43,74,78,94,44,88,4,39,5,6,16,28,37,18,70,73,100
[100] Received message from  28: 2|0,13,20,23,32,64,82,98,2,43,74,78,94,44,88,4,39,5,6,16,28,37,18,70,73,100
[ 28] Sent Broadcast: 2|0,13,20,23,32,64,82,98,2,43,74,78,94,44,88,4,39,5,6,16,28,37,18,70,73,100
[ 93] Received message from  73: 2|0,13,20,23,32,64,82,98,2,43,74,78,94,44,88,4,39,5,6,16,18,28,73,93,100
[ 70] Received message from  37: 2|0,13,20,23,32,64,82,98,2,43,74,78,94,44,88,4,39,5,6,16,28,37,70
[ 93] Received message from 100: 2|0,13,20,23,32,64,82,98,2,43,74,78,94,44,88,4,39,5,6,16,18,28,73,70,100,93
[100] Received message from  73: 2|0,13,20,23,32,64,82,98,2,43,74,78,94,44,88,4,39,5,6,16,18,28,73,93,100
[ 70] Received message from  16: 2|0,13,20,23,32,64,82,98,2,43,74,78,94,44,88,4,39,5,6,16,28,37,70
[ 37] Sent Broadcast: 2|0,13,20,23,32,64,82,98,2,43,74,78,94,44,88,4,39,5,6,16,28,37,70
[100] Sent Broadcast: 2|0,13,20,23,32,64,82,98,2,43,74,78,94,44,88,4,39,5,6,16,18,28,73,70,100,93
[ 73] Sent Broadcast: 2|0,13,20,23,32,64,82,98,2,43,74,78,94,44,88,4,39,5,6,16,18,28,73,93,100
[ 16] Sent Broadcast: 2|0,13,20,23,32,64,82,98,2,43,74,78,94,44,88,4,39,5,6,16,28,37,70
[ 29] Received message from   3: 3|0,29,34,40,61
[ 34] Received message from   3: 3|0,29,34,40,61
[ 40] Received message from   3: 3|0,29,34,40,61
[ 92] Received message from  34: 3|0,29,34,40,61,3,92
[ 34] Sent Broadcast: 3|0,29,34,40,61,3,92
[ 61] Received message from   3: 3|0,29,34,40,61
[  3] Sent Broadcast: 3|0,29,34,40,61
[ 22] Received message from  40: 3|0,29,34,40,61,3,22
[ 40] Sent Broadcast: 3|0,29,34,40,61,3,22
[ 92] Received message from  61: 3|0,29,34,40,61,3,92
[ 61] Sent Broadcast: 3|0,29,34,40,61,3,92
[ 31] Received message from  22: 3|0,29,34,40,61,3,22,31
[ 22] Sent Broadcast: 3|0,29,34,40,61,3,22,31
[ 27] Received message from   9: 9|0,27
[  9] Sent Broadcast: 9|0,27
[ 51] Received message from  27: 9|0,27,9,51
[ 27] Sent Broadcast: 9|0,27,9,51
[ 45] Received message from  17: 17|0,45
[ 17] Sent Broadcast: 17|0,45
[ 49] Received message from  24: 24|0,49
[ 24] Sent Broadcast: 24|0,49
[ 97] Received message from  35: 35|0,97
[ 35] Sent Broadcast: 35|0,97
[ 79] Received message from  54: 54|0,79
[ 54] Sent Broadcast: 54|0,79
