[ 66] Received message from   1: 1|0,66,85
[ 85] Received message from   1: 1|0,66,85
[ 54] Received message from  66: 1|0,66,85,1,54,77
[  1] Sent Broadcast: 1|0,66,85
[ 77] Received message from  66: 1|0,66,85,1,54,77
[ 22] Received message from  85: 1|0,66,85,1,22
[ 66] Sent Broadcast: 1|0,66,85,1,54,77
[ 85] Sent Broadcast: 1|0,66,85,1,22
[ 20] Received message from  22: 1|0,66,85,1,22,20,24,36,51,63,73
[ 24] Received message from  22: 1|0,66,85,1,22,20,24,36,51,63,73
[  9] Received message from  20: 1|0,66,85,1,22,20,24,36,51,63,73,9,10
[ 36] Received message from  22: 1|0,66,85,1,22,20,24,36,51,63,73
[ 10] Received message from  24: 1|0,66,85,1,22,20,24,36,51,63,73,10
[ 24] Sent Broadcast: 1|0,66,85,1,22,20,24,36,51,63,73,10
[  9] Received message from  36: 1|0,66,85,1,22,20,24,36,51,63,73,9,10
[ 10] Received message from  20: 1|0,66,85,1,22,20,24,36,51,63,73,9,10
[ 51] Received message from  22: 1|0,66,85,1,22,20,24,36,51,63,73
[ 62] Received message from  10: 1|0,66,85,1,22,20,24,36,51,63,73,10,62
[ 20] Sent Broadcast: 1|0,66,85,1,22,20,24,36,51,63,73,9,10
[ 10] Sent Broadcast: 1|0,66,85,1,22,20,24,36,51,63,73,10,62
[ 10] Received message from  36: 1|0,66,85,1,22,20,24,36,51,63,73,9,10
[  9] Received message from  51: 1|0,66,85,1,22,20,24,36,51,63,73,9,61
[ 63] Received message from  22: 1|0,66,85,1,22,20,24,36,51,63,73
[ 36] Sent Broadcast: 1|0,66,85,1,22,20,24,36,51,63,73,9,10
[ 73] Received message from  22: 1|0,66,85,1,22,20,24,36,51,63,73
[ 22] Sent Broadcast: 1|0,66,85,1,22,20,24,36,51,63,73
[  9] Received message from  63: 1|0,66,85,1,22,20,24,36,51,63,73,9
[ 61] Received message from  51: 1|0,66,85,1,22,20,24,36,51,63,73,9,61
[ 63] Sent Broadcast: 1|0,66,85,1,22,20,24,36,51,63,73,9
[ 51] Sent Broadcast: 1|0,66,85,1,22,20,24,36,51,63,73,9,61
[ 12] Received message from  61: 1|0,66,85,1,22,20,24,36,51,63,73,9,61,12,90
[ 10] Received message from  73: 1|0,66,85,1,22,20,24,36,51,63,73,10,62
[ 90] Received message from  61: 1|0,66,85,1,22,20,24,36,51,63,73,9,61,12,90
[ 61] Sent Broadcast: 1|0,66,85,1,22,20,24,36,51,63,73,9,61,12,90
[ 62] Received message from  73: 1|0,66,85,1,22,20,24,36,51,63,73,10,62
[ 80] Received message from  90: 1|0,66,85,1,22,20,24,36,51,63,73,9,61,12,90,80,100
[ 82] Received message from  12: 1|0,66,85,1,22,20,24,36,51,63,73,9,61,12,90,82,100
[ 73] Sent Broadcast: 1|0,66,85,1,22,20,24,36,51,63,73,10,62
[  4] Received message from  82: 1|0,66,85,1,22,20,24,36,51,63,73,9,61,12,90,82,100,4,68
[100] Received message from  90: 1|0,66,85,1,22,20,24,36,51,63,73,9,61,12,90,80,100
[ 90] Sent Broadcast: 1|0,66,85,1,22,20,24,36,51,63,73,9,61,12,90,80,100
[ 55] Received message from  80: 1|0,66,85,1,22,20,24,36,51,63,73,9,61,12,90,80,100,55
[100] Received message from  12: 1|0,66,85,1,22,20,24,36,51,63,73,9,61,12,90,82,100
[ 80] Sent Broadcast: 1|0,66,85,1,22,20,24,36,51,63,73,9,61,12,90,80,100,55
[ 12] Sent Broadcast: 1|0,66,85,1,22,20,24,36,51,63,73,9,61,12,90,82,100
[ 68] Received message from  82: 1|0,66,85,1,22,20,24,36,51,63,73,9,61,12,90,82,100,4,68
[ 68] Received message from 100: 1|0,66,85,1,22,20,24,36,51,63,73,9,61,12,90,80,100,68,82
[ 14] Received message from   4: 1|0,66,85,1,22,20,24,36,51,63,73,9,61,12,90,82,100,4,68,14,59
[ 82] Sent Broadcast: 1|0,66,85,1,22,20,24,36,51,63,73,9,61,12,90,82,100,4,68
[ 64] Received message from  55: 1|0,66,85,1,22,20,24,36,51,63,73,9,61,12,90,80,100,55,64,92
[ 59] Received message from   4: 1|0,66,85,1,22,20,24,36,51,63,73,9,61,12,90,82,100,4,68,14,59
[ 82] Received message from 100: 1|0,66,85,1,22,20,24,36,51,63,73,9,61,12,90,80,100,68,82
[  4] Sent Broadcast: 1|0,66,85,1,22,20,24,36,51,63,73,9,61,12,90,82,100,4,68,14,59
[100] Sent Broadcast: 1|0,66,85,1,22,20,24,36,51,63,73,9,61,12,90,80,100,68,82
[ 92] Received message from  55: 1|0,66,85,1,22,20,24,36,51,63,73,9,61,12,90,80,100,55,64,92
[ 55] Sent Broadcast: 1|0,66,85,1,22,20,24,36,51,63,73,9,61,12,90,80,100,55,64,92
[ 29] Received message from  64: 1|0,66,85,1,22,20,24,36,51,63,73,9,61,12,90,80,100,55,64,92,29,98
[ 98] Received message from  64: 1|0,66,85,1,22,20,24,36,51,63,73,9,61,12,90,80,100,55,64,92,29,98
[ 64] Sent Broadcast: 1|0,66,85,1,22,20,24,36,51,63,73,9,61,12,90,80,100,55,64,92,29,98
[  2] Received message from  98: 1|0,66,85,1,22,20,24,36,51,63,73,9,61,12,90,80,100,55,64,92,29,98,2,7,76
[  7] Received message from  98: 1|0,66,85,1,22,20,24,36,51,63,73,9,61,12,90,80,100,55,64,92,29,98,2,7,76
[ 56] Received message from   2: 1|0,66,85,1,22,20,24,36,51,63,73,9,61,12,90,80,100,55,64,92,29,98,2,7,76,56,81
[ 48] Received message from   7: 1|0,66,85,1,22,20,24,36,51,63,73,9,61,12,90,80,100,55,64,92,29,98,2,7,76,48,56,81
[ 76] Received message from  98: 1|0,66,85,1,22,20,24,36,51,63,73,9,61,12,90,80,100,55,64,92,29,98,2,7,76
[ 81] Received message from   2: 1|0,66,85,1,22,20,24,36,51,63,73,9,61,12,90,80,100,55,64,92,29,98,2,7,76,56,81
[ 98] Sent Broadcast: 1|0,66,85,1,22,20,24,36,51,63,73,9,61,12,90,80,100,55,64,92,29,98,2,7,76
[  2] Sent Broadcast: 1|0,66,85,1,22,20,24,36,51,63,73,9,61,12,90,80,100,55,64,92,29,98,2,7,76,56,81
[ 56] Received message from   7: 1|0,66,85,1,22,20,24,36,51,63,73,9,61,12,90,80,100,55,64,92,29,98,2,7,76,48,56,81
[ 50] Received message from  56: 1|0,66,85,1,22,20,24,36,51,63,73,9,61,12,90,80,100,55,64,92,29,98,2,7,76,56,81,50
[ 50] Received message from  76: 1|0,66,85,1,22,20,24,36,51,63,73,9,61,12,90,80,100,55,64,92,29,98,2,7,76,50,56,81
[ 72] Received message from  48: 1|0,66,85,1,22,20,24,36,51,63,73,9,61,12,90,80,100,55,64,92,29,98,2,7,76,48,56,81,72
[ 50] Received message from  81: 1|0,66,85,1,22,20,24,36,51,63,73,9,61,12,90,80,100,55,64,92,29,98,2,7,76,56,81,50
[ 48] Sent Broadcast: 1|0,66,85,1,22,20,24,36,51,63,73,9,61,12,90,80,100,55,64,92,29,98,2,7,76,48,56,81,72
[ 44] Received message from  50: 1|0,66,85,1,22,20,24,36,51,63,73,9,61,12,90,80,100,55,64,92,29,98,2,7,76,56,81,50,44
[ 56] Sent Broadcast: 1|0,66,85,1,22,20,24,36,51,63,73,9,61,12,90,80,100,55,64,92,29,98,2,7,76,56,81,50
[ 81] Sent Broadcast: 1|0,66,85,1,22,20,24,36,51,63,73,9,61,12,90,80,100,55,64,92,29,98,2,7,76,56,81,50
[ 50] Sent Broadcast: 1|0,66,85,1,22,20,24,36,51,63,73,9,61,12,90,80,100,55,64,92,29,98,2,7,76,56,81,50,44
[ 56] Received message from  76: 1|0,66,85,1,22,20,24,36,51,63,73,9,61,12,90,80,100,55,64,92,29,98,2,7,76,50,56,81
[ 49] Received message from  72: 1|0,66,85,1,22,20,24,36,51,63,73,9,61,12,90,80,100,55,64,92,29,98,2,7,76,48,56,81,72,49
[ 72] Sent Broadcast: 1|0,66,85,1,22,20,24,36,51,63,73,9,61,12,90,80,100,55,64,92,29,98,2,7,76,48,56,81,72,49
[ 32] Received message from  44: 1|0,66,85,1,22,20,24,36,51,63,73,9,61,12,90,80,100,55,64,92,29,98,2,7,76,56,81,50,44,32,46,75,88
[ 81] Received message from   7: 1|0,66,85,1,22,20,24,36,51,63,73,9,61,12,90,80,100,55,64,92,29,98,2,7,76,48,56,81
[ 81] Received message from  76: 1|0,66,85,1,22,20,24,36,51,63,73,9,61,12,90,80,100,55,64,92,29,98,2,7,76,50,56,81
[  7] Sent Broadcast: 1|0,66,85,1,22,20,24,36,51,63,73,9,61,12,90,80,100,55,64,92,29,98,2,7,76,48,56,81
[ 76] Sent Broadcast: 1|0,66,85,1,22,20,24,36,51,63,73,9,61,12,90,80,100,55,64,92,29,98,2,7,76,50,56,81
[ 46] Received message from  44: 1|0,66,85,1,22,20,24,36,51,63,73,9,61,12,90,80,100,55,64,92,29,98,2,7,76,56,81,50,44,32,46,75,88
[ 30] Received message from  32: 1|0,66,85,1,22,20,24,36,51,63,73,9,61,12,90,80,100,55,64,92,29,98,2,7,76,56,81,50,44,32,46,75,88,30
[ 32] Sent Broadcast: 1|0,66,85,1,22,20,24,36,51,63,73,9,61,12,90,80,100,55,64,92,29,98,2,7,76,56,81,50,44,32,46,75,88,30
[ 30] Received message from  46: 1|0,66,85,1,22,20,24,36,51,63,73,9,61,12,90,80,100,55,64,92,29,98,2,7,76,56,81,50,44,32,46,75,88,30
[ 46] Sent Broadcast: 1|0,66,85,1,22,20,24,36,51,63,73,9,61,12,90,80,100,55,64,92,29,98,2,7,76,56,81,50,44,32,46,75,88,30
[ 75] Received message from  44: 1|0,66,85,1,22,20,24,36,51,63,73,9,61,12,90,80,100,55,64,92,29,98,2,7,76,56,81,50,44,32,46,75,88
[  8] Received message from  30: 1|0,66,85,1,22,20,24,36,51,63,73,9,61,12,90,80,100,55,64,92,29,98,2,7,76,56,81,50,44,32,46,75,88,30,8,69
[ 30] Received message from  75: 1|0,66,85,1,22,20,24,36,51,63,73,9,61,12,90,80,100,55,64,92,29,98,2,7,76,56,81,50,44,32,46,75,88,30,65
[ 88] Received message from  44: 1|0,66,85,1,22,20,24,36,51,63,73,9,61,12,90,80,100,55,64,92,29,98,2,7,76,56,81,50,44,32,46,75,88
[ 13] Received message from   8: 1|0,66,85,1,22,20,24,36,51,63,73,9,61,12,90,80,100,55,64,92,29,98,2,7,76,56,81,50,44,32,46,75,88,30,8,69,13,28
[ 69] Received message from  30: 1|0,66,85,1,22,20,24,36,51,63,73,9,61,12,90,80,100,55,64,92,29,98,2,7,76,56,81,50,44,32,46,75,88,30,8,69
[ 44] Sent Broadcast: 1|0,66,85,1,22,20,24,36,51,63,73,9,61,12,90,80,100,55,64,92,29,98,2,7,76,56,81,50,44,32,46,75,88
[ 30] Sent Broadcast: 1|0,66,85,1,22,20,24,36,51,63,73,9,61,12,90,80,100,55,64,92,29,98,2,7,76,56,81,50,44,32,46,75,88,30,8,69
[ 65] Received message from  75: 1|0,66,85,1,22,20,24,36,51,63,73,9,61,12,90,80,100,55,64,92,29,98,2,7,76,56,81,50,44,32,46,75,88,30,65
[ 23] Received message from  88: 1|0,66,85,1,22,20,24,36,51,63,73,9,61,12,90,80,100,55,64,92,29,98,2,7,76,56,81,50,44,32,46,75,88,23,30,65
[ 28] Received message from   8: 1|0,66,85,1,22,20,24,36,51,63,73,9,61,12,90,80,100,55,64,92,29,98,2,7,76,56,81,50,44,32,46,75,88,30,8,69,13,28
[ 75] Sent Broadcast: 1|0,66,85,1,22,20,24,36,51,63,73,9,61,12,90,80,100,55,64,92,29,98,2,7,76,56,81,50,44,32,46,75,88,30,65
[  8] Sent Broadcast: 1|0,66,85,1,22,20,24,36,51,63,73,9,61,12,90,80,100,55,64,92,29,98,2,7,76,56,81,50,44,32,46,75,88,30,8,69,13,28
[ 23] Received message from  13: 1|0,66,85,1,22,20,24,36,51,63,73,9,61,12,90,80,100,55,64,92,29,98,2,7,76,56,81,50,44,32,46,75,88,30,8,69,13,28,23
[ 13] Sent Broadcast: 1|0,66,85,1,22,20,24,36,51,63,73,9,61,12,90,80,100,55,64,92,29,98,2,7,76,56,81,50,44,32,46,75,88,30,8,69,13,28,23
[ 30] Received message from  88: 1|0,66,85,1,22,20,24,36,51,63,73,9,61,12,90,80,100,55,64,92,29,98,2,7,76,56,81,50,44,32,46,75,88,23,30,65
[ 13] Received message from  23: 1|0,66,85,1,22,20,24,36,51,63,73,9,61,12,90,80,100,55,64,92,29,98,2,7,76,56,81,50,44,32,46,75,88,23,30,65,13
[ 18] Received message from  65: 1|0,66,85,1,22,20,24,36,51,63,73,9,61,12,90,80,100,55,64,92,29,98,2,7,76,56,81,50,44,32,46,75,88,30,65,18,23,57
[ 23] Sent Broadcast: 1|0,66,85,1,22,20,24,36,51,63,73,9,61,12,90,80,100,55,64,92,29,98,2,7,76,56,81,50,44,32,46,75,88,23,30,65,13
[ 28] Received message from  69: 1|0,66,85,1,22,20,24,36,51,63,73,9,61,12,90,80,100,55,64,92,29,98,2,7,76,56,81,50,44,32,46,75,88,30,8,69,28
[ 69] Sent Broadcast: 1|0,66,85,1,22,20,24,36,51,63,73,9,61,12,90,80,100,55,64,92,29,98,2,7,76,56,81,50,44,32,46,75,88,30,8,69,28
[ 23] Received message from  65: 1|0,66,85,1,22,20,24,36,51,63,73,9,61,12,90,80,100,55,64,92,29,98,2,7,76,56,81,50,44,32,46,75,88,30,65,18,23,57
[ 65] Received message from  88: 1|0,66,85,1,22,20,24,36,51,63,73,9,61,12,90,80,100,55,64,92,29,98,2,7,76,56,81,50,44,32,46,75,88,23,30,65
[ 88] Sent Broadcast: 1|0,66,85,1,22,20,24,36,51,63,73,9,61,12,90,80,100,55,64,92,29,98,2,7,76,56,81,50,44,32,46,75,88,23,30,65
[ 57] Received message from  65: 1|0,66,85,1,22,20,24,36,51,63,73,9,61,12,90,80,100,55,64,92,29,98,2,7,76,56,81,50,44,32,46,75,88,30,65,18,23,57
[ 13] Received message from  28: 1|0,66,85,1,22,20,24,36,51,63,73,9,61,12,90,80,100,55,64,92,29,98,2,7,76,56,81,50,44,32,46,75,88,30,8,69,28,13
[ 28] Sent Broadcast: 1|0,66,85,1,22,20,24,36,51,63,73,9,61,12,90,80,100,55,64,92,29,98,2,7,76,56,81,50,44,32,46,75,88,30,8,69,28,13
[ 65] Sent Broadcast: 1|0,66,85,1,22,20,24,36,51,63,73,9,61,12,90,80,100,55,64,92,29,98,2,7,76,56,81,50,44,32,46,75,88,30,65,18,23,57
[ 41] Received message from  18: 1|0,66,85,1,22,20,24,36,51,63,73,9,61,12,90,80,100,55,64,92,29,98,2,7,76,56,81,50,44,32,46,75,88,30,65,18,23,57,41
[ 60] Received message from  57: 1|0,66,85,1,22,20,24,36,51,63,73,9,61,12,90,80,100,55,64,92,29,98,2,7,76,56,81,50,44,32,46,75,88,30,65,18,23,57,60
[ 57] Sent Broadcast: 1|0,66,85,1,22,20,24,36,51,63,73,9,61,12,90,80,100,55,64,92,29,98,2,7,76,56,81,50,44,32,46,75,88,30,65,18,23,57,60
[ 18] Sent Broadcast: 1|0,66,85,1,22,20,24,36,51,63,73,9,61,12,90,80,100,55,64,92,29,98,2,7,76,56,81,50,44,32,46,75,88,30,65,18,23,57,41
[ 53] Received message from  41: 1|0,66,85,1,22,20,24,36,51,63,73,9,61,12,90,80,100,55,64,92,29,98,2,7,76,56,81,50,44,32,46,75,88,30,65,18,23,57,41,53,95
[ 95] Received message from  41: 1|0,66,85,1,22,20,24,36,51,63,73,9,61,12,90,80,100,55,64,92,29,98,2,7,76,56,81,50,44,32,46,75,88,30,65,18,23,57,41,53,95
[ 70] Received message from  60: 1|0,66,85,1,22,20,24,36,51,63,73,9,61,12,90,80,100,55,64,92,29,98,2,7,76,56,81,50,44,32,46,75,88,30,65,18,23,57,60,70
[ 41] Sent Broadcast: 1|0,66,85,1,22,20,24,36,51,63,73,9,61,12,90,80,100,55,64,92,29,98,2,7,76,56,81,50,44,32,46,75,88,30,65,18,23,57,41,53,95
[ 60] Sent Broadcast: 1|0,66,85,1,22,20,24,36,51,63,73,9,61,12,90,80,100,55,64,92,29,98,2,7,76,56,81,50,44,32,46,75,88,30,65,18,23,57,60,70
[ 93] Received message from  95: 1|0,66,85,1,22,20,24,36,51,63,73,9,61,12,90,80,100,55,64,92,29,98,2,7,76,56,81,50,44,32,46,75,88,30,65,18,23,57,41,53,95,93
[ 95] Sent Broadcast: 1|0,66,85,1,22,20,24,36,51,63,73,9,61,12,90,80,100,55,64,92,29,98,2,7,76,56,81,50,44,32,46,75,88,30,65,18,23,57,41,53,95,93
[ 45] Received message from  70: 1|0,66,85,1,22,20,24,36,51,63,73,9,61,12,90,80,100,55,64,92,29,98,2,7,76,56,81,50,44,32,46,75,88,30,65,18,23,57,60,70,45
[ 70] Sent Broadcast: 1|0,66,85,1,22,20,24,36,51,63,73,9,61,12,90,80,100,55,64,92,29,98,2,7,76,56,81,50,44,32,46,75,88,30,65,18,23,57,60,70,45
[ 58] Received message from  45: 1|0,66,85,1,22,20,24,36,51,63,73,9,61,12,90,80,100,55,64,92,29,98,2,7,76,56,81,50,44,32,46,75,88,30,65,18,23,57,60,70,45,58
[ 45] Sent Broadcast: 1|0,66,85,1,22,20,24,36,51,63,73,9,61,12,90,80,100,55,64,92,29,98,2,7,76,56,81,50,44,32,46,75,88,30,65,18,23,57,60,70,45,58
[  5] Received message from   3: 3|0,5,6,39
[  6] Received message from   3: 3|0,5,6,39
[ 42] Received message from   5: 3|0,5,6,39,3,42,79,84
[ 39] Received message from   3: 3|0,5,6,39
[ 91] Received message from   6: 3|0,5,6,39,3,91
[  3] Sent Broadcast: 3|0,5,6,39
[  6] Sent Broadcast: 3|0,5,6,39,3,91
[ 79] Received message from   5: 3|0,5,6,39,3,42,79,84
[ 91] Received message from  39: 3|0,5,6,39,3,91
[ 39] Sent Broadcast: 3|0,5,6,39,3,91
[ 47] Received message from  79: 3|0,5,6,39,3,42,79,84,47,74
[ 84] Received message from   5: 3|0,5,6,39,3,42,79,84
[  5] Sent Broadcast: 3|0,5,6,39,3,42,79,84
[ 74] Received message from  79: 3|0,5,6,39,3,42,79,84,47,74
[ 79] Sent Broadcast: 3|0,5,6,39,3,42,79,84,47,74
[ 47] Received message from  84: 3|0,5,6,39,3,42,79,84,47,74
[ 74] Received message from  84: 3|0,5,6,39,3,42,79,84,47,74
[ 84] Sent Broadcast: 3|0,5,6,39,3,42,79,84,47,74
[ 17] Received message from  11: 11|0,17,21
[ 21] Received message from  11: 11|0,17,21
[ 11] Sent Broadcast: 11|0,17,21
[ 71] Received message from  17: 11|0,17,21,11,71,83
[ 83] Received message from  17: 11|0,17,21,11,71,83
[ 17] Sent Broadcast: 11|0,17,21,11,71,83
[ 83] Received message from  21: 11|0,17,21,11,83
[ 21] Sent Broadcast: 11|0,17,21,11,83
[ 37] Received message from  15: 15|0,37
[ 15] Sent Broadcast: 15|0,37
[ 25] Received message from  16: 16|0,25,26,31,87
[ 26] Received message from  16: 16|0,25,26,31,87
[ 33] Received message from  25: 16|0,25,26,31,87,16,33
[ 25] Sent Broadcast: 16|0,25,26,31,87,16,33
[ 31] Received message from  16: 16|0,25,26,31,87
[ 87] Received message from  16: 16|0,25,26,31,87
[ 52] Received message from  33: 16|0,25,26,31,87,16,33,52,67
[ 33] Received message from  31: 16|0,25,26,31,87,16,33,52,67
[ 16] Sent Broadcast: 16|0,25,26,31,87
[ 52] Received message from  31: 16|0,25,26,31,87,16,33,52,67
[ 33] Received message from  87: 16|0,25,26,31,87,16,33,52,67
[ 67] Received message from  33: 16|0,25,26,31,87,16,33,52,67
[ 33] Sent Broadcast: 16|0,25,26,31,87,16,33,52,67
[ 67] Received message from  31: 16|0,25,26,31,87,16,33,52,67
[ 31] Sent Broadcast: 16|0,25,26,31,87,16,33,52,67
[ 52] Received message from  87: 16|0,25,26,31,87,16,33,52,67
[ 67] Received message from  87: 16|0,25,26,31,87,16,33,52,67
[ 87] Sent Broadcast: 16|0,25,26,31,87,16,33,52,67
[ 96] Received message from  19: 19|0,96,97
[ 97] Received message from  19: 19|0,96,97
[ 43] Received message from  96: 19|0,96,97,19,43,78
[ 19] Sent Broadcast: 19|0,96,97
[ 94] Received message from  97: 19|0,96,97,19,94
[ 97] Sent Broadcast: 19|0,96,97,19,94
[ 78] Received message from  96: 19|0,96,97,19,43,78
[ 96] Sent Broadcast: 19|0,96,97,19,43,78
[ 89] Received message from  27: 27|0,89
[ 27] Sent Broadcast: 27|0,89
[ 86] Received message from  34: 34|0,86
[ 34] Sent Broadcast: 34|0,86
[ 35] Received message from  86: 34|0,86,34,35,38
[ 38] Received message from  86: 34|0,86,34,35,38
[ 86] Sent Broadcast: 34|0,86,34,35,38
[ 99] Received message from  40: 40|0,99
[ 40] Sent Broadcast: 40|0,99
