[ 62] Received message from   1: 1|0,62,77,79,80,92
[ 77] Received message from   1: 1|0,62,77,79,80,92
[ 79] Received message from   1: 1|0,62,77,79,80,92
[ 29] Received message from  62: 1|0,62,77,79,80,92,1,29,53
[ 76] Received message from  79: 1|0,62,77,79,80,92,1,76
[ 79] Sent Broadcast: 1|0,62,77,79,80,92,1,76
[ 80] Received message from   1: 1|0,62,77,79,80,92
[ 92] Received message from   1: 1|0,62,77,79,80,92
[ 76] Received message from  77: 1|0,62,77,79,80,92,1,76
[ 29] Received message from  80: 1|0,62,77,79,80,92,1,29
[  1] Sent Broadcast: 1|0,62,77,79,80,92
[ 77] Sent Broadcast: 1|0,62,77,79,80,92,1,76
[ 80] Sent Broadcast: 1|0,62,77,79,80,92,1,29
[ 53] Received message from  62: 1|0,62,77,79,80,92,1,29,53
[ 62] Sent Broadcast: 1|0,62,77,79,80,92,1,29,53
[ 99] Received message from   2: 2|0,99
[  2] Sent Broadcast: 2|0,99
[ 16] Received message from  99: 2|0,99,2,16,19,35,38,40,54,89
[ 19] Received message from  99: 2|0,99,2,16,19,35,38,40,54,89
[ 35] Received message from  99: 2|0,99,2,16,19,35,38,40,54,89
[ 31] Received message from  16: 2|0,99,2,16,19,35,38,40,54,89,31
[ 16] Sent Broadcast: 2|0,99,2,16,19,35,38,40,54,89,31
[ 38] Received message from  99: 2|0,99,2,16,19,35,38,40,54,89
[ 40] Received message from  99: 2|0,99,2,16,19,35,38,40,54,89
[ 54] Received message from  99: 2|0,99,2,16,19,35,38,40,54,89
[ 89] Received message from  99: 2|0,99,2,16,19,35,38,40,54,89
[  4] Received message from  35: 2|0,99,2,16,19,35,38,40,54,89,4,69
[ 99] Sent Broadcast: 2|0,99,2,16,19,35,38,40,54,89
[ 31] Received message from  19: 2|0,99,2,16,19,35,38,40,54,89,31,69
[ 69] Received message from  35: 2|0,99,2,16,19,35,38,40,54,89,4,69
[ 35] Sent Broadcast: 2|0,99,2,16,19,35,38,40,54,89,4,69
[ 31] Received message from  54: 2|0,99,2,16,19,35,38,40,54,89,31
[  7] Received message from   4: 2|0,99,2,16,19,35,38,40,54,89,4,69,7,81,83,98
[ 69] Received message from  19: 2|0,99,2,16,19,35,38,40,54,89,31,69
[ 54] Sent Broadcast: 2|0,99,2,16,19,35,38,40,54,89,31
[ 19] Sent Broadcast: 2|0,99,2,16,19,35,38,40,54,89,31,69
[ 52] Received message from   7: 2|0,99,2,16,19,35,38,40,54,89,4,69,7,81,83,98,52
[  7] Sent Broadcast: 2|0,99,2,16,19,35,38,40,54,89,4,69,7,81,83,98,52
[ 81] Received message from   4: 2|0,99,2,16,19,35,38,40,54,89,4,69,7,81,83,98
[  4] Received message from  38: 2|0,99,2,16,19,35,38,40,54,89,4,69
[ 83] Received message from   4: 2|0,99,2,16,19,35,38,40,54,89,4,69,7,81,83,98
[ 69] Received message from  38: 2|0,99,2,16,19,35,38,40,54,89,4,69
[ 98] Received message from   4: 2|0,99,2,16,19,35,38,40,54,89,4,69,7,81,83,98
[ 38] Sent Broadcast: 2|0,99,2,16,19,35,38,40,54,89,4,69
[ 52] Received message from  83: 2|0,99,2,16,19,35,38,40,54,89,4,69,7,81,83,98,52
[  4] Sent Broadcast: 2|0,99,2,16,19,35,38,40,54,89,4,69,7,81,83,98
[  4] Received message from  40: 2|0,99,2,16,19,35,38,40,54,89,4,69,81
[ 83] Sent Broadcast: 2|0,99,2,16,19,35,38,40,54,89,4,69,7,81,83,98,52
[ 69] Received message from  40: 2|0,99,2,16,19,35,38,40,54,89,4,69,81
[ 81] Received message from  40: 2|0,99,2,16,19,35,38,40,54,89,4,69,81
[ 90] Received message from  52: 2|0,99,2,16,19,35,38,40,54,89,4,69,7,81,83,98,52,90,91
[ 40] Sent Broadcast: 2|0,99,2,16,19,35,38,40,54,89,4,69,81
[ 94] Received message from  90: 2|0,99,2,16,19,35,38,40,54,89,4,69,7,81,83,98,52,90,91,94
[  4] Received message from  89: 2|0,99,2,16,19,35,38,40,54,89,4,7,69,81
[ 91] Received message from  52: 2|0,99,2,16,19,35,38,40,54,89,4,69,7,81,83,98,52,90,91
[ 90] Sent Broadcast: 2|0,99,2,16,19,35,38,40,54,89,4,69,7,81,83,98,52,90,91,94
[ 52] Sent Broadcast: 2|0,99,2,16,19,35,38,40,54,89,4,69,7,81,83,98,52,90,91
[  7] Received message from  89: 2|0,99,2,16,19,35,38,40,54,89,4,7,69,81
[ 94] Received message from  91: 2|0,99,2,16,19,35,38,40,54,89,4,69,7,81,83,98,52,90,91,94
[ 69] Received message from  89: 2|0,99,2,16,19,35,38,40,54,89,4,7,69,81
[ 91] Sent Broadcast: 2|0,99,2,16,19,35,38,40,54,89,4,69,7,81,83,98,52,90,91,94
[ 81] Received message from  89: 2|0,99,2,16,19,35,38,40,54,89,4,7,69,81
[ 89] Sent Broadcast: 2|0,99,2,16,19,35,38,40,54,89,4,7,69,81
[ 48] Received message from   3: 3|0,48,59
[ 59] Received message from   3: 3|0,48,59
[  3] Sent Broadcast: 3|0,48,59
[ 24] Received message from   5: 5|0,24,30,64,96
[ 44] Received message from  24: 5|0,24,30,64,96,5,44
[ 24] Sent Broadcast: 5|0,24,30,64,96,5,44
[ 30] Received message from   5: 5|0,24,30,64,96
[ 64] Received message from   5: 5|0,24,30,64,96
[ 26] Received message from  44: 5|0,24,30,64,96,5,44,26,78
[ 46] Received message from  30: 5|0,24,30,64,96,5,46
[ 30] Sent Broadcast: 5|0,24,30,64,96,5,46
[ 96] Received message from   5: 5|0,24,30,64,96
[  5] Sent Broadcast: 5|0,24,30,64,96
[ 46] Received message from  96: 5|0,24,30,64,96,5,46
[ 78] Received message from  44: 5|0,24,30,64,96,5,44,26,78
[ 82] Received message from  46: 5|0,24,30,64,96,5,46,82
[ 96] Sent Broadcast: 5|0,24,30,64,96,5,46
[ 13] Received message from  26: 5|0,24,30,64,96,5,44,26,78,13,32,33
[ 44] Sent Broadcast: 5|0,24,30,64,96,5,44,26,78
[ 46] Sent Broadcast: 5|0,24,30,64,96,5,46,82
[ 32] Received message from  26: 5|0,24,30,64,96,5,44,26,78,13,32,33
[ 49] Received message from  64: 5|0,24,30,64,96,5,49,51
[ 71] Received message from  13: 5|0,24,30,64,96,5,44,26,78,13,32,33,71
[ 13] Sent Broadcast: 5|0,24,30,64,96,5,44,26,78,13,32,33,71
[ 33] Received message from  26: 5|0,24,30,64,96,5,44,26,78,13,32,33
[ 41] Received message from  82: 5|0,24,30,64,96,5,46,82,41,74
[ 26] Sent Broadcast: 5|0,24,30,64,96,5,44,26,78,13,32,33
[ 51] Received message from  64: 5|0,24,30,64,96,5,49,51
[ 64] Sent Broadcast: 5|0,24,30,64,96,5,49,51
[ 74] Received message from  82: 5|0,24,30,64,96,5,46,82,41,74
[ 71] Received message from  33: 5|0,24,30,64,96,5,44,26,78,13,32,33,71
[ 82] Sent Broadcast: 5|0,24,30,64,96,5,46,82,41,74
[ 33] Sent Broadcast: 5|0,24,30,64,96,5,44,26,78,13,32,33,71
[ 73] Received message from  78: 5|0,24,30,64,96,5,44,26,78,73
[ 78] Sent Broadcast: 5|0,24,30,64,96,5,44,26,78,73
[ 11] Received message from   6: 6|0,11,12,50
[ 12] Received message from   6: 6|0,11,12,50
[ 97] Received message from  11: 6|0,11,12,50,6,97
[ 50] Received message from   6: 6|0,11,12,50
[ 11] Sent Broadcast: 6|0,11,12,50,6,97
[ 63] Received message from  12: 6|0,11,12,50,6,63,97
[  6] Sent Broadcast: 6|0,11,12,50
[ 63] Received message from  97: 6|0,11,12,50,6,97,63
[ 97] Sent Broadcast: 6|0,11,12,50,6,97,63
[ 97] Received message from  12: 6|0,11,12,50,6,63,97
[ 12] Sent Broadcast: 6|0,11,12,50,6,63,97
[ 22] Received message from   8: 8|0,22
[  8] Sent Broadcast: 8|0,22
[ 39] Received message from   9: 9|0,39,45,47
[ 45] Received message from   9: 9|0,39,45,47
[ 47] Received message from   9: 9|0,39,45,47
[ 56] Received message from  39: 9|0,39,45,47,9,56
[  9] Sent Broadcast: 9|0,39,45,47
[ 39] Sent Broadcast: 9|0,39,45,47,9,56
[ 15] Received message from  47: 9|0,39,45,47,9,15,87
[ 42] Received message from  56: 9|0,39,45,47,9,56,42
[ 56] Sent Broadcast: 9|0,39,45,47,9,56,42
[ 87] Received message from  47: 9|0,39,45,47,9,15,87
[ 47] Sent Broadcast: 9|0,39,45,47,9,15,87
[ 61] Received message from  42: 9|0,39,45,47,9,56,42,61,70
[ 75] Received message from  15: 9|0,39,45,47,9,15,87,75
[ 67] Received message from  87: 9|0,39,45,47,9,15,87,67
[ 15] Sent Broadcast: 9|0,39,45,47,9,15,87,75
[ 87] Sent Broadcast: 9|0,39,45,47,9,15,87,67
[ 70] Received message from  42: 9|0,39,45,47,9,56,42,61,70
[ 42] Sent Broadcast: 9|0,39,45,47,9,56,42,61,70
[ 66] Received message from  75: 9|0,39,45,47,9,15,87,75,66,95
[ 95] Received message from  75: 9|0,39,45,47,9,15,87,75,66,95
[ 58] Received message from  66: 9|0,39,45,47,9,15,87,75,66,95,58
[ 75] Sent Broadcast: 9|0,39,45,47,9,15,87,75,66,95
[ 66] Sent Broadcast: 9|0,39,45,47,9,15,87,75,66,95,58
[ 58] Received message from  95: 9|0,39,45,47,9,15,87,75,66,95,58
[ 95] Sent Broadcast: 9|0,39,45,47,9,15,87,75,66,95,58
[ 68] Received message from  58: 9|0,39,45,47,9,15,87,75,66,95,58,68,84
[ 27] Received message from  68: 9|0,39,45,47,9,15,87,75,66,95,58,68,84,27
[ 84] Received message from  58: 9|0,39,45,47,9,15,87,75,66,95,58,68,84
[ 58] Sent Broadcast: 9|0,39,45,47,9,15,87,75,66,95,58,68,84
[ 68] Sent Broadcast: 9|0,39,45,47,9,15,87,75,66,95,58,68,84,27
[ 25] Received message from  27: 9|0,39,45,47,9,15,87,75,66,95,58,68,84,27,25,57,60
[ 27] Received message from  84: 9|0,39,45,47,9,15,87,75,66,95,58,68,84,27,60
[ 57] Received message from  27: 9|0,39,45,47,9,15,87,75,66,95,58,68,84,27,25,57,60
[ 60] Received message from  84: 9|0,39,45,47,9,15,87,75,66,95,58,68,84,27,60
[ 85] Received message from  25: 9|0,39,45,47,9,15,87,75,66,95,58,68,84,27,25,57,60,85
[ 84] Sent Broadcast: 9|0,39,45,47,9,15,87,75,66,95,58,68,84,27,60
[ 25] Sent Broadcast: 9|0,39,45,47,9,15,87,75,66,95,58,68,84,27,25,57,60,85
[ 60] Received message from  27: 9|0,39,45,47,9,15,87,75,66,95,58,68,84,27,25,57,60
[ 20] Received message from  57: 9|0,39,45,47,9,15,87,75,66,95,58,68,84,27,25,57,60,20
[ 27] Sent Broadcast: 9|0,39,45,47,9,15,87,75,66,95,58,68,84,27,25,57,60
[ 57] Sent Broadcast: 9|0,39,45,47,9,15,87,75,66,95,58,68,84,27,25,57,60,20
[ 20] Received message from  60: 9|0,39,45,47,9,15,87,75,66,95,58,68,84,27,60,20,25,57
[ 10] Received message from  85: 9|0,39,45,47,9,15,87,75,66,95,58,68,84,27,25,57,60,85,10,14,18,36,86
[ 25] Received message from  60: 9|0,39,45,47,9,15,87,75,66,95,58,68,84,27,60,20,25,57
[ 14] Received message from  85: 9|0,39,45,47,9,15,87,75,66,95,58,68,84,27,25,57,60,85,10,14,18,36,86
[ 17] Received message from  10: 9|0,39,45,47,9,15,87,75,66,95,58,68,84,27,25,57,60,85,10,14,18,36,86,17,23,65
[ 57] Received message from  60: 9|0,39,45,47,9,15,87,75,66,95,58,68,84,27,60,20,25,57
[ 60] Sent Broadcast: 9|0,39,45,47,9,15,87,75,66,95,58,68,84,27,60,20,25,57
[ 18] Received message from  85: 9|0,39,45,47,9,15,87,75,66,95,58,68,84,27,25,57,60,85,10,14,18,36,86
[ 23] Received message from  10: 9|0,39,45,47,9,15,87,75,66,95,58,68,84,27,25,57,60,85,10,14,18,36,86,17,23,65
[ 17] Received message from  14: 9|0,39,45,47,9,15,87,75,66,95,58,68,84,27,25,57,60,85,10,14,18,36,86,17,23
[ 28] Received message from  17: 9|0,39,45,47,9,15,87,75,66,95,58,68,84,27,25,57,60,85,10,14,18,36,86,17,23,65,28,43,100
[ 36] Received message from  85: 9|0,39,45,47,9,15,87,75,66,95,58,68,84,27,25,57,60,85,10,14,18,36,86
[ 23] Received message from  14: 9|0,39,45,47,9,15,87,75,66,95,58,68,84,27,25,57,60,85,10,14,18,36,86,17,23
[ 65] Received message from  10: 9|0,39,45,47,9,15,87,75,66,95,58,68,84,27,25,57,60,85,10,14,18,36,86,17,23,65
[ 14] Sent Broadcast: 9|0,39,45,47,9,15,87,75,66,95,58,68,84,27,25,57,60,85,10,14,18,36,86,17,23
[ 43] Received message from  17: 9|0,39,45,47,9,15,87,75,66,95,58,68,84,27,25,57,60,85,10,14,18,36,86,17,23,65,28,43,100
[ 23] Received message from  18: 9|0,39,45,47,9,15,87,75,66,95,58,68,84,27,25,57,60,85,10,14,18,36,86,23
[ 37] Received message from  28: 9|0,39,45,47,9,15,87,75,66,95,58,68,84,27,25,57,60,85,10,14,18,36,86,17,23,65,28,43,100,37
[ 10] Sent Broadcast: 9|0,39,45,47,9,15,87,75,66,95,58,68,84,27,25,57,60,85,10,14,18,36,86,17,23,65
[ 18] Sent Broadcast: 9|0,39,45,47,9,15,87,75,66,95,58,68,84,27,25,57,60,85,10,14,18,36,86,23
[ 28] Sent Broadcast: 9|0,39,45,47,9,15,87,75,66,95,58,68,84,27,25,57,60,85,10,14,18,36,86,17,23,65,28,43,100,37
[ 65] Received message from  36: 9|0,39,45,47,9,15,87,75,66,95,58,68,84,27,25,57,60,85,10,14,18,36,86,65
[ 86] Received message from  85: 9|0,39,45,47,9,15,87,75,66,95,58,68,84,27,25,57,60,85,10,14,18,36,86
[ 36] Sent Broadcast: 9|0,39,45,47,9,15,87,75,66,95,58,68,84,27,25,57,60,85,10,14,18,36,86,65
[100] Received message from  17: 9|0,39,45,47,9,15,87,75,66,95,58,68,84,27,25,57,60,85,10,14,18,36,86,17,23,65,28,43,100
[ 17] Sent Broadcast: 9|0,39,45,47,9,15,87,75,66,95,58,68,84,27,25,57,60,85,10,14,18,36,86,17,23,65,28,43,100
[ 85] Sent Broadcast: 9|0,39,45,47,9,15,87,75,66,95,58,68,84,27,25,57,60,85,10,14,18,36,86
[ 28] Received message from  65: 9|0,39,45,47,9,15,87,75,66,95,58,68,84,27,25,57,60,85,10,14,18,36,86,17,23,65,28,37,43
[ 37] Received message from  43: 9|0,39,45,47,9,15,87,75,66,95,58,68,84,27,25,57,60,85,10,14,18,36,86,17,23,65,28,43,100,37
[ 43] Sent Broadcast: 9|0,39,45,47,9,15,87,75,66,95,58,68,84,27,25,57,60,85,10,14,18,36,86,17,23,65,28,43,100,37
[ 37] Received message from  65: 9|0,39,45,47,9,15,87,75,66,95,58,68,84,27,25,57,60,85,10,14,18,36,86,17,23,65,28,37,43
[ 23] Received message from  86: 9|0,39,45,47,9,15,87,75,66,95,58,68,84,27,25,57,60,85,10,14,18,36,86,23
[ 86] Sent Broadcast: 9|0,39,45,47,9,15,87,75,66,95,58,68,84,27,25,57,60,85,10,14,18,36,86,23
[ 37] Received message from 100: 9|0,39,45,47,9,15,87,75,66,95,58,68,84,27,25,57,60,85,10,14,18,36,86,17,23,65,28,43,100,37,88
[ 43] Received message from  65: 9|0,39,45,47,9,15,87,75,66,95,58,68,84,27,25,57,60,85,10,14,18,36,86,17,23,65,28,37,43
[ 88] Received message from 100: 9|0,39,45,47,9,15,87,75,66,95,58,68,84,27,25,57,60,85,10,14,18,36,86,17,23,65,28,43,100,37,88
[ 65] Sent Broadcast: 9|0,39,45,47,9,15,87,75,66,95,58,68,84,27,25,57,60,85,10,14,18,36,86,17,23,65,28,37,43
[100] Sent Broadcast: 9|0,39,45,47,9,15,87,75,66,95,58,68,84,27,25,57,60,85,10,14,18,36,86,17,23,65,28,43,100,37,88
[ 93] Received message from  88: 9|0,39,45,47,9,15,87,75,66,95,58,68,84,27,25,57,60,85,10,14,18,36,86,17,23,65,28,43,100,37,88,93
[ 88] Sent Broadcast: 9|0,39,45,47,9,15,87,75,66,95,58,68,84,27,25,57,60,85,10,14,18,36,86,17,23,65,28,43,100,37,88,93
[ 55] Received message from  21: 21|0,55
[ 21] Sent Broadcast: 21|0,55
[ 72] Received message from  34: 34|0,72
[ 34] Sent Broadcast: 34|0,72
