[  3] Received message from   1: 1|0,3,16,37
[ 16] Received message from   1: 1|0,3,16,37
[ 31] Received message from   3: 1|0,3,16,37,1,31,63,71
[ 37] Received message from   1: 1|0,3,16,37
[  1] Sent Broadcast: 1|0,3,16,37
[ 63] Received message from  16: 1|0,3,16,37,1,63,71
[ 76] Received message from  37: 1|0,3,16,37,1,76
[ 37] Sent Broadcast: 1|0,3,16,37,1,76
[ 63] Received message from   3: 1|0,3,16,37,1,31,63,71
[ 31] Received message from  63: 1|0,3,16,37,1,63,71,31
[ 63] Sent Broadcast: 1|0,3,16,37,1,63,71,31
[ 71] Received message from  16: 1|0,3,16,37,1,63,71
[ 16] Sent Broadcast: 1|0,3,16,37,1,63,71
[ 71] Received message from   3: 1|0,3,16,37,1,31,63,71
[  3] Sent Broadcast: 1|0,3,16,37,1,31,63,71
[ 10] Received message from  71: 1|0,3,16,37,1,63,71,10,31
[ 31] Received message from  71: 1|0,3,16,37,1,63,71,10,31
[ 71] Sent Broadcast: 1|0,3,16,37,1,63,71,10,31
[  9] Received message from  10: 1|0,3,16,37,1,63,71,10,31,9,24,98
[ 24] Received message from  10: 1|0,3,16,37,1,63,71,10,31,9,24,98
[ 18] Received message from   9: 1|0,3,16,37,1,63,71,10,31,9,24,98,18,26,69
[ 98] Received message from  10: 1|0,3,16,37,1,63,71,10,31,9,24,98
[ 10] Sent Broadcast: 1|0,3,16,37,1,63,71,10,31,9,24,98
[ 26] Received message from   9: 1|0,3,16,37,1,63,71,10,31,9,24,98,18,26,69
[ 21] Received message from  24: 1|0,3,16,37,1,63,71,10,31,9,24,98,21,26,57
[ 26] Received message from  24: 1|0,3,16,37,1,63,71,10,31,9,24,98,21,26,57
[ 69] Received message from   9: 1|0,3,16,37,1,63,71,10,31,9,24,98,18,26,69
[  9] Sent Broadcast: 1|0,3,16,37,1,63,71,10,31,9,24,98,18,26,69
[ 18] Received message from  21: 1|0,3,16,37,1,63,71,10,31,9,24,98,21,26,57,18,69
[ 57] Received message from  24: 1|0,3,16,37,1,63,71,10,31,9,24,98,21,26,57
[ 69] Received message from  21: 1|0,3,16,37,1,63,71,10,31,9,24,98,21,26,57,18,69
[ 21] Received message from  18: 1|0,3,16,37,1,63,71,10,31,9,24,98,18,26,69,21,99
[ 24] Sent Broadcast: 1|0,3,16,37,1,63,71,10,31,9,24,98,21,26,57
[ 21] Sent Broadcast: 1|0,3,16,37,1,63,71,10,31,9,24,98,21,26,57,18,69
[ 21] Received message from  98: 1|0,3,16,37,1,63,71,10,31,9,24,98,21,26,57
[ 21] Received message from  26: 1|0,3,16,37,1,63,71,10,31,9,24,98,18,26,69,21,57
[ 26] Received message from  98: 1|0,3,16,37,1,63,71,10,31,9,24,98,21,26,57
[ 21] Received message from  69: 1|0,3,16,37,1,63,71,10,31,9,24,98,18,26,69,21,99
[ 57] Received message from  26: 1|0,3,16,37,1,63,71,10,31,9,24,98,18,26,69,21,57
[ 26] Sent Broadcast: 1|0,3,16,37,1,63,71,10,31,9,24,98,18,26,69,21,57
[ 57] Received message from  98: 1|0,3,16,37,1,63,71,10,31,9,24,98,21,26,57
[ 99] Received message from  18: 1|0,3,16,37,1,63,71,10,31,9,24,98,18,26,69,21,99
[ 98] Sent Broadcast: 1|0,3,16,37,1,63,71,10,31,9,24,98,21,26,57
[ 18] Sent Broadcast: 1|0,3,16,37,1,63,71,10,31,9,24,98,18,26,69,21,99
[ 99] Received message from  69: 1|0,3,16,37,1,63,71,10,31,9,24,98,18,26,69,21,99
[ 69] Sent Broadcast: 1|0,3,16,37,1,63,71,10,31,9,24,98,18,26,69,21,99
[ 35] Received message from   2: 2|0,35,54
[ 54] Received message from   2: 2|0,35,54
[  2] Sent Broadcast: 2|0,35,54
[ 60] Received message from  35: 2|0,35,54,2,60,68
[ 59] Received message from  54: 2|0,35,54,2,59,60,68
[ 68] Received message from  35: 2|0,35,54,2,60,68
[ 35] Sent Broadcast: 2|0,35,54,2,60,68
[ 60] Received message from  54: 2|0,35,54,2,59,60,68
[ 68] Received message from  54: 2|0,35,54,2,59,60,68
[ 54] Sent Broadcast: 2|0,35,54,2,59,60,68
[ 79] Received message from  68: 2|0,35,54,2,60,68,79
[ 38] Received message from  59: 2|0,35,54,2,59,60,68,38,82
[ 68] Sent Broadcast: 2|0,35,54,2,60,68,79
[ 82] Received message from  59: 2|0,35,54,2,59,60,68,38,82
[ 59] Sent Broadcast: 2|0,35,54,2,59,60,68,38,82
[ 15] Received message from   4: 4|0,15,25
[ 25] Received message from   4: 4|0,15,25
[  4] Sent Broadcast: 4|0,15,25
[ 23] Received message from  25: 4|0,15,25,4,23,62
[  7] Received message from  15: 4|0,15,25,4,7,20,23,62,92
[ 62] Received message from  25: 4|0,15,25,4,23,62
[ 25] Sent Broadcast: 4|0,15,25,4,23,62
[ 20] Received message from  15: 4|0,15,25,4,7,20,23,62,92
[ 93] Received message from   7: 4|0,15,25,4,7,20,23,62,92,93
[  7] Sent Broadcast: 4|0,15,25,4,7,20,23,62,92,93
[ 23] Received message from  15: 4|0,15,25,4,7,20,23,62,92
[  8] Received message from  62: 4|0,15,25,4,23,62,8
[ 47] Received message from  93: 4|0,15,25,4,7,20,23,62,92,93,47
[ 62] Sent Broadcast: 4|0,15,25,4,23,62,8
[ 93] Sent Broadcast: 4|0,15,25,4,7,20,23,62,92,93,47
[ 55] Received message from  20: 4|0,15,25,4,7,20,23,62,92,55
[ 62] Received message from  15: 4|0,15,25,4,7,20,23,62,92
[ 20] Sent Broadcast: 4|0,15,25,4,7,20,23,62,92,55
[ 45] Received message from  47: 4|0,15,25,4,7,20,23,62,92,93,47,45,64,89,97
[ 92] Received message from  15: 4|0,15,25,4,7,20,23,62,92
[ 15] Sent Broadcast: 4|0,15,25,4,7,20,23,62,92
[ 14] Received message from   8: 4|0,15,25,4,23,62,8,14,40,81
[ 64] Received message from  47: 4|0,15,25,4,7,20,23,62,92,93,47,45,64,89,97
[ 55] Received message from  92: 4|0,15,25,4,7,20,23,62,92,55
[ 19] Received message from  45: 4|0,15,25,4,7,20,23,62,92,93,47,45,64,89,97,19
[ 40] Received message from   8: 4|0,15,25,4,23,62,8,14,40,81
[ 45] Sent Broadcast: 4|0,15,25,4,7,20,23,62,92,93,47,45,64,89,97,19
[ 89] Received message from  47: 4|0,15,25,4,7,20,23,62,92,93,47,45,64,89,97
[ 11] Received message from  14: 4|0,15,25,4,23,62,8,14,40,81,11
[ 92] Sent Broadcast: 4|0,15,25,4,7,20,23,62,92,55
[ 14] Sent Broadcast: 4|0,15,25,4,23,62,8,14,40,81,11
[ 90] Received message from  64: 4|0,15,25,4,7,20,23,62,92,93,47,45,64,89,97,90
[ 97] Received message from  47: 4|0,15,25,4,7,20,23,62,92,93,47,45,64,89,97
[ 64] Sent Broadcast: 4|0,15,25,4,7,20,23,62,92,93,47,45,64,89,97,90
[ 32] Received message from  89: 4|0,15,25,4,7,20,23,62,92,93,47,45,64,89,97,32,90
[ 81] Received message from   8: 4|0,15,25,4,23,62,8,14,40,81
[ 94] Received message from  11: 4|0,15,25,4,23,62,8,14,40,81,11,94
[ 47] Sent Broadcast: 4|0,15,25,4,7,20,23,62,92,93,47,45,64,89,97
[ 11] Sent Broadcast: 4|0,15,25,4,23,62,8,14,40,81,11,94
[  8] Sent Broadcast: 4|0,15,25,4,23,62,8,14,40,81
[ 11] Received message from  81: 4|0,15,25,4,23,62,8,14,40,81,11
[ 17] Received message from  32: 4|0,15,25,4,7,20,23,62,92,93,47,45,64,89,97,32,90,17
[ 81] Sent Broadcast: 4|0,15,25,4,23,62,8,14,40,81,11
[ 90] Received message from  89: 4|0,15,25,4,7,20,23,62,92,93,47,45,64,89,97,32,90
[ 89] Sent Broadcast: 4|0,15,25,4,7,20,23,62,92,93,47,45,64,89,97,32,90
[ 32] Sent Broadcast: 4|0,15,25,4,7,20,23,62,92,93,47,45,64,89,97,32,90,17
[ 32] Received message from  90: 4|0,15,25,4,7,20,23,62,92,93,47,45,64,89,97,90,32
[ 85] Received message from  94: 4|0,15,25,4,23,62,8,14,40,81,11,94,85
[ 90] Sent Broadcast: 4|0,15,25,4,7,20,23,62,92,93,47,45,64,89,97,90,32
[ 94] Sent Broadcast: 4|0,15,25,4,23,62,8,14,40,81,11,94,85
[ 12] Received message from  17: 4|0,15,25,4,7,20,23,62,92,93,47,45,64,89,97,32,90,17,12,29,56,65
[ 32] Received message from  97: 4|0,15,25,4,7,20,23,62,92,93,47,45,64,89,97,32,90
[ 29] Received message from  17: 4|0,15,25,4,7,20,23,62,92,93,47,45,64,89,97,32,90,17,12,29,56,65
[ 51] Received message from  85: 4|0,15,25,4,23,62,8,14,40,81,11,94,85,51,80,91
[ 90] Received message from  97: 4|0,15,25,4,7,20,23,62,92,93,47,45,64,89,97,32,90
[ 97] Sent Broadcast: 4|0,15,25,4,7,20,23,62,92,93,47,45,64,89,97,32,90
[ 56] Received message from  17: 4|0,15,25,4,7,20,23,62,92,93,47,45,64,89,97,32,90,17,12,29,56,65
[ 83] Received message from  12: 4|0,15,25,4,7,20,23,62,92,93,47,45,64,89,97,32,90,17,12,29,56,65,83
[ 12] Sent Broadcast: 4|0,15,25,4,7,20,23,62,92,93,47,45,64,89,97,32,90,17,12,29,56,65,83
[ 80] Received message from  85: 4|0,15,25,4,23,62,8,14,40,81,11,94,85,51,80,91
[ 65] Received message from  17: 4|0,15,25,4,7,20,23,62,92,93,47,45,64,89,97,32,90,17,12,29,56,65
[  5] Received message from  51: 4|0,15,25,4,23,62,8,14,40,81,11,94,85,51,80,91,5
[ 17] Sent Broadcast: 4|0,15,25,4,7,20,23,62,92,93,47,45,64,89,97,32,90,17,12,29,56,65
[ 51] Sent Broadcast: 4|0,15,25,4,23,62,8,14,40,81,11,94,85,51,80,91,5
[ 70] Received message from  29: 4|0,15,25,4,7,20,23,62,92,93,47,45,64,89,97,32,90,17,12,29,56,65,70,83
[ 36] Received message from  80: 4|0,15,25,4,23,62,8,14,40,81,11,94,85,51,80,91,36,53,72
[  5] Received message from  83: 4|0,15,25,4,7,20,23,62,92,93,47,45,64,89,97,32,90,17,12,29,56,65,83,5,70
[ 83] Received message from  29: 4|0,15,25,4,7,20,23,62,92,93,47,45,64,89,97,32,90,17,12,29,56,65,70,83
[ 91] Received message from  85: 4|0,15,25,4,23,62,8,14,40,81,11,94,85,51,80,91
[  5] Received message from  65: 4|0,15,25,4,7,20,23,62,92,93,47,45,64,89,97,32,90,17,12,29,56,65,5,83
[ 70] Received message from  83: 4|0,15,25,4,7,20,23,62,92,93,47,45,64,89,97,32,90,17,12,29,56,65,83,5,70
[ 83] Sent Broadcast: 4|0,15,25,4,7,20,23,62,92,93,47,45,64,89,97,32,90,17,12,29,56,65,83,5,70
[ 65] Received message from   5: 4|0,15,25,4,23,62,8,14,40,81,11,94,85,51,80,91,5,65,70,83
[ 29] Sent Broadcast: 4|0,15,25,4,7,20,23,62,92,93,47,45,64,89,97,32,90,17,12,29,56,65,70,83
[ 85] Sent Broadcast: 4|0,15,25,4,23,62,8,14,40,81,11,94,85,51,80,91
[  5] Received message from  70: 4|0,15,25,4,7,20,23,62,92,93,47,45,64,89,97,32,90,17,12,29,56,65,70,83,5
[ 70] Sent Broadcast: 4|0,15,25,4,7,20,23,62,92,93,47,45,64,89,97,32,90,17,12,29,56,65,70,83,5
[ 70] Received message from   5: 4|0,15,25,4,23,62,8,14,40,81,11,94,85,51,80,91,5,65,70,83
[ 53] Received message from  80: 4|0,15,25,4,23,62,8,14,40,81,11,94,85,51,80,91,36,53,72
[ 83] Received message from  65: 4|0,15,25,4,7,20,23,62,92,93,47,45,64,89,97,32,90,17,12,29,56,65,5,83
[ 65] Sent Broadcast: 4|0,15,25,4,7,20,23,62,92,93,47,45,64,89,97,32,90,17,12,29,56,65,5,83
[ 72] Received message from  80: 4|0,15,25,4,23,62,8,14,40,81,11,94,85,51,80,91,36,53,72
[ 83] Received message from   5: 4|0,15,25,4,23,62,8,14,40,81,11,94,85,51,80,91,5,65,70,83
[ 80] Sent Broadcast: 4|0,15,25,4,23,62,8,14,40,81,11,94,85,51,80,91,36,53,72
[  5] Sent Broadcast: 4|0,15,25,4,23,62,8,14,40,81,11,94,85,51,80,91,5,65,70,83
[ 34] Received message from   6: 6|0,34,67
[ 67] Received message from   6: 6|0,34,67
[  6] Sent Broadcast: 6|0,34,67
[ 43] Received message from  34: 6|0,34,67,6,43
[ 34] Sent Broadcast: 6|0,34,67,6,43
[ 43] Received message from  67: 6|0,34,67,6,43
[ 67] Sent Broadcast: 6|0,34,67,6,43
[ 46] Received message from  13: 13|0,46,52,78,100
[ 52] Received message from  13: 13|0,46,52,78,100
[ 78] Received message from  13: 13|0,46,52,78,100
[100] Received message from  13: 13|0,46,52,78,100
[ 13] Sent Broadcast: 13|0,46,52,78,100
[ 66] Received message from  52: 13|0,46,52,78,100,13,66
[ 52] Sent Broadcast: 13|0,46,52,78,100,13,66
[ 66] Received message from 100: 13|0,46,52,78,100,13,66
[100] Sent Broadcast: 13|0,46,52,78,100,13,66
[ 49] Received message from  66: 13|0,46,52,78,100,13,66,49,95
[ 95] Received message from  66: 13|0,46,52,78,100,13,66,49,95
[ 66] Sent Broadcast: 13|0,46,52,78,100,13,66,49,95
[ 61] Received message from  49: 13|0,46,52,78,100,13,66,49,95,61,87,88,96
[ 61] Received message from  95: 13|0,46,52,78,100,13,66,49,95,61,87,88,96
[ 42] Received message from  61: 13|0,46,52,78,100,13,66,49,95,61,87,88,96,42,86
[ 87] Received message from  95: 13|0,46,52,78,100,13,66,49,95,61,87,88,96
[ 86] Received message from  61: 13|0,46,52,78,100,13,66,49,95,61,87,88,96,42,86
[ 61] Sent Broadcast: 13|0,46,52,78,100,13,66,49,95,61,87,88,96,42,86
[ 87] Received message from  49: 13|0,46,52,78,100,13,66,49,95,61,87,88,96
[ 88] Received message from  95: 13|0,46,52,78,100,13,66,49,95,61,87,88,96
[ 41] Received message from  86: 13|0,46,52,78,100,13,66,49,95,61,87,88,96,42,86,41
[ 86] Sent Broadcast: 13|0,46,52,78,100,13,66,49,95,61,87,88,96,42,86,41
[ 88] Received message from  49: 13|0,46,52,78,100,13,66,49,95,61,87,88,96
[ 77] Received message from  87: 13|0,46,52,78,100,13,66,49,95,61,87,88,96,77
[ 96] Received message from  95: 13|0,46,52,78,100,13,66,49,95,61,87,88,96
[ 87] Sent Broadcast: 13|0,46,52,78,100,13,66,49,95,61,87,88,96,77
[ 95] Sent Broadcast: 13|0,46,52,78,100,13,66,49,95,61,87,88,96
[ 96] Received message from  49: 13|0,46,52,78,100,13,66,49,95,61,87,88,96
[ 49] Sent Broadcast: 13|0,46,52,78,100,13,66,49,95,61,87,88,96
[ 73] Received message from  41: 13|0,46,52,78,100,13,66,49,95,61,87,88,96,42,86,41,73,75
[ 27] Received message from  77: 13|0,46,52,78,100,13,66,49,95,61,87,88,96,77,27,28
[ 27] Received message from  88: 13|0,46,52,78,100,13,66,49,95,61,87,88,96,27,77
[ 28] Received message from  96: 13|0,46,52,78,100,13,66,49,95,61,87,88,96,28,77
[ 75] Received message from  41: 13|0,46,52,78,100,13,66,49,95,61,87,88,96,42,86,41,73,75
[ 41] Sent Broadcast: 13|0,46,52,78,100,13,66,49,95,61,87,88,96,42,86,41,73,75
[ 28] Received message from  77: 13|0,46,52,78,100,13,66,49,95,61,87,88,96,77,27,28
[ 74] Received message from  73: 13|0,46,52,78,100,13,66,49,95,61,87,88,96,42,86,41,73,75,74
[ 77] Sent Broadcast: 13|0,46,52,78,100,13,66,49,95,61,87,88,96,77,27,28
[ 77] Received message from  88: 13|0,46,52,78,100,13,66,49,95,61,87,88,96,27,77
[ 73] Sent Broadcast: 13|0,46,52,78,100,13,66,49,95,61,87,88,96,42,86,41,73,75,74
[ 27] Received message from  28: 13|0,46,52,78,100,13,66,49,95,61,87,88,96,28,77,27
[ 33] Received message from  75: 13|0,46,52,78,100,13,66,49,95,61,87,88,96,42,86,41,73,75,33,74
[ 88] Sent Broadcast: 13|0,46,52,78,100,13,66,49,95,61,87,88,96,27,77
[ 28] Sent Broadcast: 13|0,46,52,78,100,13,66,49,95,61,87,88,96,28,77,27
[ 33] Received message from  74: 13|0,46,52,78,100,13,66,49,95,61,87,88,96,42,86,41,73,75,74,33
[ 74] Sent Broadcast: 13|0,46,52,78,100,13,66,49,95,61,87,88,96,42,86,41,73,75,74,33
[ 84] Received message from  33: 13|0,46,52,78,100,13,66,49,95,61,87,88,96,42,86,41,73,75,33,74,84
[ 74] Received message from  75: 13|0,46,52,78,100,13,66,49,95,61,87,88,96,42,86,41,73,75,33,74
[ 75] Sent Broadcast: 13|0,46,52,78,100,13,66,49,95,61,87,88,96,42,86,41,73,75,33,74
[ 33] Sent Broadcast: 13|0,46,52,78,100,13,66,49,95,61,87,88,96,42,86,41,73,75,33,74,84
[ 77] Received message from  96: 13|0,46,52,78,100,13,66,49,95,61,87,88,96,28,77
[ 96] Sent Broadcast: 13|0,46,52,78,100,13,66,49,95,61,87,88,96,28,77
[ 22] Received message from  84: 13|0,46,52,78,100,13,66,49,95,61,87,88,96,42,86,41,73,75,33,74,84,22,30
[ 44] Received message from  22: 13|0,46,52,78,100,13,66,49,95,61,87,88,96,42,86,41,73,75,33,74,84,22,30,44
[ 30] Received message from  84: 13|0,46,52,78,100,13,66,49,95,61,87,88,96,42,86,41,73,75,33,74,84,22,30
[ 22] Sent Broadcast: 13|0,46,52,78,100,13,66,49,95,61,87,88,96,42,86,41,73,75,33,74,84,22,30,44
[ 84] Sent Broadcast: 13|0,46,52,78,100,13,66,49,95,61,87,88,96,42,86,41,73,75,33,74,84,22,30
[ 44] Received message from  30: 13|0,46,52,78,100,13,66,49,95,61,87,88,96,42,86,41,73,75,33,74,84,22,30,44
[ 30] Sent Broadcast: 13|0,46,52,78,100,13,66,49,95,61,87,88,96,42,86,41,73,75,33,74,84,22,30,44
[ 39] Received message from  44: 13|0,46,52,78,100,13,66,49,95,61,87,88,96,42,86,41,73,75,33,74,84,22,30,44,39,58
[ 58] Received message from  44: 13|0,46,52,78,100,13,66,49,95,61,87,88,96,42,86,41,73,75,33,74,84,22,30,44,39,58
[ 44] Sent Broadcast: 13|0,46,52,78,100,13,66,49,95,61,87,88,96,42,86,41,73,75,33,74,84,22,30,44,39,58
[ 50] Received message from  39: 13|0,46,52,78,100,13,66,49,95,61,87,88,96,42,86,41,73,75,33,74,84,22,30,44,39,58,50
[ 39] Sent Broadcast: 13|0,46,52,78,100,13,66,49,95,61,87,88,96,42,86,41,73,75,33,74,84,22,30,44,39,58,50
[ 48] Received message from  58: 13|0,46,52,78,100,13,66,49,95,61,87,88,96,42,86,41,73,75,33,74,84,22,30,44,39,58,48,50
[ 48] Received message from  50: 13|0,46,52,78,100,13,66,49,95,61,87,88,96,42,86,41,73,75,33,74,84,22,30,44,39,58,50,48
[ 50] Sent Broadcast: 13|0,46,52,78,100,13,66,49,95,61,87,88,96,42,86,41,73,75,33,74,84,22,30,44,39,58,50,48
[ 50] Received message from  58: 13|0,46,52,78,100,13,66,49,95,61,87,88,96,42,86,41,73,75,33,74,84,22,30,44,39,58,48,50
[ 58] Sent Broadcast: 13|0,46,52,78,100,13,66,49,95,61,87,88,96,42,86,41,73,75,33,74,84,22,30,44,39,58,48,50
