[ 13] Received message from   1: 1|0,13,77
[ 31] Received message from  13: 1|0,13,77,1,31,75
[ 77] Received message from   1: 1|0,13,77
[  1] Sent Broadcast: 1|0,13,77
[ 75] Received message from  13: 1|0,13,77,1,31,75
[ 13] Sent Broadcast: 1|0,13,77,1,31,75
[ 14] Received message from   2: 2|0,14,65,80,97
[ 65] Received message from   2: 2|0,14,65,80,97
[ 20] Received message from  65: 2|0,14,65,80,97,2,20,45
[ 45] Received message from  65: 2|0,14,65,80,97,2,20,45
[ 65] Sent Broadcast: 2|0,14,65,80,97,2,20,45
[ 80] Received message from   2: 2|0,14,65,80,97
[  7] Received message from  20: 2|0,14,65,80,97,2,20,45,7,9
[  6] Received message from  45: 2|0,14,65,80,97,2,20,45,6,7,9
[ 97] Received message from   2: 2|0,14,65,80,97
[  2] Sent Broadcast: 2|0,14,65,80,97
[  9] Received message from  20: 2|0,14,65,80,97,2,20,45,7,9
[ 20] Sent Broadcast: 2|0,14,65,80,97,2,20,45,7,9
[ 19] Received message from   6: 2|0,14,65,80,97,2,20,45,6,7,9,19,86,87
[ 86] Received message from   6: 2|0,14,65,80,97,2,20,45,6,7,9,19,86,87
[  7] Received message from  45: 2|0,14,65,80,97,2,20,45,6,7,9
[ 60] Received message from   9: 2|0,14,65,80,97,2,20,45,7,9,60
[  9] Sent Broadcast: 2|0,14,65,80,97,2,20,45,7,9,60
[ 87] Received message from   6: 2|0,14,65,80,97,2,20,45,6,7,9,19,86,87
[  6] Sent Broadcast: 2|0,14,65,80,97,2,20,45,6,7,9,19,86,87
[  9] Received message from  45: 2|0,14,65,80,97,2,20,45,6,7,9
[ 45] Sent Broadcast: 2|0,14,65,80,97,2,20,45,6,7,9
[  6] Received message from   7: 2|0,14,65,80,97,2,20,45,7,9,6,81
[ 34] Received message from  60: 2|0,14,65,80,97,2,20,45,7,9,60,34,43
[ 12] Received message from  19: 2|0,14,65,80,97,2,20,45,6,7,9,19,86,87,12
[ 81] Received message from   7: 2|0,14,65,80,97,2,20,45,7,9,6,81
[ 19] Sent Broadcast: 2|0,14,65,80,97,2,20,45,6,7,9,19,86,87,12
[  7] Sent Broadcast: 2|0,14,65,80,97,2,20,45,7,9,6,81
[ 43] Received message from  60: 2|0,14,65,80,97,2,20,45,7,9,60,34,43
[ 60] Sent Broadcast: 2|0,14,65,80,97,2,20,45,7,9,60,34,43
[ 53] Received message from  81: 2|0,14,65,80,97,2,20,45,7,9,6,81,53,94
[ 12] Received message from  86: 2|0,14,65,80,97,2,20,45,6,7,9,19,86,87,12
[ 86] Sent Broadcast: 2|0,14,65,80,97,2,20,45,6,7,9,19,86,87,12
[ 12] Received message from  87: 2|0,14,65,80,97,2,20,45,6,7,9,19,86,87,12
[ 87] Sent Broadcast: 2|0,14,65,80,97,2,20,45,6,7,9,19,86,87,12
[  4] Received message from  34: 2|0,14,65,80,97,2,20,45,7,9,60,34,43,4,17,51
[ 94] Received message from  81: 2|0,14,65,80,97,2,20,45,7,9,6,81,53,94
[ 81] Sent Broadcast: 2|0,14,65,80,97,2,20,45,7,9,6,81,53,94
[  4] Received message from  43: 2|0,14,65,80,97,2,20,45,7,9,60,34,43,4,51
[ 40] Received message from   4: 2|0,14,65,80,97,2,20,45,7,9,60,34,43,4,17,51,40
[ 17] Received message from  34: 2|0,14,65,80,97,2,20,45,7,9,60,34,43,4,17,51
[  4] Sent Broadcast: 2|0,14,65,80,97,2,20,45,7,9,60,34,43,4,17,51,40
[ 51] Received message from  43: 2|0,14,65,80,97,2,20,45,7,9,60,34,43,4,51
[ 43] Sent Broadcast: 2|0,14,65,80,97,2,20,45,7,9,60,34,43,4,51
[ 22] Received message from  40: 2|0,14,65,80,97,2,20,45,7,9,60,34,43,4,17,51,40,22,29,47,95
[ 29] Received message from  17: 2|0,14,65,80,97,2,20,45,7,9,60,34,43,4,17,51,29,40,95
[ 51] Received message from  34: 2|0,14,65,80,97,2,20,45,7,9,60,34,43,4,17,51
[ 34] Sent Broadcast: 2|0,14,65,80,97,2,20,45,7,9,60,34,43,4,17,51
[ 29] Received message from  40: 2|0,14,65,80,97,2,20,45,7,9,60,34,43,4,17,51,40,22,29,47,95
[ 40] Received message from  17: 2|0,14,65,80,97,2,20,45,7,9,60,34,43,4,17,51,29,40,95
[  5] Received message from  51: 2|0,14,65,80,97,2,20,45,7,9,60,34,43,4,51,5,33,88
[ 46] Received message from  22: 2|0,14,65,80,97,2,20,45,7,9,60,34,43,4,17,51,40,22,29,47,95,46,50,64,91
[ 47] Received message from  40: 2|0,14,65,80,97,2,20,45,7,9,60,34,43,4,17,51,40,22,29,47,95
[ 95] Received message from  17: 2|0,14,65,80,97,2,20,45,7,9,60,34,43,4,17,51,29,40,95
[ 17] Sent Broadcast: 2|0,14,65,80,97,2,20,45,7,9,60,34,43,4,17,51,29,40,95
[ 41] Received message from  29: 2|0,14,65,80,97,2,20,45,7,9,60,34,43,4,17,51,40,22,29,47,95,41,79
[ 33] Received message from  51: 2|0,14,65,80,97,2,20,45,7,9,60,34,43,4,51,5,33,88
[ 50] Received message from  22: 2|0,14,65,80,97,2,20,45,7,9,60,34,43,4,17,51,40,22,29,47,95,46,50,64,91
[ 95] Received message from  40: 2|0,14,65,80,97,2,20,45,7,9,60,34,43,4,17,51,40,22,29,47,95
[ 40] Sent Broadcast: 2|0,14,65,80,97,2,20,45,7,9,60,34,43,4,17,51,40,22,29,47,95
[  3] Received message from   5: 2|0,14,65,80,97,2,20,45,7,9,60,34,43,4,51,5,33,88,3,25,39,72
[ 41] Received message from  95: 2|0,14,65,80,97,2,20,45,7,9,60,34,43,4,17,51,29,40,95,41,47,79
[ 79] Received message from  29: 2|0,14,65,80,97,2,20,45,7,9,60,34,43,4,17,51,40,22,29,47,95,41,79
[ 88] Received message from  51: 2|0,14,65,80,97,2,20,45,7,9,60,34,43,4,51,5,33,88
[ 64] Received message from  22: 2|0,14,65,80,97,2,20,45,7,9,60,34,43,4,17,51,40,22,29,47,95,46,50,64,91
[ 29] Sent Broadcast: 2|0,14,65,80,97,2,20,45,7,9,60,34,43,4,17,51,40,22,29,47,95,41,79
[ 51] Sent Broadcast: 2|0,14,65,80,97,2,20,45,7,9,60,34,43,4,51,5,33,88
[  3] Received message from  33: 2|0,14,65,80,97,2,20,45,7,9,60,34,43,4,51,5,33,88,3,11,39,72
[ 25] Received message from   5: 2|0,14,65,80,97,2,20,45,7,9,60,34,43,4,51,5,33,88,3,25,39,72
[ 18] Received message from   3: 2|0,14,65,80,97,2,20,45,7,9,60,34,43,4,51,5,33,88,3,25,39,72,18,49
[ 62] Received message from  88: 2|0,14,65,80,97,2,20,45,7,9,60,34,43,4,51,5,33,88,62,76
[ 47] Received message from  95: 2|0,14,65,80,97,2,20,45,7,9,60,34,43,4,17,51,29,40,95,41,47,79
[ 91] Received message from  22: 2|0,14,65,80,97,2,20,45,7,9,60,34,43,4,17,51,40,22,29,47,95,46,50,64,91
[ 22] Sent Broadcast: 2|0,14,65,80,97,2,20,45,7,9,60,34,43,4,17,51,40,22,29,47,95,46,50,64,91
[ 11] Received message from  33: 2|0,14,65,80,97,2,20,45,7,9,60,34,43,4,51,5,33,88,3,11,39,72
[ 39] Received message from   5: 2|0,14,65,80,97,2,20,45,7,9,60,34,43,4,51,5,33,88,3,25,39,72
[ 49] Received message from   3: 2|0,14,65,80,97,2,20,45,7,9,60,34,43,4,51,5,33,88,3,25,39,72,18,49
[ 76] Received message from  88: 2|0,14,65,80,97,2,20,45,7,9,60,34,43,4,51,5,33,88,62,76
[ 79] Received message from  95: 2|0,14,65,80,97,2,20,45,7,9,60,34,43,4,17,51,29,40,95,41,47,79
[ 18] Received message from  25: 2|0,14,65,80,97,2,20,45,7,9,60,34,43,4,51,5,33,88,3,25,39,72,18,49
[  3] Sent Broadcast: 2|0,14,65,80,97,2,20,45,7,9,60,34,43,4,51,5,33,88,3,25,39,72,18,49
[ 95] Sent Broadcast: 2|0,14,65,80,97,2,20,45,7,9,60,34,43,4,17,51,29,40,95,41,47,79
[ 88] Sent Broadcast: 2|0,14,65,80,97,2,20,45,7,9,60,34,43,4,51,5,33,88,62,76
[ 50] Received message from  47: 2|0,14,65,80,97,2,20,45,7,9,60,34,43,4,17,51,40,22,29,47,95,50,64,79
[ 39] Received message from  33: 2|0,14,65,80,97,2,20,45,7,9,60,34,43,4,51,5,33,88,3,11,39,72
[ 66] Received message from  18: 2|0,14,65,80,97,2,20,45,7,9,60,34,43,4,51,5,33,88,3,25,39,72,18,49,66
[ 72] Received message from   5: 2|0,14,65,80,97,2,20,45,7,9,60,34,43,4,51,5,33,88,3,25,39,72
[ 18] Sent Broadcast: 2|0,14,65,80,97,2,20,45,7,9,60,34,43,4,51,5,33,88,3,25,39,72,18,49,66
[  5] Sent Broadcast: 2|0,14,65,80,97,2,20,45,7,9,60,34,43,4,51,5,33,88,3,25,39,72
[ 49] Received message from  25: 2|0,14,65,80,97,2,20,45,7,9,60,34,43,4,51,5,33,88,3,25,39,72,18,49
[ 64] Received message from  47: 2|0,14,65,80,97,2,20,45,7,9,60,34,43,4,17,51,40,22,29,47,95,50,64,79
[ 25] Sent Broadcast: 2|0,14,65,80,97,2,20,45,7,9,60,34,43,4,51,5,33,88,3,25,39,72,18,49
[ 72] Received message from  33: 2|0,14,65,80,97,2,20,45,7,9,60,34,43,4,51,5,33,88,3,11,39,72
[  8] Received message from  66: 2|0,14,65,80,97,2,20,45,7,9,60,34,43,4,51,5,33,88,3,25,39,72,18,49,66,8
[ 49] Received message from  11: 2|0,14,65,80,97,2,20,45,7,9,60,34,43,4,51,5,33,88,3,11,39,72,49
[ 18] Received message from  39: 2|0,14,65,80,97,2,20,45,7,9,60,34,43,4,51,5,33,88,3,11,39,72,18,25,49
[ 11] Received message from  49: 2|0,14,65,80,97,2,20,45,7,9,60,34,43,4,51,5,33,88,3,25,39,72,18,49,11,36,38,89
[ 66] Sent Broadcast: 2|0,14,65,80,97,2,20,45,7,9,60,34,43,4,51,5,33,88,3,25,39,72,18,49,66,8
[ 85] Received message from  72: 2|0,14,65,80,97,2,20,45,7,9,60,34,43,4,51,5,33,88,3,25,39,72,85
[ 33] Sent Broadcast: 2|0,14,65,80,97,2,20,45,7,9,60,34,43,4,51,5,33,88,3,11,39,72
[ 11] Sent Broadcast: 2|0,14,65,80,97,2,20,45,7,9,60,34,43,4,51,5,33,88,3,11,39,72,49
[ 72] Sent Broadcast: 2|0,14,65,80,97,2,20,45,7,9,60,34,43,4,51,5,33,88,3,25,39,72,85
[ 25] Received message from  39: 2|0,14,65,80,97,2,20,45,7,9,60,34,43,4,51,5,33,88,3,11,39,72,18,25,49
[ 36] Received message from  49: 2|0,14,65,80,97,2,20,45,7,9,60,34,43,4,51,5,33,88,3,25,39,72,18,49,11,36,38,89
[ 49] Received message from  39: 2|0,14,65,80,97,2,20,45,7,9,60,34,43,4,51,5,33,88,3,11,39,72,18,25,49
[ 39] Sent Broadcast: 2|0,14,65,80,97,2,20,45,7,9,60,34,43,4,51,5,33,88,3,11,39,72,18,25,49
[ 79] Received message from  47: 2|0,14,65,80,97,2,20,45,7,9,60,34,43,4,17,51,40,22,29,47,95,50,64,79
[ 47] Sent Broadcast: 2|0,14,65,80,97,2,20,45,7,9,60,34,43,4,17,51,40,22,29,47,95,50,64,79
[ 38] Received message from  49: 2|0,14,65,80,97,2,20,45,7,9,60,34,43,4,51,5,33,88,3,25,39,72,18,49,11,36,38,89
[ 10] Received message from  85: 2|0,14,65,80,97,2,20,45,7,9,60,34,43,4,51,5,33,88,3,25,39,72,85,10,99
[ 58] Received message from  36: 2|0,14,65,80,97,2,20,45,7,9,60,34,43,4,51,5,33,88,3,25,39,72,18,49,11,36,38,89,58,82
[ 82] Received message from  36: 2|0,14,65,80,97,2,20,45,7,9,60,34,43,4,51,5,33,88,3,25,39,72,18,49,11,36,38,89,58,82
[ 89] Received message from  49: 2|0,14,65,80,97,2,20,45,7,9,60,34,43,4,51,5,33,88,3,25,39,72,18,49,11,36,38,89
[ 49] Sent Broadcast: 2|0,14,65,80,97,2,20,45,7,9,60,34,43,4,51,5,33,88,3,25,39,72,18,49,11,36,38,89
[ 36] Sent Broadcast: 2|0,14,65,80,97,2,20,45,7,9,60,34,43,4,51,5,33,88,3,25,39,72,18,49,11,36,38,89,58,82
[ 99] Received message from  85: 2|0,14,65,80,97,2,20,45,7,9,60,34,43,4,51,5,33,88,3,25,39,72,85,10,99
[ 71] Received message from  38: 2|0,14,65,80,97,2,20,45,7,9,60,34,43,4,51,5,33,88,3,25,39,72,18,49,11,36,38,89,71
[ 38] Sent Broadcast: 2|0,14,65,80,97,2,20,45,7,9,60,34,43,4,51,5,33,88,3,25,39,72,18,49,11,36,38,89,71
[ 85] Sent Broadcast: 2|0,14,65,80,97,2,20,45,7,9,60,34,43,4,51,5,33,88,3,25,39,72,85,10,99
[ 56] Received message from  58: 2|14,65,80,97,2,20,45,7,9,60,34,43,4,51,5,33,88,3,25,39,72,18,49,11,36,38,89,58,82,56,57,68,69
[ 71] Received message from  89: 2|0,14,65,80,97,2,20,45,7,9,60,34,43,4,51,5,33,88,3,25,39,72,18,49,11,36,38,89,71
[ 89] Sent Broadcast: 2|0,14,65,80,97,2,20,45,7,9,60,34,43,4,51,5,33,88,3,25,39,72,18,49,11,36,38,89,71
[ 82] Received message from  71: 2|0,14,65,80,97,2,20,45,7,9,60,34,43,4,51,5,33,88,3,25,39,72,18,49,11,36,38,89,71,82
[ 71] Sent Broadcast: 2|0,14,65,80,97,2,20,45,7,9,60,34,43,4,51,5,33,88,3,25,39,72,18,49,11,36,38,89,71,82
[ 56] Received message from  82: 2|14,65,80,97,2,20,45,7,9,60,34,43,4,51,5,33,88,3,25,39,72,18,49,11,36,38,89,58,82,56,57,68,69,71
[ 27] Received message from  10: 2|0,14,65,80,97,2,20,45,7,9,60,34,43,4,51,5,33,88,3,25,39,72,85,10,99,27,32,59,63,90,92
[ 27] Received message from  99: 2|0,14,65,80,97,2,20,45,7,9,60,34,43,4,51,5,33,88,3,25,39,72,85,10,99,27,92
[ 57] Received message from  58: 2|14,65,80,97,2,20,45,7,9,60,34,43,4,51,5,33,88,3,25,39,72,18,49,11,36,38,89,58,82,56,57,68,69
[ 57] Received message from  82: 2|14,65,80,97,2,20,45,7,9,60,34,43,4,51,5,33,88,3,25,39,72,18,49,11,36,38,89,58,82,56,57,68,69,71
[ 92] Received message from  99: 2|0,14,65,80,97,2,20,45,7,9,60,34,43,4,51,5,33,88,3,25,39,72,85,10,99,27,92
[ 99] Sent Broadcast: 2|0,14,65,80,97,2,20,45,7,9,60,34,43,4,51,5,33,88,3,25,39,72,85,10,99,27,92
[ 68] Received message from  58: 2|14,65,80,97,2,20,45,7,9,60,34,43,4,51,5,33,88,3,25,39,72,18,49,11,36,38,89,58,82,56,57,68,69
[ 68] Received message from  82: 2|14,65,80,97,2,20,45,7,9,60,34,43,4,51,5,33,88,3,25,39,72,18,49,11,36,38,89,58,82,56,57,68,69,71
[ 69] Received message from  58: 2|14,65,80,97,2,20,45,7,9,60,34,43,4,51,5,33,88,3,25,39,72,18,49,11,36,38,89,58,82,56,57,68,69
[ 54] Received message from  57: 2|14,65,80,97,2,20,45,7,9,60,34,43,4,51,5,33,88,3,25,39,72,18,49,11,36,38,89,58,82,56,57,68,69,71,54
[ 58] Sent Broadcast: 2|14,65,80,97,2,20,45,7,9,60,34,43,4,51,5,33,88,3,25,39,72,18,49,11,36,38,89,58,82,56,57,68,69
[ 57] Sent Broadcast: 2|14,65,80,97,2,20,45,7,9,60,34,43,4,51,5,33,88,3,25,39,72,18,49,11,36,38,89,58,82,56,57,68,69,71,54
[ 26] Received message from  92: 2|0,14,65,80,97,2,20,45,7,9,60,34,43,4,51,5,33,88,3,25,39,72,85,10,99,27,92,26,32,59,63,70,84,90
[ 54] Received message from  68: 2|14,65,80,97,2,20,45,7,9,60,34,43,4,51,5,33,88,3,25,39,72,18,49,11,36,38,89,58,82,56,57,68,69,54
[ 68] Sent Broadcast: 2|14,65,80,97,2,20,45,7,9,60,34,43,4,51,5,33,88,3,25,39,72,18,49,11,36,38,89,58,82,56,57,68,69,54
[ 32] Received message from  10: 2|0,14,65,80,97,2,20,45,7,9,60,34,43,4,51,5,33,88,3,25,39,72,85,10,99,27,32,59,63,90,92
[ 54] Received message from  69: 2|14,65,80,97,2,20,45,7,9,60,34,43,4,51,5,33,88,3,25,39,72,18,49,11,36,38,89,58,82,56,57,68,69,54
[ 28] Received message from  26: 2|0,14,65,80,97,2,20,45,7,9,60,34,43,4,51,5,33,88,3,25,39,72,85,10,99,27,92,26,32,59,63,70,84,90,28
[ 59] Received message from  10: 2|0,14,65,80,97,2,20,45,7,9,60,34,43,4,51,5,33,88,3,25,39,72,85,10,99,27,32,59,63,90,92
[ 32] Received message from  27: 2|0,14,65,80,97,2,20,45,7,9,60,34,43,4,51,5,33,88,3,25,39,72,85,10,99,27,92,32,59,63,70,84,90
[ 69] Sent Broadcast: 2|14,65,80,97,2,20,45,7,9,60,34,43,4,51,5,33,88,3,25,39,72,18,49,11,36,38,89,58,82,56,57,68,69,54
[ 26] Sent Broadcast: 2|0,14,65,80,97,2,20,45,7,9,60,34,43,4,51,5,33,88,3,25,39,72,85,10,99,27,92,26,32,59,63,70,84,90,28
[ 32] Received message from  92: 2|0,14,65,80,97,2,20,45,7,9,60,34,43,4,51,5,33,88,3,25,39,72,85,10,99,27,92,26,32,59,63,70,84,90
[ 59] Received message from  27: 2|0,14,65,80,97,2,20,45,7,9,60,34,43,4,51,5,33,88,3,25,39,72,85,10,99,27,92,32,59,63,70,84,90
[ 63] Received message from  10: 2|0,14,65,80,97,2,20,45,7,9,60,34,43,4,51,5,33,88,3,25,39,72,85,10,99,27,32,59,63,90,92
[ 59] Received message from  92: 2|0,14,65,80,97,2,20,45,7,9,60,34,43,4,51,5,33,88,3,25,39,72,85,10,99,27,92,26,32,59,63,70,84,90
[ 69] Received message from  82: 2|14,65,80,97,2,20,45,7,9,60,34,43,4,51,5,33,88,3,25,39,72,18,49,11,36,38,89,58,82,56,57,68,69,71
[ 26] Received message from  59: 2|0,14,65,80,97,2,20,45,7,9,60,34,43,4,51,5,33,88,3,25,39,72,85,10,99,27,32,59,63,90,92,26,70,84
[ 90] Received message from  10: 2|0,14,65,80,97,2,20,45,7,9,60,34,43,4,51,5,33,88,3,25,39,72,85,10,99,27,32,59,63,90,92
[ 63] Received message from  27: 2|0,14,65,80,97,2,20,45,7,9,60,34,43,4,51,5,33,88,3,25,39,72,85,10,99,27,92,32,59,63,70,84,90
[ 26] Received message from  32: 2|0,14,65,80,97,2,20,45,7,9,60,34,43,4,51,5,33,88,3,25,39,72,85,10,99,27,32,59,63,90,92,26,70
[ 70] Received message from  59: 2|0,14,65,80,97,2,20,45,7,9,60,34,43,4,51,5,33,88,3,25,39,72,85,10,99,27,32,59,63,90,92,26,70,84
[ 23] Received message from  63: 2|0,14,65,80,97,2,20,45,7,9,60,34,43,4,51,5,33,88,3,25,39,72,85,10,99,27,32,59,63,90,92,23,67,70,84
[ 63] Received message from  92: 2|0,14,65,80,97,2,20,45,7,9,60,34,43,4,51,5,33,88,3,25,39,72,85,10,99,27,92,26,32,59,63,70,84,90
[ 92] Received message from  10: 2|0,14,65,80,97,2,20,45,7,9,60,34,43,4,51,5,33,88,3,25,39,72,85,10,99,27,32,59,63,90,92
[ 10] Sent Broadcast: 2|0,14,65,80,97,2,20,45,7,9,60,34,43,4,51,5,33,88,3,25,39,72,85,10,99,27,32,59,63,90,92
[ 70] Received message from  27: 2|0,14,65,80,97,2,20,45,7,9,60,34,43,4,51,5,33,88,3,25,39,72,85,10,99,27,92,32,59,63,70,84,90
[ 84] Received message from  59: 2|0,14,65,80,97,2,20,45,7,9,60,34,43,4,51,5,33,88,3,25,39,72,85,10,99,27,32,59,63,90,92,26,70,84
[ 23] Received message from  90: 2|0,14,65,80,97,2,20,45,7,9,60,34,43,4,51,5,33,88,3,25,39,72,85,10,99,27,32,59,63,90,92,23,67,70,84
[ 67] Received message from  63: 2|0,14,65,80,97,2,20,45,7,9,60,34,43,4,51,5,33,88,3,25,39,72,85,10,99,27,32,59,63,90,92,23,67,70,84
[ 84] Received message from  27: 2|0,14,65,80,97,2,20,45,7,9,60,34,43,4,51,5,33,88,3,25,39,72,85,10,99,27,92,32,59,63,70,84,90
[ 70] Received message from  32: 2|0,14,65,80,97,2,20,45,7,9,60,34,43,4,51,5,33,88,3,25,39,72,85,10,99,27,32,59,63,90,92,26,70
[ 59] Sent Broadcast: 2|0,14,65,80,97,2,20,45,7,9,60,34,43,4,51,5,33,88,3,25,39,72,85,10,99,27,32,59,63,90,92,26,70,84
[ 71] Received message from  82: 2|14,65,80,97,2,20,45,7,9,60,34,43,4,51,5,33,88,3,25,39,72,18,49,11,36,38,89,58,82,56,57,68,69,71
[ 23] Received message from  70: 2|0,14,65,80,97,2,20,45,7,9,60,34,43,4,51,5,33,88,3,25,39,72,85,10,99,27,32,59,63,90,92,26,70,84,23,28,67
[ 32] Sent Broadcast: 2|0,14,65,80,97,2,20,45,7,9,60,34,43,4,51,5,33,88,3,25,39,72,85,10,99,27,32,59,63,90,92,26,70
[ 82] Sent Broadcast: 2|14,65,80,97,2,20,45,7,9,60,34,43,4,51,5,33,88,3,25,39,72,18,49,11,36,38,89,58,82,56,57,68,69,71
[ 70] Received message from  92: 2|0,14,65,80,97,2,20,45,7,9,60,34,43,4,51,5,33,88,3,25,39,72,85,10,99,27,92,26,32,59,63,70,84,90
[ 67] Received message from  90: 2|0,14,65,80,97,2,20,45,7,9,60,34,43,4,51,5,33,88,3,25,39,72,85,10,99,27,32,59,63,90,92,23,67,70,84
[ 23] Received message from  84: 2|0,14,65,80,97,2,20,45,7,9,60,34,43,4,51,5,33,88,3,25,39,72,85,10,99,27,32,59,63,90,92,26,70,84,23,67
[ 70] Received message from  63: 2|0,14,65,80,97,2,20,45,7,9,60,34,43,4,51,5,33,88,3,25,39,72,85,10,99,27,32,59,63,90,92,23,67,70,84
[ 28] Received message from  70: 2|0,14,65,80,97,2,20,45,7,9,60,34,43,4,51,5,33,88,3,25,39,72,85,10,99,27,32,59,63,90,92,26,70,84,23,28,67
[ 84] Received message from  92: 2|0,14,65,80,97,2,20,45,7,9,60,34,43,4,51,5,33,88,3,25,39,72,85,10,99,27,92,26,32,59,63,70,84,90
[ 90] Received message from  27: 2|0,14,65,80,97,2,20,45,7,9,60,34,43,4,51,5,33,88,3,25,39,72,85,10,99,27,92,32,59,63,70,84,90
[ 84] Received message from  63: 2|0,14,65,80,97,2,20,45,7,9,60,34,43,4,51,5,33,88,3,25,39,72,85,10,99,27,32,59,63,90,92,23,67,70,84
[ 63] Sent Broadcast: 2|0,14,65,80,97,2,20,45,7,9,60,34,43,4,51,5,33,88,3,25,39,72,85,10,99,27,32,59,63,90,92,23,67,70,84
[ 27] Sent Broadcast: 2|0,14,65,80,97,2,20,45,7,9,60,34,43,4,51,5,33,88,3,25,39,72,85,10,99,27,92,32,59,63,70,84,90
[ 67] Received message from  84: 2|0,14,65,80,97,2,20,45,7,9,60,34,43,4,51,5,33,88,3,25,39,72,85,10,99,27,32,59,63,90,92,26,70,84,23,67
[ 90] Received message from  92: 2|0,14,65,80,97,2,20,45,7,9,60,34,43,4,51,5,33,88,3,25,39,72,85,10,99,27,92,26,32,59,63,70,84,90
[ 92] Sent Broadcast: 2|0,14,65,80,97,2,20,45,7,9,60,34,43,4,51,5,33,88,3,25,39,72,85,10,99,27,92,26,32,59,63,70,84,90
[ 84] Sent Broadcast: 2|0,14,65,80,97,2,20,45,7,9,60,34,43,4,51,5,33,88,3,25,39,72,85,10,99,27,32,59,63,90,92,26,70,84,23,67
[ 70] Received message from  90: 2|0,14,65,80,97,2,20,45,7,9,60,34,43,4,51,5,33,88,3,25,39,72,85,10,99,27,32,59,63,90,92,23,67,70,84
[ 67] Received message from  70: 2|0,14,65,80,97,2,20,45,7,9,60,34,43,4,51,5,33,88,3,25,39,72,85,10,99,27,32,59,63,90,92,26,70,84,23,28,67
[ 70] Sent Broadcast: 2|0,14,65,80,97,2,20,45,7,9,60,34,43,4,51,5,33,88,3,25,39,72,85,10,99,27,32,59,63,90,92,26,70,84,23,28,67
[ 84] Received message from  90: 2|0,14,65,80,97,2,20,45,7,9,60,34,43,4,51,5,33,88,3,25,39,72,85,10,99,27,32,59,63,90,92,23,67,70,84
[ 90] Sent Broadcast: 2|0,14,65,80,97,2,20,45,7,9,60,34,43,4,51,5,33,88,3,25,39,72,85,10,99,27,32,59,63,90,92,23,67,70,84
[ 21] Received message from  15: 15|0,21,35,52,61,73,83,93
[ 35] Received message from  15: 15|0,21,35,52,61,73,83,93
[ 52] Received message from  15: 15|0,21,35,52,61,73,83,93
[ 61] Received message from  15: 15|0,21,35,52,61,73,83,93
[ 73] Received message from  15: 15|0,21,35,52,61,73,83,93
[ 42] Received message from  61: 15|0,21,35,52,61,73,83,93,15,42,44,55
[ 83] Received message from  15: 15|0,21,35,52,61,73,83,93
[ 44] Received message from  73: 15|0,21,35,52,61,73,83,93,15,44,55
[ 93] Received message from  15: 15|0,21,35,52,61,73,83,93
[ 15] Sent Broadcast: 15|0,21,35,52,61,73,83,93
[ 44] Received message from  61: 15|0,21,35,52,61,73,83,93,15,42,44,55
[ 48] Received message from  42: 15|0,21,35,52,61,73,83,93,15,42,44,55,48
[ 42] Sent Broadcast: 15|0,21,35,52,61,73,83,93,15,42,44,55,48
[ 55] Received message from  73: 15|0,21,35,52,61,73,83,93,15,44,55
[ 42] Received message from  44: 15|0,21,35,52,61,73,83,93,15,44,55,42
[ 44] Sent Broadcast: 15|0,21,35,52,61,73,83,93,15,44,55,42
[ 55] Received message from  61: 15|0,21,35,52,61,73,83,93,15,42,44,55
[ 73] Sent Broadcast: 15|0,21,35,52,61,73,83,93,15,44,55
[ 61] Sent Broadcast: 15|0,21,35,52,61,73,83,93,15,42,44,55
[ 16] Received message from  48: 15|0,21,35,52,61,73,83,93,15,42,44,55,48,16
[ 48] Sent Broadcast: 15|0,21,35,52,61,73,83,93,15,42,44,55,48,16
[ 30] Received message from  24: 24|0,30,78,100
[ 78] Received message from  24: 24|0,30,78,100
[100] Received message from  24: 24|0,30,78,100
[ 24] Sent Broadcast: 24|0,30,78,100
[ 74] Received message from  37: 37|0,74
[ 37] Sent Broadcast: 37|0,74
[ 98] Received message from  96: 96|0,98
[ 96] Sent Broadcast: 96|0,98
