[ 10] Received message from   1: 1|0,10,51
[ 51] Received message from   1: 1|0,10,51
[  1] Sent Broadcast: 1|0,10,51
[ 31] Received message from  51: 1|0,10,51,1,31
[ 51] Sent Broadcast: 1|0,10,51,1,31
[ 20] Received message from   2: 2|0,20,26,36,42,72,79
[ 26] Received message from   2: 2|0,20,26,36,42,72,79
[ 21] Received message from  26: 2|0,20,26,36,42,72,79,2,21
[ 36] Received message from   2: 2|0,20,26,36,42,72,79
[ 26] Sent Broadcast: 2|0,20,26,36,42,72,79,2,21
[ 67] Received message from  21: 2|0,20,26,36,42,72,79,2,21,67,68,75
[ 42] Received message from   2: 2|0,20,26,36,42,72,79
[ 68] Received message from  21: 2|0,20,26,36,42,72,79,2,21,67,68,75
[ 21] Received message from  42: 2|0,20,26,36,42,72,79,2,21,67,75
[ 75] Received message from  21: 2|0,20,26,36,42,72,79,2,21,67,68,75
[ 21] Sent Broadcast: 2|0,20,26,36,42,72,79,2,21,67,68,75
[ 67] Received message from  42: 2|0,20,26,36,42,72,79,2,21,67,75
[ 72] Received message from   2: 2|0,20,26,36,42,72,79
[  4] Received message from  68: 2|0,20,26,36,42,72,79,2,21,67,68,75,4,9,22
[  9] Received message from  67: 2|0,20,26,36,42,72,79,2,21,67,68,75,9,13
[  9] Received message from  75: 2|0,20,26,36,42,72,79,2,21,67,68,75,9,13,62
[ 75] Received message from  42: 2|0,20,26,36,42,72,79,2,21,67,75
[ 79] Received message from   2: 2|0,20,26,36,42,72,79
[ 42] Sent Broadcast: 2|0,20,26,36,42,72,79,2,21,67,75
[  2] Sent Broadcast: 2|0,20,26,36,42,72,79
[  9] Received message from  68: 2|0,20,26,36,42,72,79,2,21,67,68,75,4,9,22
[ 71] Received message from  72: 2|0,20,26,36,42,72,79,2,71,94
[ 13] Received message from  67: 2|0,20,26,36,42,72,79,2,21,67,68,75,9,13
[ 98] Received message from   4: 2|0,20,26,36,42,72,79,2,21,67,68,75,4,9,22,98
[ 67] Sent Broadcast: 2|0,20,26,36,42,72,79,2,21,67,68,75,9,13
[ 48] Received message from   9: 2|0,20,26,36,42,72,79,2,21,67,68,75,9,13,48,62,86
[  4] Sent Broadcast: 2|0,20,26,36,42,72,79,2,21,67,68,75,4,9,22,98
[ 22] Received message from  68: 2|0,20,26,36,42,72,79,2,21,67,68,75,4,9,22
[ 94] Received message from  72: 2|0,20,26,36,42,72,79,2,71,94
[ 13] Received message from  75: 2|0,20,26,36,42,72,79,2,21,67,68,75,9,13,62
[ 68] Sent Broadcast: 2|0,20,26,36,42,72,79,2,21,67,68,75,4,9,22
[ 62] Received message from   9: 2|0,20,26,36,42,72,79,2,21,67,68,75,9,13,48,62,86
[ 72] Sent Broadcast: 2|0,20,26,36,42,72,79,2,71,94
[ 77] Received message from  71: 2|0,20,26,36,42,72,79,2,71,94,77
[ 62] Received message from  13: 2|0,20,26,36,42,72,79,2,21,67,68,75,9,13,62
[ 71] Sent Broadcast: 2|0,20,26,36,42,72,79,2,71,94,77
[ 13] Sent Broadcast: 2|0,20,26,36,42,72,79,2,21,67,68,75,9,13,62
[ 86] Received message from   9: 2|0,20,26,36,42,72,79,2,21,67,68,75,9,13,48,62,86
[ 62] Received message from  75: 2|0,20,26,36,42,72,79,2,21,67,68,75,9,13,62
[ 44] Received message from  48: 2|0,20,26,36,42,72,79,2,21,67,68,75,9,13,48,62,86,44
[ 98] Received message from  22: 2|0,20,26,36,42,72,79,2,21,67,68,75,4,9,22,98
[ 17] Received message from  94: 2|0,20,26,36,42,72,79,2,71,94,17
[ 75] Sent Broadcast: 2|0,20,26,36,42,72,79,2,21,67,68,75,9,13,62
[ 48] Sent Broadcast: 2|0,20,26,36,42,72,79,2,21,67,68,75,9,13,48,62,86,44
[  9] Sent Broadcast: 2|0,20,26,36,42,72,79,2,21,67,68,75,9,13,48,62,86
[ 22] Sent Broadcast: 2|0,20,26,36,42,72,79,2,21,67,68,75,4,9,22,98
[ 94] Sent Broadcast: 2|0,20,26,36,42,72,79,2,71,94,17
[ 29] Received message from  62: 2|0,20,26,36,42,72,79,2,21,67,68,75,9,13,62,29,48,53,86
[ 39] Received message from  44: 2|0,20,26,36,42,72,79,2,21,67,68,75,9,13,48,62,86,44,39,90
[ 16] Received message from  77: 2|0,20,26,36,42,72,79,2,71,94,77,16
[ 77] Sent Broadcast: 2|0,20,26,36,42,72,79,2,71,94,77,16
[ 90] Received message from  44: 2|0,20,26,36,42,72,79,2,21,67,68,75,9,13,48,62,86,44,39,90
[ 48] Received message from  62: 2|0,20,26,36,42,72,79,2,21,67,68,75,9,13,62,29,48,53,86
[ 44] Sent Broadcast: 2|0,20,26,36,42,72,79,2,21,67,68,75,9,13,48,62,86,44,39,90
[ 30] Received message from  17: 2|0,20,26,36,42,72,79,2,71,94,17,30
[ 44] Received message from  86: 2|0,20,26,36,42,72,79,2,21,67,68,75,9,13,48,62,86,44,53
[ 28] Received message from  39: 2|0,20,26,36,42,72,79,2,21,67,68,75,9,13,48,62,86,44,39,90,28,58
[ 17] Sent Broadcast: 2|0,20,26,36,42,72,79,2,71,94,17,30
[ 53] Received message from  62: 2|0,20,26,36,42,72,79,2,21,67,68,75,9,13,62,29,48,53,86
[ 32] Received message from  90: 2|0,20,26,36,42,72,79,2,21,67,68,75,9,13,48,62,86,44,39,90,32,65
[ 53] Received message from  86: 2|0,20,26,36,42,72,79,2,21,67,68,75,9,13,48,62,86,44,53
[ 58] Received message from  39: 2|0,20,26,36,42,72,79,2,21,67,68,75,9,13,48,62,86,44,39,90,28,58
[ 18] Received message from  30: 2|0,20,26,36,42,72,79,2,71,94,17,30,18,91
[ 86] Sent Broadcast: 2|0,20,26,36,42,72,79,2,21,67,68,75,9,13,48,62,86,44,53
[ 39] Sent Broadcast: 2|0,20,26,36,42,72,79,2,21,67,68,75,9,13,48,62,86,44,39,90,28,58
[ 86] Received message from  62: 2|0,20,26,36,42,72,79,2,21,67,68,75,9,13,62,29,48,53,86
[ 91] Received message from  30: 2|0,20,26,36,42,72,79,2,71,94,17,30,18,91
[ 62] Sent Broadcast: 2|0,20,26,36,42,72,79,2,21,67,68,75,9,13,62,29,48,53,86
[ 65] Received message from  90: 2|0,20,26,36,42,72,79,2,21,67,68,75,9,13,48,62,86,44,39,90,32,65
[ 30] Sent Broadcast: 2|0,20,26,36,42,72,79,2,71,94,17,30,18,91
[ 90] Sent Broadcast: 2|0,20,26,36,42,72,79,2,21,67,68,75,9,13,48,62,86,44,39,90,32,65
[ 89] Received message from  18: 2|0,20,26,36,42,72,79,2,71,94,17,30,18,91,89,96
[  5] Received message from  91: 2|0,20,26,36,42,72,79,2,71,94,17,30,18,91,5,89,96
[ 54] Received message from  28: 2|0,20,26,36,42,72,79,2,21,67,68,75,9,13,48,62,86,44,39,90,28,58,54
[ 28] Sent Broadcast: 2|0,20,26,36,42,72,79,2,21,67,68,75,9,13,48,62,86,44,39,90,28,58,54
[ 11] Received message from  54: 2|0,20,26,36,42,72,79,2,21,67,68,75,9,13,48,62,86,44,39,90,28,58,54,11
[ 96] Received message from  18: 2|0,20,26,36,42,72,79,2,71,94,17,30,18,91,89,96
[ 54] Sent Broadcast: 2|0,20,26,36,42,72,79,2,21,67,68,75,9,13,48,62,86,44,39,90,28,58,54,11
[ 18] Sent Broadcast: 2|0,20,26,36,42,72,79,2,71,94,17,30,18,91,89,96
[ 37] Received message from   5: 2|0,20,26,36,42,72,79,2,71,94,17,30,18,91,5,89,96,37,61,74,83
[ 89] Received message from  91: 2|0,20,26,36,42,72,79,2,71,94,17,30,18,91,5,89,96
[ 96] Received message from  91: 2|0,20,26,36,42,72,79,2,71,94,17,30,18,91,5,89,96
[ 91] Sent Broadcast: 2|0,20,26,36,42,72,79,2,71,94,17,30,18,91,5,89,96
[ 45] Received message from  37: 2|0,20,26,36,42,72,79,2,71,94,17,30,18,91,5,89,96,37,61,74,83,45,64
[ 61] Received message from   5: 2|0,20,26,36,42,72,79,2,71,94,17,30,18,91,5,89,96,37,61,74,83
[ 64] Received message from  37: 2|0,20,26,36,42,72,79,2,71,94,17,30,18,91,5,89,96,37,61,74,83,45,64
[ 74] Received message from   5: 2|0,20,26,36,42,72,79,2,71,94,17,30,18,91,5,89,96,37,61,74,83
[ 37] Sent Broadcast: 2|0,20,26,36,42,72,79,2,71,94,17,30,18,91,5,89,96,37,61,74,83,45,64
[ 83] Received message from   5: 2|0,20,26,36,42,72,79,2,71,94,17,30,18,91,5,89,96,37,61,74,83
[  5] Sent Broadcast: 2|0,20,26,36,42,72,79,2,71,94,17,30,18,91,5,89,96,37,61,74,83
[ 45] Received message from  61: 2|0,20,26,36,42,72,79,2,71,94,17,30,18,91,5,89,96,37,61,74,83,45,64
[ 55] Received message from  45: 2|0,20,26,36,42,72,79,2,71,94,17,30,18,91,5,89,96,37,61,74,83,45,64,55
[ 45] Received message from  74: 2|0,20,26,36,42,72,79,2,71,94,17,30,18,91,5,89,96,37,61,74,83,45,64
[ 45] Sent Broadcast: 2|0,20,26,36,42,72,79,2,71,94,17,30,18,91,5,89,96,37,61,74,83,45,64,55
[ 45] Received message from  83: 2|0,20,26,36,42,72,79,2,71,94,17,30,18,91,5,89,96,37,61,74,83,45,64
[ 55] Received message from  64: 2|0,20,26,36,42,72,79,2,71,94,17,30,18,91,5,89,96,37,61,74,83,45,64,55
[ 64] Received message from  61: 2|0,20,26,36,42,72,79,2,71,94,17,30,18,91,5,89,96,37,61,74,83,45,64
[  8] Received message from  55: 2|0,20,26,36,42,72,79,2,71,94,17,30,18,91,5,89,96,37,61,74,83,45,64,55,8,14,19,78
[ 61] Sent Broadcast: 2|0,20,26,36,42,72,79,2,71,94,17,30,18,91,5,89,96,37,61,74,83,45,64
[ 64] Sent Broadcast: 2|0,20,26,36,42,72,79,2,71,94,17,30,18,91,5,89,96,37,61,74,83,45,64,55
[ 64] Received message from  74: 2|0,20,26,36,42,72,79,2,71,94,17,30,18,91,5,89,96,37,61,74,83,45,64
[ 74] Sent Broadcast: 2|0,20,26,36,42,72,79,2,71,94,17,30,18,91,5,89,96,37,61,74,83,45,64
[ 14] Received message from  55: 2|0,20,26,36,42,72,79,2,71,94,17,30,18,91,5,89,96,37,61,74,83,45,64,55,8,14,19,78
[ 64] Received message from  83: 2|0,20,26,36,42,72,79,2,71,94,17,30,18,91,5,89,96,37,61,74,83,45,64
[ 83] Sent Broadcast: 2|0,20,26,36,42,72,79,2,71,94,17,30,18,91,5,89,96,37,61,74,83,45,64
[ 19] Received message from  55: 2|0,20,26,36,42,72,79,2,71,94,17,30,18,91,5,89,96,37,61,74,83,45,64,55,8,14,19,78
[ 78] Received message from  55: 2|0,20,26,36,42,72,79,2,71,94,17,30,18,91,5,89,96,37,61,74,83,45,64,55,8,14,19,78
[ 55] Sent Broadcast: 2|0,20,26,36,42,72,79,2,71,94,17,30,18,91,5,89,96,37,61,74,83,45,64,55,8,14,19,78
[ 40] Received message from   3: 3|0,40,85
[ 85] Received message from   3: 3|0,40,85
[  3] Sent Broadcast: 3|0,40,85
[ 25] Received message from   6: 6|0,25,81
[ 81] Received message from   6: 6|0,25,81
[  6] Sent Broadcast: 6|0,25,81
[ 82] Received message from  25: 6|0,25,81,6,82
[ 25] Sent Broadcast: 6|0,25,81,6,82
[ 34] Received message from  81: 6|0,25,81,6,34,92
[ 46] Received message from  82: 6|0,25,81,6,82,46
[ 82] Sent Broadcast: 6|0,25,81,6,82,46
[ 52] Received message from  34: 6|0,25,81,6,34,92,52
[ 92] Received message from  81: 6|0,25,81,6,34,92
[ 34] Sent Broadcast: 6|0,25,81,6,34,92,52
[ 81] Sent Broadcast: 6|0,25,81,6,34,92
[ 15] Received message from  46: 6|0,25,81,6,82,46,15,23,43,87
[ 93] Received message from  52: 6|0,25,81,6,34,92,52,93
[ 52] Sent Broadcast: 6|0,25,81,6,34,92,52,93
[ 12] Received message from  15: 6|0,25,81,6,82,46,15,23,43,87,12
[ 23] Received message from  46: 6|0,25,81,6,82,46,15,23,43,87
[ 15] Sent Broadcast: 6|0,25,81,6,82,46,15,23,43,87,12
[ 84] Received message from  93: 6|0,25,81,6,34,92,52,93,84
[ 93] Sent Broadcast: 6|0,25,81,6,34,92,52,93,84
[ 43] Received message from  46: 6|0,25,81,6,82,46,15,23,43,87
[ 66] Received message from  12: 6|0,25,81,6,82,46,15,23,43,87,12,66,70,80,100
[ 87] Received message from  46: 6|0,25,81,6,82,46,15,23,43,87
[ 70] Received message from  12: 6|0,25,81,6,82,46,15,23,43,87,12,66,70,80,100
[ 46] Sent Broadcast: 6|0,25,81,6,82,46,15,23,43,87
[ 49] Received message from  66: 6|0,25,81,6,82,46,15,23,43,87,12,66,70,80,100,49,57
[ 47] Received message from  70: 6|0,25,81,6,82,46,15,23,43,87,12,66,70,80,100,47,69
[ 80] Received message from  12: 6|0,25,81,6,82,46,15,23,43,87,12,66,70,80,100
[ 57] Received message from  87: 6|0,25,81,6,82,46,15,23,43,87,57
[ 87] Sent Broadcast: 6|0,25,81,6,82,46,15,23,43,87,57
[ 56] Received message from  49: 6|0,25,81,6,82,46,15,23,43,87,12,66,70,80,100,49,57,56
[ 49] Sent Broadcast: 6|0,25,81,6,82,46,15,23,43,87,12,66,70,80,100,49,57,56
[ 57] Received message from  66: 6|0,25,81,6,82,46,15,23,43,87,12,66,70,80,100,49,57
[ 69] Received message from  70: 6|0,25,81,6,82,46,15,23,43,87,12,66,70,80,100,47,69
[100] Received message from  12: 6|0,25,81,6,82,46,15,23,43,87,12,66,70,80,100
[ 66] Sent Broadcast: 6|0,25,81,6,82,46,15,23,43,87,12,66,70,80,100,49,57
[ 70] Sent Broadcast: 6|0,25,81,6,82,46,15,23,43,87,12,66,70,80,100,47,69
[ 41] Received message from  47: 6|0,25,81,6,82,46,15,23,43,87,12,66,70,80,100,47,69,41,63,97
[ 49] Received message from  57: 6|0,25,81,6,82,46,15,23,43,87,57,49,66,80
[ 47] Received message from  80: 6|0,25,81,6,82,46,15,23,43,87,12,66,70,80,100,47,57
[ 12] Sent Broadcast: 6|0,25,81,6,82,46,15,23,43,87,12,66,70,80,100
[ 60] Received message from  56: 6|0,25,81,6,82,46,15,23,43,87,12,66,70,80,100,49,57,56,60
[ 47] Received message from 100: 6|0,25,81,6,82,46,15,23,43,87,12,66,70,80,100,47,69
[ 50] Received message from  69: 6|0,25,81,6,82,46,15,23,43,87,12,66,70,80,100,47,69,50,63,97
[ 56] Sent Broadcast: 6|0,25,81,6,82,46,15,23,43,87,12,66,70,80,100,49,57,56,60
[ 38] Received message from  41: 6|0,25,81,6,82,46,15,23,43,87,12,66,70,80,100,47,69,41,63,97,38,99
[ 66] Received message from  57: 6|0,25,81,6,82,46,15,23,43,87,57,49,66,80
[ 63] Received message from  47: 6|0,25,81,6,82,46,15,23,43,87,12,66,70,80,100,47,69,41,63,97
[ 57] Received message from  80: 6|0,25,81,6,82,46,15,23,43,87,12,66,70,80,100,47,57
[ 80] Sent Broadcast: 6|0,25,81,6,82,46,15,23,43,87,12,66,70,80,100,47,57
[ 99] Received message from  41: 6|0,25,81,6,82,46,15,23,43,87,12,66,70,80,100,47,69,41,63,97,38,99
[ 97] Received message from  47: 6|0,25,81,6,82,46,15,23,43,87,12,66,70,80,100,47,69,41,63,97
[ 69] Received message from 100: 6|0,25,81,6,82,46,15,23,43,87,12,66,70,80,100,47,69
[ 24] Received message from  60: 6|0,25,81,6,82,46,15,23,43,87,12,66,70,80,100,49,57,56,60,24,27,88,95
[ 41] Sent Broadcast: 6|0,25,81,6,82,46,15,23,43,87,12,66,70,80,100,47,69,41,63,97,38,99
[ 47] Sent Broadcast: 6|0,25,81,6,82,46,15,23,43,87,12,66,70,80,100,47,69,41,63,97
[ 63] Received message from  69: 6|0,25,81,6,82,46,15,23,43,87,12,66,70,80,100,47,69,50,63,97
[ 80] Received message from  57: 6|0,25,81,6,82,46,15,23,43,87,57,49,66,80
[100] Sent Broadcast: 6|0,25,81,6,82,46,15,23,43,87,12,66,70,80,100,47,69
[ 57] Sent Broadcast: 6|0,25,81,6,82,46,15,23,43,87,57,49,66,80
[ 76] Received message from  24: 6|0,25,81,6,82,46,15,23,43,87,12,66,70,80,100,49,57,56,60,24,27,88,95,76
[ 50] Received message from  63: 6|0,25,81,6,82,46,15,23,43,87,12,66,70,80,100,47,69,41,63,97,50
[ 50] Received message from  97: 6|0,25,81,6,82,46,15,23,43,87,12,66,70,80,100,47,69,41,63,97,50
[ 63] Sent Broadcast: 6|0,25,81,6,82,46,15,23,43,87,12,66,70,80,100,47,69,41,63,97,50
[ 97] Sent Broadcast: 6|0,25,81,6,82,46,15,23,43,87,12,66,70,80,100,47,69,41,63,97,50
[ 27] Received message from  60: 6|0,25,81,6,82,46,15,23,43,87,12,66,70,80,100,49,57,56,60,24,27,88,95
[ 97] Received message from  69: 6|0,25,81,6,82,46,15,23,43,87,12,66,70,80,100,47,69,50,63,97
[ 24] Sent Broadcast: 6|0,25,81,6,82,46,15,23,43,87,12,66,70,80,100,49,57,56,60,24,27,88,95,76
[ 69] Sent Broadcast: 6|0,25,81,6,82,46,15,23,43,87,12,66,70,80,100,47,69,50,63,97
[ 88] Received message from  60: 6|0,25,81,6,82,46,15,23,43,87,12,66,70,80,100,49,57,56,60,24,27,88,95
[ 76] Received message from  27: 6|0,25,81,6,82,46,15,23,43,87,12,66,70,80,100,49,57,56,60,24,27,88,95,76
[ 27] Sent Broadcast: 6|0,25,81,6,82,46,15,23,43,87,12,66,70,80,100,49,57,56,60,24,27,88,95,76
[ 95] Received message from  60: 6|0,25,81,6,82,46,15,23,43,87,12,66,70,80,100,49,57,56,60,24,27,88,95
[ 60] Sent Broadcast: 6|0,25,81,6,82,46,15,23,43,87,12,66,70,80,100,49,57,56,60,24,27,88,95
[ 59] Received message from   7: 7|0,59
[  7] Sent Broadcast: 7|0,59
[ 35] Received message from  33: 33|0,35,73
[ 73] Received message from  33: 33|0,35,73
[ 33] Sent Broadcast: 33|0,35,73
