[ 69] Received message from   1: 1|0,69
[  1] Sent Broadcast: 1|0,69
[ 92] Received message from  69: 1|0,69,1,92
[ 69] Sent Broadcast: 1|0,69,1,92
[  9] Received message from   2: 2|0,9,61
[ 61] Received message from   2: 2|0,9,61
[  2] Sent Broadcast: 2|0,9,61
[ 10] Received message from   3: 3|0,10,33,54
[ 33] Received message from   3: 3|0,10,33,54
[ 20] Received message from  10: 3|0,10,33,54,3,20,22,31,51,97
[ 54] Received message from   3: 3|0,10,33,54
[  3] Sent Broadcast: 3|0,10,33,54
[ 16] Received message from  20: 3|0,10,33,54,3,20,22,31,51,97,16,44
[ 22] Received message from  10: 3|0,10,33,54,3,20,22,31,51,97
[ 48] Received message from  33: 3|0,10,33,54,3,48,75
[ 44] Received message from  20: 3|0,10,33,54,3,20,22,31,51,97,16,44
[ 20] Sent Broadcast: 3|0,10,33,54,3,20,22,31,51,97,16,44
[ 31] Received message from  10: 3|0,10,33,54,3,20,22,31,51,97
[ 75] Received message from  33: 3|0,10,33,54,3,48,75
[ 16] Received message from  22: 3|0,10,33,54,3,20,22,31,51,97,16,29,44,62,89
[ 12] Received message from  16: 3|0,10,33,54,3,20,22,31,51,97,16,44,12,29,82
[ 33] Sent Broadcast: 3|0,10,33,54,3,48,75
[ 55] Received message from  48: 3|0,10,33,54,3,48,75,55,60
[ 29] Received message from  16: 3|0,10,33,54,3,20,22,31,51,97,16,44,12,29,82
[ 51] Received message from  10: 3|0,10,33,54,3,20,22,31,51,97
[ 60] Received message from  48: 3|0,10,33,54,3,48,75,55,60
[ 29] Received message from  22: 3|0,10,33,54,3,20,22,31,51,97,16,29,44,62,89
[ 12] Received message from  44: 3|0,10,33,54,3,20,22,31,51,97,16,44,12,29
[ 48] Sent Broadcast: 3|0,10,33,54,3,48,75,55,60
[ 97] Received message from  10: 3|0,10,33,54,3,20,22,31,51,97
[ 21] Received message from  29: 3|0,10,33,54,3,20,22,31,51,97,16,44,12,29,82,21,62,89
[ 70] Received message from  55: 3|0,10,33,54,3,48,75,55,60,70
[ 82] Received message from  16: 3|0,10,33,54,3,20,22,31,51,97,16,44,12,29,82
[ 10] Sent Broadcast: 3|0,10,33,54,3,20,22,31,51,97
[ 16] Received message from  51: 3|0,10,33,54,3,20,22,31,51,97,16,29,44,62,89
[ 34] Received message from  60: 3|0,10,33,54,3,48,75,55,60,34,67
[ 44] Received message from  22: 3|0,10,33,54,3,20,22,31,51,97,16,29,44,62,89
[ 16] Sent Broadcast: 3|0,10,33,54,3,20,22,31,51,97,16,44,12,29,82
[ 55] Sent Broadcast: 3|0,10,33,54,3,48,75,55,60,70
[ 29] Received message from  44: 3|0,10,33,54,3,20,22,31,51,97,16,44,12,29
[ 44] Sent Broadcast: 3|0,10,33,54,3,20,22,31,51,97,16,44,12,29
[ 44] Received message from  97: 3|0,10,33,54,3,20,22,31,51,97,44
[ 97] Sent Broadcast: 3|0,10,33,54,3,20,22,31,51,97,44
[ 62] Received message from  29: 3|0,10,33,54,3,20,22,31,51,97,16,44,12,29,82,21,62,89
[ 29] Received message from  51: 3|0,10,33,54,3,20,22,31,51,97,16,29,44,62,89
[ 67] Received message from  60: 3|0,10,33,54,3,48,75,55,60,34,67
[ 59] Received message from  82: 3|0,10,33,54,3,20,22,31,51,97,16,44,12,29,82,59,90
[ 74] Received message from  34: 3|0,10,33,54,3,48,75,55,60,34,67,74
[ 62] Received message from  22: 3|0,10,33,54,3,20,22,31,51,97,16,29,44,62,89
[ 44] Received message from  51: 3|0,10,33,54,3,20,22,31,51,97,16,29,44,62,89
[ 60] Sent Broadcast: 3|0,10,33,54,3,48,75,55,60,34,67
[ 34] Sent Broadcast: 3|0,10,33,54,3,48,75,55,60,34,67,74
[ 89] Received message from  29: 3|0,10,33,54,3,20,22,31,51,97,16,44,12,29,82,21,62,89
[ 13] Received message from  59: 3|0,10,33,54,3,20,22,31,51,97,16,44,12,29,82,59,90,13
[ 35] Received message from  74: 3|0,10,33,54,3,48,75,55,60,34,67,74,35,78
[ 29] Sent Broadcast: 3|0,10,33,54,3,20,22,31,51,97,16,44,12,29,82,21,62,89
[ 59] Sent Broadcast: 3|0,10,33,54,3,20,22,31,51,97,16,44,12,29,82,59,90,13
[ 78] Received message from  74: 3|0,10,33,54,3,48,75,55,60,34,67,74,35,78
[ 74] Sent Broadcast: 3|0,10,33,54,3,48,75,55,60,34,67,74,35,78
[ 62] Received message from  51: 3|0,10,33,54,3,20,22,31,51,97,16,29,44,62,89
[ 89] Received message from  22: 3|0,10,33,54,3,20,22,31,51,97,16,29,44,62,89
[ 22] Sent Broadcast: 3|0,10,33,54,3,20,22,31,51,97,16,29,44,62,89
[ 83] Received message from  13: 3|0,10,33,54,3,20,22,31,51,97,16,44,12,29,82,59,90,13,83
[ 13] Sent Broadcast: 3|0,10,33,54,3,20,22,31,51,97,16,44,12,29,82,59,90,13,83
[ 89] Received message from  51: 3|0,10,33,54,3,20,22,31,51,97,16,29,44,62,89
[ 90] Received message from  82: 3|0,10,33,54,3,20,22,31,51,97,16,44,12,29,82,59,90
[ 51] Sent Broadcast: 3|0,10,33,54,3,20,22,31,51,97,16,29,44,62,89
[ 82] Sent Broadcast: 3|0,10,33,54,3,20,22,31,51,97,16,44,12,29,82,59,90
[ 47] Received message from  78: 3|0,10,33,54,3,48,75,55,60,34,67,74,35,78,47,84
[ 85] Received message from  83: 3|0,10,33,54,3,20,22,31,51,97,16,44,12,29,82,59,90,13,83,85
[ 83] Sent Broadcast: 3|0,10,33,54,3,20,22,31,51,97,16,44,12,29,82,59,90,13,83,85
[ 53] Received message from  47: 3|0,10,33,54,3,48,75,55,60,34,67,74,35,78,47,84,53,76,91,99
[ 84] Received message from  78: 3|0,10,33,54,3,48,75,55,60,34,67,74,35,78,47,84
[ 78] Sent Broadcast: 3|0,10,33,54,3,48,75,55,60,34,67,74,35,78,47,84
[ 76] Received message from  47: 3|0,10,33,54,3,48,75,55,60,34,67,74,35,78,47,84,53,76,91,99
[ 76] Received message from  84: 3|0,10,33,54,3,48,75,55,60,34,67,74,35,78,47,84,76,91
[ 91] Received message from  47: 3|0,10,33,54,3,48,75,55,60,34,67,74,35,78,47,84,53,76,91,99
[ 91] Received message from  84: 3|0,10,33,54,3,48,75,55,60,34,67,74,35,78,47,84,76,91
[ 84] Sent Broadcast: 3|0,10,33,54,3,48,75,55,60,34,67,74,35,78,47,84,76,91
[ 99] Received message from  47: 3|0,10,33,54,3,48,75,55,60,34,67,74,35,78,47,84,53,76,91,99
[ 47] Sent Broadcast: 3|0,10,33,54,3,48,75,55,60,34,67,74,35,78,47,84,53,76,91,99
[ 72] Received message from  99: 3|0,10,33,54,3,48,75,55,60,34,67,74,35,78,47,84,53,76,91,99,72
[ 99] Sent Broadcast: 3|0,10,33,54,3,48,75,55,60,34,67,74,35,78,47,84,53,76,91,99,72
[  6] Received message from  72: 3|0,10,33,54,3,48,75,55,60,34,67,74,35,78,47,84,53,76,91,99,72,6,7
[  7] Received message from  72: 3|0,10,33,54,3,48,75,55,60,34,67,74,35,78,47,84,53,76,91,99,72,6,7
[ 72] Sent Broadcast: 3|0,10,33,54,3,48,75,55,60,34,67,74,35,78,47,84,53,76,91,99,72,6,7
[ 52] Received message from   6: 3|0,10,33,54,3,48,75,55,60,34,67,74,35,78,47,84,53,76,91,99,72,6,7,52
[  6] Sent Broadcast: 3|0,10,33,54,3,48,75,55,60,34,67,74,35,78,47,84,53,76,91,99,72,6,7,52
[ 23] Received message from   7: 3|0,10,33,54,3,48,75,55,60,34,67,74,35,78,47,84,53,76,91,99,72,6,7,23,24
[ 24] Received message from   7: 3|0,10,33,54,3,48,75,55,60,34,67,74,35,78,47,84,53,76,91,99,72,6,7,23,24
[  4] Received message from  23: 3|0,10,33,54,3,48,75,55,60,34,67,74,35,78,47,84,53,76,91,99,72,6,7,23,24,4,18
[  7] Sent Broadcast: 3|0,10,33,54,3,48,75,55,60,34,67,74,35,78,47,84,53,76,91,99,72,6,7,23,24
[ 18] Received message from  23: 3|0,10,33,54,3,48,75,55,60,34,67,74,35,78,47,84,53,76,91,99,72,6,7,23,24,4,18
[ 23] Sent Broadcast: 3|0,10,33,54,3,48,75,55,60,34,67,74,35,78,47,84,53,76,91,99,72,6,7,23,24,4,18
[ 11] Received message from   4: 3|0,10,33,54,3,48,75,55,60,34,67,74,35,78,47,84,53,76,91,99,72,6,7,23,24,4,18,11,40,43
[ 11] Received message from  18: 3|0,10,33,54,3,48,75,55,60,34,67,74,35,78,47,84,53,76,91,99,72,6,7,23,24,4,18,11,14,32,40,43
[ 40] Received message from   4: 3|0,10,33,54,3,48,75,55,60,34,67,74,35,78,47,84,53,76,91,99,72,6,7,23,24,4,18,11,40,43
[ 88] Received message from  11: 3|10,33,54,3,48,75,55,60,34,67,74,35,78,47,84,53,76,91,99,72,6,7,23,24,4,18,11,40,43,88
[ 11] Sent Broadcast: 3|10,33,54,3,48,75,55,60,34,67,74,35,78,47,84,53,76,91,99,72,6,7,23,24,4,18,11,40,43,88
[ 14] Received message from  18: 3|0,10,33,54,3,48,75,55,60,34,67,74,35,78,47,84,53,76,91,99,72,6,7,23,24,4,18,11,14,32,40,43
[ 43] Received message from   4: 3|0,10,33,54,3,48,75,55,60,34,67,74,35,78,47,84,53,76,91,99,72,6,7,23,24,4,18,11,40,43
[  4] Sent Broadcast: 3|0,10,33,54,3,48,75,55,60,34,67,74,35,78,47,84,53,76,91,99,72,6,7,23,24,4,18,11,40,43
[ 88] Received message from  40: 3|10,33,54,3,48,75,55,60,34,67,74,35,78,47,84,53,76,91,99,72,6,7,23,24,4,18,11,40,43,88
[ 32] Received message from  18: 3|0,10,33,54,3,48,75,55,60,34,67,74,35,78,47,84,53,76,91,99,72,6,7,23,24,4,18,11,14,32,40,43
[ 40] Sent Broadcast: 3|10,33,54,3,48,75,55,60,34,67,74,35,78,47,84,53,76,91,99,72,6,7,23,24,4,18,11,40,43,88
[ 32] Received message from  88: 3|33,54,3,48,75,55,60,34,67,74,35,78,47,84,53,76,91,99,72,6,7,23,24,4,18,11,40,43,88,32,41,86
[ 36] Received message from  14: 3|0,10,33,54,3,48,75,55,60,34,67,74,35,78,47,84,53,76,91,99,72,6,7,23,24,4,18,11,14,32,40,43,36,100
[ 14] Received message from  43: 3|10,33,54,3,48,75,55,60,34,67,74,35,78,47,84,53,76,91,99,72,6,7,23,24,4,18,11,40,43,14,32,41,88
[ 36] Received message from  32: 3|0,10,33,54,3,48,75,55,60,34,67,74,35,78,47,84,53,76,91,99,72,6,7,23,24,4,18,11,14,32,40,43,36,41,88,100
[ 41] Received message from  88: 3|33,54,3,48,75,55,60,34,67,74,35,78,47,84,53,76,91,99,72,6,7,23,24,4,18,11,40,43,88,32,41,86
[ 32] Received message from  43: 3|10,33,54,3,48,75,55,60,34,67,74,35,78,47,84,53,76,91,99,72,6,7,23,24,4,18,11,40,43,14,32,41,88
[ 39] Received message from  36: 3|0,10,33,54,3,48,75,55,60,34,67,74,35,78,47,84,53,76,91,99,72,6,7,23,24,4,18,11,14,32,40,43,36,100,39,57,65,71,96
[ 41] Received message from  32: 3|0,10,33,54,3,48,75,55,60,34,67,74,35,78,47,84,53,76,91,99,72,6,7,23,24,4,18,11,14,32,40,43,36,41,88,100
[100] Received message from  14: 3|0,10,33,54,3,48,75,55,60,34,67,74,35,78,47,84,53,76,91,99,72,6,7,23,24,4,18,11,14,32,40,43,36,100
[ 40] Received message from  18: 3|0,10,33,54,3,48,75,55,60,34,67,74,35,78,47,84,53,76,91,99,72,6,7,23,24,4,18,11,14,32,40,43
[ 86] Received message from  88: 3|33,54,3,48,75,55,60,34,67,74,35,78,47,84,53,76,91,99,72,6,7,23,24,4,18,11,40,43,88,32,41,86
[ 41] Received message from  43: 3|10,33,54,3,48,75,55,60,34,67,74,35,78,47,84,53,76,91,99,72,6,7,23,24,4,18,11,40,43,14,32,41,88
[ 88] Sent Broadcast: 3|33,54,3,48,75,55,60,34,67,74,35,78,47,84,53,76,91,99,72,6,7,23,24,4,18,11,40,43,88,32,41,86
[ 14] Sent Broadcast: 3|0,10,33,54,3,48,75,55,60,34,67,74,35,78,47,84,53,76,91,99,72,6,7,23,24,4,18,11,14,32,40,43,36,100
[ 57] Received message from  36: 3|0,10,33,54,3,48,75,55,60,34,67,74,35,78,47,84,53,76,91,99,72,6,7,23,24,4,18,11,14,32,40,43,36,100,39,57,65,71,96
[ 19] Received message from  41: 3|33,54,3,48,75,55,60,34,67,74,35,78,47,84,53,76,91,99,72,6,7,23,24,4,18,11,40,43,88,32,41,86,19,71,100
[ 43] Received message from  18: 3|0,10,33,54,3,48,75,55,60,34,67,74,35,78,47,84,53,76,91,99,72,6,7,23,24,4,18,11,14,32,40,43
[ 88] Received message from  32: 3|0,10,33,54,3,48,75,55,60,34,67,74,35,78,47,84,53,76,91,99,72,6,7,23,24,4,18,11,14,32,40,43,36,41,88,100
[ 18] Sent Broadcast: 3|0,10,33,54,3,48,75,55,60,34,67,74,35,78,47,84,53,76,91,99,72,6,7,23,24,4,18,11,14,32,40,43
[ 58] Received message from  39: 3|0,10,33,54,3,48,75,55,60,34,67,74,35,78,47,84,53,76,91,99,72,6,7,23,24,4,18,11,14,32,40,43,36,100,39,57,65,71,96,58
[ 30] Received message from  86: 3|33,54,3,48,75,55,60,34,67,74,35,78,47,84,53,76,91,99,72,6,7,23,24,4,18,11,40,43,88,32,41,86,30,93
[ 19] Received message from 100: 3|0,10,33,54,3,48,75,55,60,34,67,74,35,78,47,84,53,76,91,99,72,6,7,23,24,4,18,11,14,32,40,43,36,100,19,41,57,65,71,96
[ 39] Sent Broadcast: 3|0,10,33,54,3,48,75,55,60,34,67,74,35,78,47,84,53,76,91,99,72,6,7,23,24,4,18,11,14,32,40,43,36,100,39,57,65,71,96,58
[ 65] Received message from  36: 3|0,10,33,54,3,48,75,55,60,34,67,74,35,78,47,84,53,76,91,99,72,6,7,23,24,4,18,11,14,32,40,43,36,100,39,57,65,71,96
[ 71] Received message from  41: 3|33,54,3,48,75,55,60,34,67,74,35,78,47,84,53,76,91,99,72,6,7,23,24,4,18,11,40,43,88,32,41,86,19,71,100
[ 88] Received message from  43: 3|10,33,54,3,48,75,55,60,34,67,74,35,78,47,84,53,76,91,99,72,6,7,23,24,4,18,11,40,43,14,32,41,88
[ 43] Sent Broadcast: 3|10,33,54,3,48,75,55,60,34,67,74,35,78,47,84,53,76,91,99,72,6,7,23,24,4,18,11,40,43,14,32,41,88
[ 28] Received message from  19: 3|33,54,3,48,75,55,60,34,67,74,35,78,47,84,53,76,91,99,72,6,7,23,24,4,18,11,40,43,88,32,41,86,19,71,100,28,65,95,98
[100] Received message from  32: 3|0,10,33,54,3,48,75,55,60,34,67,74,35,78,47,84,53,76,91,99,72,6,7,23,24,4,18,11,14,32,40,43,36,41,88,100
[ 71] Received message from  36: 3|0,10,33,54,3,48,75,55,60,34,67,74,35,78,47,84,53,76,91,99,72,6,7,23,24,4,18,11,14,32,40,43,36,100,39,57,65,71,96
[ 45] Received message from  30: 3|33,54,3,48,75,55,60,34,67,74,35,78,47,84,53,76,91,99,72,6,7,23,24,4,18,11,40,43,88,32,41,86,30,93,45,80
[ 32] Sent Broadcast: 3|0,10,33,54,3,48,75,55,60,34,67,74,35,78,47,84,53,76,91,99,72,6,7,23,24,4,18,11,14,32,40,43,36,41,88,100
[ 41] Received message from 100: 3|0,10,33,54,3,48,75,55,60,34,67,74,35,78,47,84,53,76,91,99,72,6,7,23,24,4,18,11,14,32,40,43,36,100,19,41,57,65,71,96
[ 93] Received message from  86: 3|33,54,3,48,75,55,60,34,67,74,35,78,47,84,53,76,91,99,72,6,7,23,24,4,18,11,40,43,88,32,41,86,30,93
[ 19] Received message from  65: 3|0,10,33,54,3,48,75,55,60,34,67,74,35,78,47,84,53,76,91,99,72,6,7,23,24,4,18,11,14,32,40,43,36,100,39,57,65,71,96,19,98
[ 65] Received message from  19: 3|33,54,3,48,75,55,60,34,67,74,35,78,47,84,53,76,91,99,72,6,7,23,24,4,18,11,40,43,88,32,41,86,19,71,100,28,65,95,98
[100] Received message from  41: 3|33,54,3,48,75,55,60,34,67,74,35,78,47,84,53,76,91,99,72,6,7,23,24,4,18,11,40,43,88,32,41,86,19,71,100
[ 86] Sent Broadcast: 3|33,54,3,48,75,55,60,34,67,74,35,78,47,84,53,76,91,99,72,6,7,23,24,4,18,11,40,43,88,32,41,86,30,93
[ 41] Sent Broadcast: 3|33,54,3,48,75,55,60,34,67,74,35,78,47,84,53,76,91,99,72,6,7,23,24,4,18,11,40,43,88,32,41,86,19,71,100
[ 28] Received message from  71: 3|33,54,3,48,75,55,60,34,67,74,35,78,47,84,53,76,91,99,72,6,7,23,24,4,18,11,40,43,88,32,41,86,19,71,100,28,36,65,95,98
[ 15] Received message from  45: 3|33,54,3,48,75,55,60,34,67,74,35,78,47,84,53,76,91,99,72,6,7,23,24,4,18,11,40,43,88,32,41,86,30,93,45,80,15
[ 57] Received message from 100: 3|0,10,33,54,3,48,75,55,60,34,67,74,35,78,47,84,53,76,91,99,72,6,7,23,24,4,18,11,14,32,40,43,36,100,19,41,57,65,71,96
[ 95] Received message from  19: 3|33,54,3,48,75,55,60,34,67,74,35,78,47,84,53,76,91,99,72,6,7,23,24,4,18,11,40,43,88,32,41,86,19,71,100,28,65,95,98
[  8] Received message from  93: 3|33,54,3,48,75,55,60,34,67,74,35,78,47,84,53,76,91,99,72,6,7,23,24,4,18,11,40,43,88,32,41,86,30,93,8,17,25
[ 26] Received message from  28: 3|33,54,3,48,75,55,60,34,67,74,35,78,47,84,53,76,91,99,72,6,7,23,24,4,18,11,40,43,88,32,41,86,19,71,100,28,65,95,98,26,42,81
[ 98] Received message from  65: 3|0,10,33,54,3,48,75,55,60,34,67,74,35,78,47,84,53,76,91,99,72,6,7,23,24,4,18,11,14,32,40,43,36,100,39,57,65,71,96,19,98
[ 96] Received message from  36: 3|0,10,33,54,3,48,75,55,60,34,67,74,35,78,47,84,53,76,91,99,72,6,7,23,24,4,18,11,14,32,40,43,36,100,39,57,65,71,96
[ 80] Received message from  30: 3|33,54,3,48,75,55,60,34,67,74,35,78,47,84,53,76,91,99,72,6,7,23,24,4,18,11,40,43,88,32,41,86,30,93,45,80
[ 45] Sent Broadcast: 3|33,54,3,48,75,55,60,34,67,74,35,78,47,84,53,76,91,99,72,6,7,23,24,4,18,11,40,43,88,32,41,86,30,93,45,80,15
[ 36] Received message from  71: 3|33,54,3,48,75,55,60,34,67,74,35,78,47,84,53,76,91,99,72,6,7,23,24,4,18,11,40,43,88,32,41,86,19,71,100,28,36,65,95,98
[ 65] Sent Broadcast: 3|0,10,33,54,3,48,75,55,60,34,67,74,35,78,47,84,53,76,91,99,72,6,7,23,24,4,18,11,14,32,40,43,36,100,39,57,65,71,96,19,98
[ 30] Sent Broadcast: 3|33,54,3,48,75,55,60,34,67,74,35,78,47,84,53,76,91,99,72,6,7,23,24,4,18,11,40,43,88,32,41,86,30,93,45,80
[ 36] Sent Broadcast: 3|0,10,33,54,3,48,75,55,60,34,67,74,35,78,47,84,53,76,91,99,72,6,7,23,24,4,18,11,14,32,40,43,36,100,39,57,65,71,96
[ 80] Received message from  95: 3|33,54,3,48,75,55,60,34,67,74,35,78,47,84,53,76,91,99,72,6,7,23,24,4,18,11,40,43,88,32,41,86,19,71,100,28,65,95,98,80
[ 65] Received message from 100: 3|0,10,33,54,3,48,75,55,60,34,67,74,35,78,47,84,53,76,91,99,72,6,7,23,24,4,18,11,14,32,40,43,36,100,19,41,57,65,71,96
[ 46] Received message from   8: 3|33,54,3,48,75,55,60,34,67,74,35,78,47,84,53,76,91,99,72,6,7,23,24,4,18,11,40,43,88,32,41,86,30,93,8,17,25,46
[ 17] Received message from  93: 3|33,54,3,48,75,55,60,34,67,74,35,78,47,84,53,76,91,99,72,6,7,23,24,4,18,11,40,43,88,32,41,86,30,93,8,17,25
[  5] Received message from  26: 3|33,54,3,48,75,55,60,34,67,74,35,78,47,84,53,76,91,99,72,6,7,23,24,4,18,11,40,43,88,32,41,86,19,71,100,28,65,95,98,26,42,81,5
[ 95] Sent Broadcast: 3|33,54,3,48,75,55,60,34,67,74,35,78,47,84,53,76,91,99,72,6,7,23,24,4,18,11,40,43,88,32,41,86,19,71,100,28,65,95,98,80
[ 50] Received message from  15: 3|33,54,3,48,75,55,60,34,67,74,35,78,47,84,53,76,91,99,72,6,7,23,24,4,18,11,40,43,88,32,41,86,30,93,45,80,15,50
[ 15] Sent Broadcast: 3|33,54,3,48,75,55,60,34,67,74,35,78,47,84,53,76,91,99,72,6,7,23,24,4,18,11,40,43,88,32,41,86,30,93,45,80,15,50
[ 95] Received message from  80: 3|33,54,3,48,75,55,60,34,67,74,35,78,47,84,53,76,91,99,72,6,7,23,24,4,18,11,40,43,88,32,41,86,30,93,45,80,95
[ 26] Received message from  98: 3|0,10,33,54,3,48,75,55,60,34,67,74,35,78,47,84,53,76,91,99,72,6,7,23,24,4,18,11,14,32,40,43,36,100,39,57,65,71,96,19,98,26,28,42,95
[ 42] Received message from  28: 3|33,54,3,48,75,55,60,34,67,74,35,78,47,84,53,76,91,99,72,6,7,23,24,4,18,11,40,43,88,32,41,86,19,71,100,28,65,95,98,26,42,81
[  8] Sent Broadcast: 3|33,54,3,48,75,55,60,34,67,74,35,78,47,84,53,76,91,99,72,6,7,23,24,4,18,11,40,43,88,32,41,86,30,93,8,17,25,46
[ 26] Sent Broadcast: 3|33,54,3,48,75,55,60,34,67,74,35,78,47,84,53,76,91,99,72,6,7,23,24,4,18,11,40,43,88,32,41,86,19,71,100,28,65,95,98,26,42,81,5
[ 80] Sent Broadcast: 3|33,54,3,48,75,55,60,34,67,74,35,78,47,84,53,76,91,99,72,6,7,23,24,4,18,11,40,43,88,32,41,86,30,93,45,80,95
[ 98] Received message from  19: 3|33,54,3,48,75,55,60,34,67,74,35,78,47,84,53,76,91,99,72,6,7,23,24,4,18,11,40,43,88,32,41,86,19,71,100,28,65,95,98
[ 65] Received message from  71: 3|33,54,3,48,75,55,60,34,67,74,35,78,47,84,53,76,91,99,72,6,7,23,24,4,18,11,40,43,88,32,41,86,19,71,100,28,36,65,95,98
[ 19] Sent Broadcast: 3|33,54,3,48,75,55,60,34,67,74,35,78,47,84,53,76,91,99,72,6,7,23,24,4,18,11,40,43,88,32,41,86,19,71,100,28,65,95,98
[ 28] Received message from  98: 3|0,10,33,54,3,48,75,55,60,34,67,74,35,78,47,84,53,76,91,99,72,6,7,23,24,4,18,11,14,32,40,43,36,100,39,57,65,71,96,19,98,26,28,42,95
[ 25] Received message from  93: 3|33,54,3,48,75,55,60,34,67,74,35,78,47,84,53,76,91,99,72,6,7,23,24,4,18,11,40,43,88,32,41,86,30,93,8,17,25
[ 66] Received message from  46: 3|33,54,3,48,75,55,60,34,67,74,35,78,47,84,53,76,91,99,72,6,7,23,24,4,18,11,40,43,88,32,41,86,30,93,8,17,25,46,66,73
[ 93] Sent Broadcast: 3|33,54,3,48,75,55,60,34,67,74,35,78,47,84,53,76,91,99,72,6,7,23,24,4,18,11,40,43,88,32,41,86,30,93,8,17,25
[ 71] Received message from 100: 3|0,10,33,54,3,48,75,55,60,34,67,74,35,78,47,84,53,76,91,99,72,6,7,23,24,4,18,11,14,32,40,43,36,100,19,41,57,65,71,96
[ 81] Received message from  28: 3|33,54,3,48,75,55,60,34,67,74,35,78,47,84,53,76,91,99,72,6,7,23,24,4,18,11,40,43,88,32,41,86,19,71,100,28,65,95,98,26,42,81
[ 95] Received message from  71: 3|33,54,3,48,75,55,60,34,67,74,35,78,47,84,53,76,91,99,72,6,7,23,24,4,18,11,40,43,88,32,41,86,19,71,100,28,36,65,95,98
[ 28] Sent Broadcast: 3|33,54,3,48,75,55,60,34,67,74,35,78,47,84,53,76,91,99,72,6,7,23,24,4,18,11,40,43,88,32,41,86,19,71,100,28,65,95,98,26,42,81
[ 42] Received message from  98: 3|0,10,33,54,3,48,75,55,60,34,67,74,35,78,47,84,53,76,91,99,72,6,7,23,24,4,18,11,14,32,40,43,36,100,39,57,65,71,96,19,98,26,28,42,95
[ 73] Received message from  46: 3|33,54,3,48,75,55,60,34,67,74,35,78,47,84,53,76,91,99,72,6,7,23,24,4,18,11,40,43,88,32,41,86,30,93,8,17,25,46,66,73
[ 46] Received message from  17: 3|33,54,3,48,75,55,60,34,67,74,35,78,47,84,53,76,91,99,72,6,7,23,24,4,18,11,40,43,88,32,41,86,30,93,8,17,25,46,66,73
[ 96] Received message from 100: 3|0,10,33,54,3,48,75,55,60,34,67,74,35,78,47,84,53,76,91,99,72,6,7,23,24,4,18,11,14,32,40,43,36,100,19,41,57,65,71,96
[ 46] Sent Broadcast: 3|33,54,3,48,75,55,60,34,67,74,35,78,47,84,53,76,91,99,72,6,7,23,24,4,18,11,40,43,88,32,41,86,30,93,8,17,25,46,66,73
[  5] Received message from  42: 3|33,54,3,48,75,55,60,34,67,74,35,78,47,84,53,76,91,99,72,6,7,23,24,4,18,11,40,43,88,32,41,86,19,71,100,28,65,95,98,26,42,81,5
[ 98] Received message from  71: 3|33,54,3,48,75,55,60,34,67,74,35,78,47,84,53,76,91,99,72,6,7,23,24,4,18,11,40,43,88,32,41,86,19,71,100,28,36,65,95,98
[ 64] Received message from   5: 3|33,54,3,48,75,55,60,34,67,74,35,78,47,84,53,76,91,99,72,6,7,23,24,4,18,11,40,43,88,32,41,86,19,71,100,28,65,95,98,26,42,81,5,64,68
[ 95] Received message from  98: 3|0,10,33,54,3,48,75,55,60,34,67,74,35,78,47,84,53,76,91,99,72,6,7,23,24,4,18,11,14,32,40,43,36,100,39,57,65,71,96,19,98,26,28,42,95
[ 66] Received message from  17: 3|33,54,3,48,75,55,60,34,67,74,35,78,47,84,53,76,91,99,72,6,7,23,24,4,18,11,40,43,88,32,41,86,30,93,8,17,25,46,66,73
[ 46] Received message from  25: 3|33,54,3,48,75,55,60,34,67,74,35,78,47,84,53,76,91,99,72,6,7,23,24,4,18,11,40,43,88,32,41,86,30,93,8,17,25,46
[ 42] Sent Broadcast: 3|33,54,3,48,75,55,60,34,67,74,35,78,47,84,53,76,91,99,72,6,7,23,24,4,18,11,40,43,88,32,41,86,19,71,100,28,65,95,98,26,42,81,5
[ 71] Sent Broadcast: 3|33,54,3,48,75,55,60,34,67,74,35,78,47,84,53,76,91,99,72,6,7,23,24,4,18,11,40,43,88,32,41,86,19,71,100,28,36,65,95,98
[100] Sent Broadcast: 3|0,10,33,54,3,48,75,55,60,34,67,74,35,78,47,84,53,76,91,99,72,6,7,23,24,4,18,11,14,32,40,43,36,100,19,41,57,65,71,96
[ 25] Sent Broadcast: 3|33,54,3,48,75,55,60,34,67,74,35,78,47,84,53,76,91,99,72,6,7,23,24,4,18,11,40,43,88,32,41,86,30,93,8,17,25,46
[ 98] Sent Broadcast: 3|0,10,33,54,3,48,75,55,60,34,67,74,35,78,47,84,53,76,91,99,72,6,7,23,24,4,18,11,14,32,40,43,36,100,39,57,65,71,96,19,98,26,28,42,95
[ 79] Received message from  73: 3|33,54,3,48,75,55,60,34,67,74,35,78,47,84,53,76,91,99,72,6,7,23,24,4,18,11,40,43,88,32,41,86,30,93,8,17,25,46,66,73,79
[  5] Received message from  81: 3|33,54,3,48,75,55,60,34,67,74,35,78,47,84,53,76,91,99,72,6,7,23,24,4,18,11,40,43,88,32,41,86,19,71,100,28,65,95,98,26,42,81,5,64
[ 73] Sent Broadcast: 3|33,54,3,48,75,55,60,34,67,74,35,78,47,84,53,76,91,99,72,6,7,23,24,4,18,11,40,43,88,32,41,86,30,93,8,17,25,46,66,73,79
[ 73] Received message from  17: 3|33,54,3,48,75,55,60,34,67,74,35,78,47,84,53,76,91,99,72,6,7,23,24,4,18,11,40,43,88,32,41,86,30,93,8,17,25,46,66,73
[ 68] Received message from   5: 3|33,54,3,48,75,55,60,34,67,74,35,78,47,84,53,76,91,99,72,6,7,23,24,4,18,11,40,43,88,32,41,86,19,71,100,28,65,95,98,26,42,81,5,64,68
[ 17] Sent Broadcast: 3|33,54,3,48,75,55,60,34,67,74,35,78,47,84,53,76,91,99,72,6,7,23,24,4,18,11,40,43,88,32,41,86,30,93,8,17,25,46,66,73
[  5] Sent Broadcast: 3|33,54,3,48,75,55,60,34,67,74,35,78,47,84,53,76,91,99,72,6,7,23,24,4,18,11,40,43,88,32,41,86,19,71,100,28,65,95,98,26,42,81,5,64,68
[ 64] Received message from  81: 3|33,54,3,48,75,55,60,34,67,74,35,78,47,84,53,76,91,99,72,6,7,23,24,4,18,11,40,43,88,32,41,86,19,71,100,28,65,95,98,26,42,81,5,64
[ 81] Sent Broadcast: 3|33,54,3,48,75,55,60,34,67,74,35,78,47,84,53,76,91,99,72,6,7,23,24,4,18,11,40,43,88,32,41,86,19,71,100,28,65,95,98,26,42,81,5,64
[ 56] Received message from  27: 27|0,56,63,87,94
[ 63] Received message from  27: 27|0,56,63,87,94
[ 87] Received message from  27: 27|0,56,63,87,94
[ 94] Received message from  27: 27|0,56,63,87,94
[ 27] Sent Broadcast: 27|0,56,63,87,94
[ 38] Received message from  37: 37|0,38
[ 37] Sent Broadcast: 37|0,38
[ 77] Received message from  49: 49|0,77
[ 49] Sent Broadcast: 49|0,77
