[ 43] Received message from   1: 1|0,43,63
[ 63] Received message from   1: 1|0,43,63
[  4] Received message from  43: 1|0,43,63,1,4,45,58,72
[  1] Sent Broadcast: 1|0,43,63
[ 41] Received message from   4: 1|0,43,63,1,4,45,58,72,41,69,85
[ 69] Received message from   4: 1|0,43,63,1,4,45,58,72,41,69,85
[  6] Received message from  41: 1|0,43,63,1,4,45,58,72,41,69,85,6,44,65,68,70
[ 85] Received message from   4: 1|0,43,63,1,4,45,58,72,41,69,85
[  4] Sent Broadcast: 1|0,43,63,1,4,45,58,72,41,69,85
[ 44] Received message from  41: 1|0,43,63,1,4,45,58,72,41,69,85,6,44,65,68,70
[ 45] Received message from  43: 1|0,43,63,1,4,45,58,72
[ 65] Received message from  69: 1|0,43,63,1,4,45,58,72,41,69,85,65,79,80
[ 55] Received message from   6: 1|0,43,63,1,4,45,58,72,41,69,85,6,44,65,68,70,55
[  6] Sent Broadcast: 1|0,43,63,1,4,45,58,72,41,69,85,6,44,65,68,70,55
[ 65] Received message from  41: 1|0,43,63,1,4,45,58,72,41,69,85,6,44,65,68,70
[ 58] Received message from  43: 1|0,43,63,1,4,45,58,72
[ 17] Received message from  63: 1|0,43,63,1,17,58,99
[ 79] Received message from  69: 1|0,43,63,1,4,45,58,72,41,69,85,65,79,80
[ 41] Received message from  45: 1|0,43,63,1,4,45,58,72,41,70,85
[ 12] Received message from  44: 1|0,43,63,1,4,45,58,72,41,69,85,6,44,65,68,70,12,27,55,59
[ 65] Received message from  85: 1|0,43,63,1,4,45,58,72,41,69,85,65
[ 68] Received message from  41: 1|0,43,63,1,4,45,58,72,41,69,85,6,44,65,68,70
[ 23] Received message from  65: 1|0,43,63,1,4,45,58,72,41,69,85,65,79,80,23,37,68
[ 85] Sent Broadcast: 1|0,43,63,1,4,45,58,72,41,69,85,65
[ 17] Received message from  58: 1|0,43,63,1,4,45,58,72,17,99
[  2] Received message from  55: 1|0,43,63,1,4,45,58,72,41,69,85,6,44,65,68,70,55,2,12,29,76
[ 58] Received message from  63: 1|0,43,63,1,17,58,99
[ 70] Received message from  45: 1|0,43,63,1,4,45,58,72,41,70,85
[ 23] Received message from  68: 1|0,43,63,1,4,45,58,72,41,69,85,6,44,65,68,70,23,27,37,59
[ 76] Received message from  12: 1|0,43,63,1,4,45,58,72,41,69,85,6,44,65,68,70,12,27,55,59,76
[ 72] Received message from  43: 1|0,43,63,1,4,45,58,72
[ 99] Received message from  58: 1|0,43,63,1,4,45,58,72,17,99
[ 80] Received message from  69: 1|0,43,63,1,4,45,58,72,41,69,85,65,79,80
[ 12] Received message from  55: 1|0,43,63,1,4,45,58,72,41,69,85,6,44,65,68,70,55,2,12,29,76
[ 99] Received message from  63: 1|0,43,63,1,17,58,99
[ 70] Received message from  41: 1|0,43,63,1,4,45,58,72,41,69,85,6,44,65,68,70
[  6] Received message from  70: 1|0,43,63,1,4,45,58,72,41,70,85,6
[  5] Received message from  17: 1|0,43,63,1,17,58,99,5
[ 37] Received message from  79: 1|0,43,63,1,4,45,58,72,41,69,85,65,79,80,37,46,64,67
[ 27] Received message from  44: 1|0,43,63,1,4,45,58,72,41,69,85,6,44,65,68,70,12,27,55,59
[  2] Received message from  76: 1|0,43,63,1,4,45,58,72,41,69,85,6,44,65,68,70,12,27,55,59,76,2,10,29,47
[  6] Received message from  72: 1|0,43,63,1,4,45,58,72,6,70
[ 27] Received message from  23: 1|0,43,63,1,4,45,58,72,41,69,85,65,79,80,23,37,68,27
[ 37] Received message from  65: 1|0,43,63,1,4,45,58,72,41,69,85,65,79,80,23,37,68
[ 43] Sent Broadcast: 1|0,43,63,1,4,45,58,72
[ 63] Sent Broadcast: 1|0,43,63,1,17,58,99
[ 58] Sent Broadcast: 1|0,43,63,1,4,45,58,72,17,99
[ 12] Sent Broadcast: 1|0,43,63,1,4,45,58,72,41,69,85,6,44,65,68,70,12,27,55,59,76
[  5] Received message from  99: 1|0,43,63,1,4,45,58,72,17,99,5
[ 46] Received message from  80: 1|0,43,63,1,4,45,58,72,41,69,85,65,79,80,46,64,67
[ 27] Received message from  68: 1|0,43,63,1,4,45,58,72,41,69,85,6,44,65,68,70,23,27,37,59
[ 21] Received message from   5: 1|0,43,63,1,17,58,99,5,21,89
[ 69] Sent Broadcast: 1|0,43,63,1,4,45,58,72,41,69,85,65,79,80
[ 41] Sent Broadcast: 1|0,43,63,1,4,45,58,72,41,69,85,6,44,65,68,70
[ 17] Sent Broadcast: 1|0,43,63,1,17,58,99,5
[ 70] Sent Broadcast: 1|0,43,63,1,4,45,58,72,41,70,85,6
[  8] Received message from   2: 1|0,43,63,1,4,45,58,72,41,69,85,6,44,65,68,70,55,2,12,29,76,8,47
[ 23] Received message from  27: 1|0,43,63,1,4,45,58,72,41,69,85,6,44,65,68,70,12,27,55,59,23
[ 85] Received message from  45: 1|0,43,63,1,4,45,58,72,41,70,85
[ 89] Received message from   5: 1|0,43,63,1,17,58,99,5,21,89
[ 10] Received message from  76: 1|0,43,63,1,4,45,58,72,41,69,85,6,44,65,68,70,12,27,55,59,76,2,10,29,47
[ 49] Received message from  46: 1|0,43,63,1,4,45,58,72,41,69,85,65,79,80,46,64,67,49
[ 29] Received message from  55: 1|0,43,63,1,4,45,58,72,41,69,85,6,44,65,68,70,55,2,12,29,76
[ 99] Sent Broadcast: 1|0,43,63,1,4,45,58,72,17,99,5
[ 23] Received message from  37: 1|0,43,63,1,4,45,58,72,41,69,85,65,79,80,37,46,64,67,23,68
[ 45] Sent Broadcast: 1|0,43,63,1,4,45,58,72,41,70,85
[  5] Sent Broadcast: 1|0,43,63,1,17,58,99,5,21,89
[ 70] Received message from  72: 1|0,43,63,1,4,45,58,72,6,70
[ 23] Sent Broadcast: 1|0,43,63,1,4,45,58,72,41,69,85,65,79,80,23,37,68,27
[ 27] Sent Broadcast: 1|0,43,63,1,4,45,58,72,41,69,85,6,44,65,68,70,12,27,55,59,23
[ 55] Received message from  44: 1|0,43,63,1,4,45,58,72,41,69,85,6,44,65,68,70,12,27,55,59
[ 72] Sent Broadcast: 1|0,43,63,1,4,45,58,72,6,70
[ 46] Sent Broadcast: 1|0,43,63,1,4,45,58,72,41,69,85,65,79,80,46,64,67,49
[ 20] Received message from  21: 1|0,43,63,1,17,58,99,5,21,89,20,60
[ 13] Received message from  89: 1|0,43,63,1,17,58,99,5,21,89,13,15,20,25,39,51,82,100
[ 46] Received message from  79: 1|0,43,63,1,4,45,58,72,41,69,85,65,79,80,37,46,64,67
[ 68] Received message from  65: 1|0,43,63,1,4,45,58,72,41,69,85,65,79,80,23,37,68
[ 37] Received message from  68: 1|0,43,63,1,4,45,58,72,41,69,85,6,44,65,68,70,23,27,37,59
[ 26] Received message from   8: 1|0,43,63,1,4,45,58,72,41,69,85,6,44,65,68,70,55,2,12,29,76,8,47,26
[ 29] Received message from  76: 1|0,43,63,1,4,45,58,72,41,69,85,6,44,65,68,70,12,27,55,59,76,2,10,29,47
[  8] Sent Broadcast: 1|0,43,63,1,4,45,58,72,41,69,85,6,44,65,68,70,55,2,12,29,76,8,47,26
[ 65] Sent Broadcast: 1|0,43,63,1,4,45,58,72,41,69,85,65,79,80,23,37,68
[ 64] Received message from  80: 1|0,43,63,1,4,45,58,72,41,69,85,65,79,80,46,64,67
[ 68] Received message from  37: 1|0,43,63,1,4,45,58,72,41,69,85,65,79,80,37,46,64,67,23,68
[  9] Received message from  49: 1|0,43,63,1,4,45,58,72,41,69,85,65,79,80,46,64,67,49,9,33
[ 10] Received message from  29: 1|0,43,63,1,4,45,58,72,41,69,85,6,44,65,68,70,55,2,12,29,76,10,47
[ 37] Sent Broadcast: 1|0,43,63,1,4,45,58,72,41,69,85,65,79,80,37,46,64,67,23,68
[ 47] Received message from   2: 1|0,43,63,1,4,45,58,72,41,69,85,6,44,65,68,70,55,2,12,29,76,8,47
[ 59] Received message from  44: 1|0,43,63,1,4,45,58,72,41,69,85,6,44,65,68,70,12,27,55,59
[ 64] Received message from  79: 1|0,43,63,1,4,45,58,72,41,69,85,65,79,80,37,46,64,67
[ 47] Received message from  76: 1|0,43,63,1,4,45,58,72,41,69,85,6,44,65,68,70,12,27,55,59,76,2,10,29,47
[ 15] Received message from  89: 1|0,43,63,1,17,58,99,5,21,89,13,15,20,25,39,51,82,100
[  2] Sent Broadcast: 1|0,43,63,1,4,45,58,72,41,69,85,6,44,65,68,70,55,2,12,29,76,8,47
[ 76] Received message from  55: 1|0,43,63,1,4,45,58,72,41,69,85,6,44,65,68,70,55,2,12,29,76
[ 60] Received message from  21: 1|0,43,63,1,17,58,99,5,21,89,20,60
[  3] Received message from   9: 1|0,43,63,1,4,45,58,72,41,69,85,65,79,80,46,64,67,49,9,33,3,81,91,94,97
[ 33] Received message from  49: 1|0,43,63,1,4,45,58,72,41,69,85,65,79,80,46,64,67,49,9,33
[ 55] Sent Broadcast: 1|0,43,63,1,4,45,58,72,41,69,85,6,44,65,68,70,55,2,12,29,76
[  7] Received message from  13: 1|0,43,63,1,17,58,99,5,21,89,13,15,20,25,39,51,82,100,7,86
[ 59] Received message from  68: 1|0,43,63,1,4,45,58,72,41,69,85,6,44,65,68,70,23,27,37,59
[ 49] Sent Broadcast: 1|0,43,63,1,4,45,58,72,41,69,85,65,79,80,46,64,67,49,9,33
[ 60] Received message from  26: 1|0,43,63,1,4,45,58,72,41,69,85,6,44,65,68,70,55,2,12,29,76,8,47,26,60,92
[ 13] Received message from  20: 1|0,43,63,1,17,58,99,5,21,89,20,60,13,15,25,39,51,54,71,82,100
[ 44] Sent Broadcast: 1|0,43,63,1,4,45,58,72,41,69,85,6,44,65,68,70,12,27,55,59
[ 76] Sent Broadcast: 1|0,43,63,1,4,45,58,72,41,69,85,6,44,65,68,70,12,27,55,59,76,2,10,29,47
[ 68] Sent Broadcast: 1|0,43,63,1,4,45,58,72,41,69,85,6,44,65,68,70,23,27,37,59
[ 21] Sent Broadcast: 1|0,43,63,1,17,58,99,5,21,89,20,60
[ 47] Received message from  29: 1|0,43,63,1,4,45,58,72,41,69,85,6,44,65,68,70,55,2,12,29,76,10,47
[ 15] Received message from  20: 1|0,43,63,1,17,58,99,5,21,89,20,60,13,15,25,39,51,54,71,82,100
[  9] Received message from  64: 1|0,43,63,1,4,45,58,72,41,69,85,65,79,80,37,46,64,67,9,49
[ 61] Received message from   7: 1|0,43,63,1,17,58,99,5,21,89,13,15,20,25,39,51,82,100,7,86,61
[  3] Received message from  33: 1|0,43,63,1,4,45,58,72,41,69,85,65,79,80,46,64,67,49,9,33,3,56,93
[ 26] Received message from  60: 1|0,43,63,1,17,58,99,5,21,89,20,60,26,31,92
[ 67] Received message from  80: 1|0,43,63,1,4,45,58,72,41,69,85,65,79,80,46,64,67
[ 20] Received message from  89: 1|0,43,63,1,17,58,99,5,21,89,13,15,20,25,39,51,82,100
[ 81] Received message from   9: 1|0,43,63,1,4,45,58,72,41,69,85,65,79,80,46,64,67,49,9,33,3,81,91,94,97
[ 42] Received message from   3: 1|0,43,63,1,4,45,58,72,41,69,85,65,79,80,46,64,67,49,9,33,3,56,93,42,91,94,97
[ 29] Sent Broadcast: 1|0,43,63,1,4,45,58,72,41,69,85,6,44,65,68,70,55,2,12,29,76,10,47
[ 80] Sent Broadcast: 1|0,43,63,1,4,45,58,72,41,69,85,65,79,80,46,64,67
[  7] Sent Broadcast: 1|0,43,63,1,17,58,99,5,21,89,13,15,20,25,39,51,82,100,7,86,61
[ 31] Received message from  61: 1|0,43,63,1,17,58,99,5,21,89,13,15,20,25,39,51,82,100,7,86,61,31
[ 73] Received message from  81: 1|0,43,63,1,4,45,58,72,41,69,85,65,79,80,46,64,67,49,9,33,3,81,91,94,97,73
[ 61] Sent Broadcast: 1|0,43,63,1,17,58,99,5,21,89,13,15,20,25,39,51,82,100,7,86,61,31
[ 54] Received message from  15: 1|0,43,63,1,17,58,99,5,21,89,13,15,20,25,39,51,82,100,54,71
[ 91] Received message from   3: 1|0,43,63,1,4,45,58,72,41,69,85,65,79,80,46,64,67,49,9,33,3,56,93,42,91,94,97
[ 56] Received message from  33: 1|0,43,63,1,4,45,58,72,41,69,85,65,79,80,46,64,67,49,9,33,3,56,93
[ 86] Received message from  13: 1|0,43,63,1,17,58,99,5,21,89,13,15,20,25,39,51,82,100,7,86
[ 92] Received message from  26: 1|0,43,63,1,4,45,58,72,41,69,85,6,44,65,68,70,55,2,12,29,76,8,47,26,60,92
[ 25] Received message from  20: 1|0,43,63,1,17,58,99,5,21,89,20,60,13,15,25,39,51,54,71,82,100
[ 67] Received message from  79: 1|0,43,63,1,4,45,58,72,41,69,85,65,79,80,37,46,64,67
[ 49] Received message from  64: 1|0,43,63,1,4,45,58,72,41,69,85,65,79,80,37,46,64,67,9,49
[ 91] Received message from   9: 1|0,43,63,1,4,45,58,72,41,69,85,65,79,80,46,64,67,49,9,33,3,81,91,94,97
[ 31] Received message from  60: 1|0,43,63,1,17,58,99,5,21,89,20,60,26,31,92
[ 25] Received message from  89: 1|0,43,63,1,17,58,99,5,21,89,13,15,20,25,39,51,82,100
[ 42] Received message from  56: 1|0,43,63,1,4,45,58,72,41,69,85,65,79,80,46,64,67,49,9,33,3,56,93,42,74,91,94,97
[ 81] Sent Broadcast: 1|0,43,63,1,4,45,58,72,41,69,85,65,79,80,46,64,67,49,9,33,3,81,91,94,97,73
[ 13] Sent Broadcast: 1|0,43,63,1,17,58,99,5,21,89,13,15,20,25,39,51,82,100,7,86
[ 60] Received message from  31: 1|0,43,63,1,17,58,99,5,21,89,13,15,20,25,39,51,82,100,7,86,61,31,60,92
[ 26] Sent Broadcast: 1|0,43,63,1,4,45,58,72,41,69,85,6,44,65,68,70,55,2,12,29,76,8,47,26,60,92
[ 42] Received message from  91: 1|0,43,63,1,4,45,58,72,41,69,85,65,79,80,46,64,67,49,9,33,3,81,91,94,97,42,56
[ 64] Sent Broadcast: 1|0,43,63,1,4,45,58,72,41,69,85,65,79,80,37,46,64,67,9,49
[ 79] Sent Broadcast: 1|0,43,63,1,4,45,58,72,41,69,85,65,79,80,37,46,64,67
[  7] Received message from  25: 1|0,43,63,1,17,58,99,5,21,89,20,60,13,15,25,39,51,54,71,82,100,7,86
[ 93] Received message from  33: 1|0,43,63,1,4,45,58,72,41,69,85,65,79,80,46,64,67,49,9,33,3,56,93
[ 94] Received message from   3: 1|0,43,63,1,4,45,58,72,41,69,85,65,79,80,46,64,67,49,9,33,3,56,93,42,91,94,97
[ 71] Received message from  15: 1|0,43,63,1,17,58,99,5,21,89,13,15,20,25,39,51,82,100,54,71
[ 31] Received message from  92: 1|0,43,63,1,4,45,58,72,41,69,85,6,44,65,68,70,55,2,12,29,76,8,47,26,60,92,31
[ 39] Received message from  20: 1|0,43,63,1,17,58,99,5,21,89,20,60,13,15,25,39,51,54,71,82,100
[ 92] Received message from  31: 1|0,43,63,1,17,58,99,5,21,89,13,15,20,25,39,51,82,100,7,86,61,31,60,92
[ 74] Received message from  56: 1|0,43,63,1,4,45,58,72,41,69,85,65,79,80,46,64,67,49,9,33,3,56,93,42,74,91,94,97
[ 33] Sent Broadcast: 1|0,43,63,1,4,45,58,72,41,69,85,65,79,80,46,64,67,49,9,33,3,56,93
[ 94] Received message from   9: 1|0,43,63,1,4,45,58,72,41,69,85,65,79,80,46,64,67,49,9,33,3,81,91,94,97
[ 77] Received message from  86: 1|0,43,63,1,17,58,99,5,21,89,13,15,20,25,39,51,82,100,7,86,77
[ 56] Received message from  91: 1|0,43,63,1,4,45,58,72,41,69,85,65,79,80,46,64,67,49,9,33,3,81,91,94,97,42,56
[ 86] Received message from  25: 1|0,43,63,1,17,58,99,5,21,89,20,60,13,15,25,39,51,54,71,82,100,7,86
[ 39] Received message from  89: 1|0,43,63,1,17,58,99,5,21,89,13,15,20,25,39,51,82,100
[ 15] Sent Broadcast: 1|0,43,63,1,17,58,99,5,21,89,13,15,20,25,39,51,82,100,54,71
[ 92] Sent Broadcast: 1|0,43,63,1,4,45,58,72,41,69,85,6,44,65,68,70,55,2,12,29,76,8,47,26,60,92,31
[ 31] Sent Broadcast: 1|0,43,63,1,17,58,99,5,21,89,13,15,20,25,39,51,82,100,7,86,61,31,60,92
[ 92] Received message from  60: 1|0,43,63,1,17,58,99,5,21,89,20,60,26,31,92
[ 35] Received message from  54: 1|0,43,63,1,17,58,99,5,21,89,13,15,20,25,39,51,82,100,54,71,35,57,62,83
[ 28] Received message from  93: 1|0,43,63,1,4,45,58,72,41,69,85,65,79,80,46,64,67,49,9,33,3,56,93,28,74
[ 86] Sent Broadcast: 1|0,43,63,1,17,58,99,5,21,89,13,15,20,25,39,51,82,100,7,86,77
[ 25] Sent Broadcast: 1|0,43,63,1,17,58,99,5,21,89,20,60,13,15,25,39,51,54,71,82,100,7,86
[ 91] Sent Broadcast: 1|0,43,63,1,4,45,58,72,41,69,85,65,79,80,46,64,67,49,9,33,3,81,91,94,97,42,56
[ 81] Received message from  94: 1|0,43,63,1,4,45,58,72,41,69,85,65,79,80,46,64,67,49,9,33,3,56,93,42,91,94,97,81
[ 60] Sent Broadcast: 1|0,43,63,1,17,58,99,5,21,89,20,60,26,31,92
[ 34] Received message from  71: 1|0,43,63,1,17,58,99,5,21,89,13,15,20,25,39,51,82,100,54,71,34,57,62,83
[ 94] Sent Broadcast: 1|0,43,63,1,4,45,58,72,41,69,85,65,79,80,46,64,67,49,9,33,3,56,93,42,91,94,97,81
[ 19] Received message from  74: 1|0,43,63,1,4,45,58,72,41,69,85,65,79,80,46,64,67,49,9,33,3,56,93,42,74,91,94,97,19,28,36,53,98
[ 57] Received message from  54: 1|0,43,63,1,17,58,99,5,21,89,13,15,20,25,39,51,82,100,54,71,35,57,62,83
[  7] Received message from  39: 1|0,43,63,1,17,58,99,5,21,89,20,60,13,15,25,39,51,54,71,82,100,7,22,86
[ 74] Received message from  93: 1|0,43,63,1,4,45,58,72,41,69,85,65,79,80,46,64,67,49,9,33,3,56,93,28,74
[ 40] Received message from  35: 1|0,43,63,1,17,58,99,5,21,89,13,15,20,25,39,51,82,100,54,71,35,57,62,83,40,50,78,84
[ 93] Sent Broadcast: 1|0,43,63,1,4,45,58,72,41,69,85,65,79,80,46,64,67,49,9,33,3,56,93,28,74
[ 51] Received message from  20: 1|0,43,63,1,17,58,99,5,21,89,20,60,13,15,25,39,51,54,71,82,100
[ 91] Received message from  56: 1|0,43,63,1,4,45,58,72,41,69,85,65,79,80,46,64,67,49,9,33,3,56,93,42,74,91,94,97
[ 51] Received message from  89: 1|0,43,63,1,17,58,99,5,21,89,13,15,20,25,39,51,82,100
[ 57] Received message from  71: 1|0,43,63,1,17,58,99,5,21,89,13,15,20,25,39,51,82,100,54,71,34,57,62,83
[ 19] Received message from  28: 1|0,43,63,1,4,45,58,72,41,69,85,65,79,80,46,64,67,49,9,33,3,56,93,28,74,19,30,36,52,87,98
[ 97] Received message from   3: 1|0,43,63,1,4,45,58,72,41,69,85,65,79,80,46,64,67,49,9,33,3,56,93,42,91,94,97
[ 28] Received message from  74: 1|0,43,63,1,4,45,58,72,41,69,85,65,79,80,46,64,67,49,9,33,3,56,93,42,74,91,94,97,19,28,36,53,98
[ 97] Received message from   9: 1|0,43,63,1,4,45,58,72,41,69,85,65,79,80,46,64,67,49,9,33,3,81,91,94,97
[  3] Sent Broadcast: 1|0,43,63,1,4,45,58,72,41,69,85,65,79,80,46,64,67,49,9,33,3,56,93,42,91,94,97
[ 50] Received message from  35: 1|0,43,63,1,17,58,99,5,21,89,13,15,20,25,39,51,82,100,54,71,35,57,62,83,40,50,78,84
[  9] Sent Broadcast: 1|0,43,63,1,4,45,58,72,41,69,85,65,79,80,46,64,67,49,9,33,3,81,91,94,97
[ 34] Received message from  57: 1|0,43,63,1,17,58,99,5,21,89,13,15,20,25,39,51,82,100,54,71,35,57,62,83,34
[ 57] Sent Broadcast: 1|0,43,63,1,17,58,99,5,21,89,13,15,20,25,39,51,82,100,54,71,35,57,62,83,34
[ 78] Received message from  35: 1|0,43,63,1,17,58,99,5,21,89,13,15,20,25,39,51,82,100,54,71,35,57,62,83,40,50,78,84
[ 16] Received message from  19: 1|0,43,63,1,4,45,58,72,41,69,85,65,79,80,46,64,67,49,9,33,3,56,93,42,74,91,94,97,19,28,36,53,98,16,30,50,52,87
[ 54] Received message from  20: 1|0,43,63,1,17,58,99,5,21,89,20,60,13,15,25,39,51,54,71,82,100
[ 62] Received message from  54: 1|0,43,63,1,17,58,99,5,21,89,13,15,20,25,39,51,82,100,54,71,35,57,62,83
[ 22] Received message from  39: 1|0,43,63,1,17,58,99,5,21,89,20,60,13,15,25,39,51,54,71,82,100,7,22,86
[ 62] Received message from  71: 1|0,43,63,1,17,58,99,5,21,89,13,15,20,25,39,51,82,100,54,71,34,57,62,83
[ 94] Received message from  56: 1|0,43,63,1,4,45,58,72,41,69,85,65,79,80,46,64,67,49,9,33,3,56,93,42,74,91,94,97
[ 82] Received message from  89: 1|0,43,63,1,17,58,99,5,21,89,13,15,20,25,39,51,82,100
[ 11] Received message from  16: 1|0,43,63,1,4,45,58,72,41,69,85,65,79,80,46,64,67,49,9,33,3,56,93,42,74,91,94,97,19,28,36,53,98,16,30,50,52,87,11,18,40,66,78,90
[ 84] Received message from  35: 1|0,43,63,1,17,58,99,5,21,89,13,15,20,25,39,51,82,100,54,71,35,57,62,83,40,50,78,84
[ 22] Received message from  51: 1|0,43,63,1,17,58,99,5,21,89,20,60,13,15,25,39,51,54,71,82,100,22
[ 36] Received message from  74: 1|0,43,63,1,4,45,58,72,41,69,85,65,79,80,46,64,67,49,9,33,3,56,93,42,74,91,94,97,19,28,36,53,98
[ 30] Received message from  28: 1|0,43,63,1,4,45,58,72,41,69,85,65,79,80,46,64,67,49,9,33,3,56,93,28,74,19,30,36,52,87,98
[ 51] Sent Broadcast: 1|0,43,63,1,17,58,99,5,21,89,20,60,13,15,25,39,51,54,71,82,100,22
[ 35] Sent Broadcast: 1|0,43,63,1,17,58,99,5,21,89,13,15,20,25,39,51,82,100,54,71,35,57,62,83,40,50,78,84
[ 16] Received message from  40: 1|0,43,63,1,17,58,99,5,21,89,13,15,20,25,39,51,82,100,54,71,35,57,62,83,40,50,78,84,16,18,38,52,66,87,90,96
[ 36] Received message from  28: 1|0,43,63,1,4,45,58,72,41,69,85,65,79,80,46,64,67,49,9,33,3,56,93,28,74,19,30,36,52,87,98
[ 71] Received message from  20: 1|0,43,63,1,17,58,99,5,21,89,20,60,13,15,25,39,51,54,71,82,100
[ 30] Received message from  19: 1|0,43,63,1,4,45,58,72,41,69,85,65,79,80,46,64,67,49,9,33,3,56,93,42,74,91,94,97,19,28,36,53,98,16,30,50,52,87
[ 53] Received message from  74: 1|0,43,63,1,4,45,58,72,41,69,85,65,79,80,46,64,67,49,9,33,3,56,93,42,74,91,94,97,19,28,36,53,98
[ 11] Received message from  36: 1|0,43,63,1,4,45,58,72,41,69,85,65,79,80,46,64,67,49,9,33,3,56,93,42,74,91,94,97,19,28,36,53,98,11,30,52,87
[ 34] Received message from  62: 1|0,43,63,1,17,58,99,5,21,89,13,15,20,25,39,51,82,100,54,71,35,57,62,83,34
[ 14] Received message from  11: 1|0,43,63,1,4,45,58,72,41,69,85,65,79,80,46,64,67,49,9,33,3,56,93,42,74,91,94,97,19,28,36,53,98,16,30,50,52,87,11,18,40,66,78,90,14,88
[ 86] Received message from  39: 1|0,43,63,1,17,58,99,5,21,89,20,60,13,15,25,39,51,54,71,82,100,7,22,86
[  7] Received message from  82: 1|0,43,63,1,17,58,99,5,21,89,13,15,20,25,39,51,82,100,7
[ 30] Received message from  84: 1|0,43,63,1,17,58,99,5,21,89,13,15,20,25,39,51,82,100,54,71,35,57,62,83,40,50,78,84,30
[ 18] Received message from  16: 1|0,43,63,1,4,45,58,72,41,69,85,65,79,80,46,64,67,49,9,33,3,56,93,42,74,91,94,97,19,28,36,53,98,16,30,50,52,87,11,18,40,66,78,90
[ 50] Received message from  19: 1|0,43,63,1,4,45,58,72,41,69,85,65,79,80,46,64,67,49,9,33,3,56,93,42,74,91,94,97,19,28,36,53,98,16,30,50,52,87
[ 97] Received message from  56: 1|0,43,63,1,4,45,58,72,41,69,85,65,79,80,46,64,67,49,9,33,3,56,93,42,74,91,94,97
[ 82] Received message from  20: 1|0,43,63,1,17,58,99,5,21,89,20,60,13,15,25,39,51,54,71,82,100
[ 98] Received message from  74: 1|0,43,63,1,4,45,58,72,41,69,85,65,79,80,46,64,67,49,9,33,3,56,93,42,74,91,94,97,19,28,36,53,98
[ 30] Received message from  36: 1|0,43,63,1,4,45,58,72,41,69,85,65,79,80,46,64,67,49,9,33,3,56,93,42,74,91,94,97,19,28,36,53,98,11,30,52,87
[ 16] Received message from  50: 1|0,43,63,1,17,58,99,5,21,89,13,15,20,25,39,51,82,100,54,71,35,57,62,83,40,50,78,84,16,18,19,30,52
[ 18] Received message from  40: 1|0,43,63,1,17,58,99,5,21,89,13,15,20,25,39,51,82,100,54,71,35,57,62,83,40,50,78,84,16,18,38,52,66,87,90,96
[ 39] Sent Broadcast: 1|0,43,63,1,17,58,99,5,21,89,20,60,13,15,25,39,51,54,71,82,100,7,22,86
[100] Received message from  89: 1|0,43,63,1,17,58,99,5,21,89,13,15,20,25,39,51,82,100
[ 48] Received message from  14: 1|0,43,63,1,4,45,58,72,41,69,85,65,79,80,46,64,67,49,9,33,3,56,93,42,74,91,94,97,19,28,36,53,98,16,30,50,52,87,11,18,40,66,78,90,14,88,48,95
[ 24] Received message from  53: 1|0,43,63,1,4,45,58,72,41,69,85,65,79,80,46,64,67,49,9,33,3,56,93,42,74,91,94,97,19,28,36,53,98,24
[ 83] Received message from  54: 1|0,43,63,1,17,58,99,5,21,89,13,15,20,25,39,51,82,100,54,71,35,57,62,83
[ 83] Received message from  71: 1|0,43,63,1,17,58,99,5,21,89,13,15,20,25,39,51,82,100,54,71,34,57,62,83
[ 38] Received message from  18: 1|0,43,63,1,4,45,58,72,41,69,85,65,79,80,46,64,67,49,9,33,3,56,93,42,74,91,94,97,19,28,36,53,98,16,30,50,52,87,11,18,40,66,78,90,38,96
[ 11] Received message from  98: 1|0,43,63,1,4,45,58,72,41,69,85,65,79,80,46,64,67,49,9,33,3,56,93,42,74,91,94,97,19,28,36,53,98,11,52,87
[ 52] Received message from  28: 1|0,43,63,1,4,45,58,72,41,69,85,65,79,80,46,64,67,49,9,33,3,56,93,28,74,19,30,36,52,87,98
[ 62] Sent Broadcast: 1|0,43,63,1,17,58,99,5,21,89,13,15,20,25,39,51,82,100,54,71,35,57,62,83,34
[ 84] Sent Broadcast: 1|0,43,63,1,17,58,99,5,21,89,13,15,20,25,39,51,82,100,54,71,35,57,62,83,40,50,78,84,30
[ 82] Sent Broadcast: 1|0,43,63,1,17,58,99,5,21,89,13,15,20,25,39,51,82,100,7
[ 89] Sent Broadcast: 1|0,43,63,1,17,58,99,5,21,89,13,15,20,25,39,51,82,100
[ 16] Received message from  78: 1|0,43,63,1,17,58,99,5,21,89,13,15,20,25,39,51,82,100,54,71,35,57,62,83,40,50,78,84,16,18,38,52,66,90,96
[ 56] Sent Broadcast: 1|0,43,63,1,4,45,58,72,41,69,85,65,79,80,46,64,67,49,9,33,3,56,93,42,74,91,94,97
[ 74] Sent Broadcast: 1|0,43,63,1,4,45,58,72,41,69,85,65,79,80,46,64,67,49,9,33,3,56,93,42,74,91,94,97,19,28,36,53,98
[ 53] Sent Broadcast: 1|0,43,63,1,4,45,58,72,41,69,85,65,79,80,46,64,67,49,9,33,3,56,93,42,74,91,94,97,19,28,36,53,98,24
[ 54] Sent Broadcast: 1|0,43,63,1,17,58,99,5,21,89,13,15,20,25,39,51,82,100,54,71,35,57,62,83
[ 71] Sent Broadcast: 1|0,43,63,1,17,58,99,5,21,89,13,15,20,25,39,51,82,100,54,71,34,57,62,83
[ 38] Received message from  40: 1|0,43,63,1,17,58,99,5,21,89,13,15,20,25,39,51,82,100,54,71,35,57,62,83,40,50,78,84,16,18,38,52,66,87,90,96
[ 18] Received message from  50: 1|0,43,63,1,17,58,99,5,21,89,13,15,20,25,39,51,82,100,54,71,35,57,62,83,40,50,78,84,16,18,19,30,52
[ 40] Received message from  16: 1|0,43,63,1,4,45,58,72,41,69,85,65,79,80,46,64,67,49,9,33,3,56,93,42,74,91,94,97,19,28,36,53,98,16,30,50,52,87,11,18,40,66,78,90
[100] Received message from  20: 1|0,43,63,1,17,58,99,5,21,89,20,60,13,15,25,39,51,54,71,82,100
[ 95] Received message from  14: 1|0,43,63,1,4,45,58,72,41,69,85,65,79,80,46,64,67,49,9,33,3,56,93,42,74,91,94,97,19,28,36,53,98,16,30,50,52,87,11,18,40,66,78,90,14,88,48,95
[ 11] Received message from  52: 1|0,43,63,1,4,45,58,72,41,69,85,65,79,80,46,64,67,49,9,33,3,56,93,28,74,19,30,36,52,87,98,11,16,18,40,50,78,90
[ 32] Received message from  38: 1|0,43,63,1,4,45,58,72,41,69,85,65,79,80,46,64,67,49,9,33,3,56,93,42,74,91,94,97,19,28,36,53,98,16,30,50,52,87,11,18,40,66,78,90,38,96,32
[ 34] Received message from  83: 1|0,43,63,1,17,58,99,5,21,89,13,15,20,25,39,51,82,100,54,71,35,57,62,83,34
[ 88] Received message from  11: 1|0,43,63,1,4,45,58,72,41,69,85,65,79,80,46,64,67,49,9,33,3,56,93,42,74,91,94,97,19,28,36,53,98,16,30,50,52,87,11,18,40,66,78,90,14,88
[ 52] Received message from  36: 1|0,43,63,1,4,45,58,72,41,69,85,65,79,80,46,64,67,49,9,33,3,56,93,42,74,91,94,97,19,28,36,53,98,11,30,52,87
[ 83] Sent Broadcast: 1|0,43,63,1,17,58,99,5,21,89,13,15,20,25,39,51,82,100,54,71,35,57,62,83,34
[ 14] Sent Broadcast: 1|0,43,63,1,4,45,58,72,41,69,85,65,79,80,46,64,67,49,9,33,3,56,93,42,74,91,94,97,19,28,36,53,98,16,30,50,52,87,11,18,40,66,78,90,14,88,48,95
[ 96] Received message from  18: 1|0,43,63,1,4,45,58,72,41,69,85,65,79,80,46,64,67,49,9,33,3,56,93,42,74,91,94,97,19,28,36,53,98,16,30,50,52,87,11,18,40,66,78,90,38,96
[ 52] Received message from  19: 1|0,43,63,1,4,45,58,72,41,69,85,65,79,80,46,64,67,49,9,33,3,56,93,42,74,91,94,97,19,28,36,53,98,16,30,50,52,87
[ 16] Received message from  30: 1|0,43,63,1,4,45,58,72,41,69,85,65,79,80,46,64,67,49,9,33,3,56,93,28,74,19,30,36,52,87,98,16,50,84
[ 66] Received message from  16: 1|0,43,63,1,4,45,58,72,41,69,85,65,79,80,46,64,67,49,9,33,3,56,93,42,74,91,94,97,19,28,36,53,98,16,30,50,52,87,11,18,40,66,78,90
[ 19] Received message from  50: 1|0,43,63,1,17,58,99,5,21,89,13,15,20,25,39,51,82,100,54,71,35,57,62,83,40,50,78,84,16,18,19,30,52
[ 54] Received message from 100: 1|0,43,63,1,17,58,99,5,21,89,13,15,20,25,39,51,82,100,54,71,83
[ 87] Received message from  28: 1|0,43,63,1,4,45,58,72,41,69,85,65,79,80,46,64,67,49,9,33,3,56,93,28,74,19,30,36,52,87,98
[ 18] Received message from  78: 1|0,43,63,1,17,58,99,5,21,89,13,15,20,25,39,51,82,100,54,71,35,57,62,83,40,50,78,84,16,18,38,52,66,90,96
[ 48] Received message from  88: 1|0,43,63,1,4,45,58,72,41,69,85,65,79,80,46,64,67,49,9,33,3,56,93,42,74,91,94,97,19,28,36,53,98,16,30,50,52,87,11,18,40,66,78,90,14,88,48,95,96
[ 87] Received message from  36: 1|0,43,63,1,4,45,58,72,41,69,85,65,79,80,46,64,67,49,9,33,3,56,93,42,74,91,94,97,19,28,36,53,98,11,30,52,87
[ 32] Received message from  66: 1|0,43,63,1,4,45,58,72,41,69,85,65,79,80,46,64,67,49,9,33,3,56,93,42,74,91,94,97,19,28,36,53,98,16,30,50,52,87,11,18,40,66,78,90,32,88,95,96
[ 11] Received message from  87: 1|0,43,63,1,4,45,58,72,41,69,85,65,79,80,46,64,67,49,9,33,3,56,93,28,74,19,30,36,52,87,98,11,16,18,40,90
[ 38] Sent Broadcast: 1|0,43,63,1,4,45,58,72,41,69,85,65,79,80,46,64,67,49,9,33,3,56,93,42,74,91,94,97,19,28,36,53,98,16,30,50,52,87,11,18,40,66,78,90,38,96,32
[ 20] Sent Broadcast: 1|0,43,63,1,17,58,99,5,21,89,20,60,13,15,25,39,51,54,71,82,100
[ 18] Sent Broadcast: 1|0,43,63,1,4,45,58,72,41,69,85,65,79,80,46,64,67,49,9,33,3,56,93,42,74,91,94,97,19,28,36,53,98,16,30,50,52,87,11,18,40,66,78,90,38,96
[ 11] Sent Broadcast: 1|0,43,63,1,4,45,58,72,41,69,85,65,79,80,46,64,67,49,9,33,3,56,93,42,74,91,94,97,19,28,36,53,98,16,30,50,52,87,11,18,40,66,78,90,14,88
[ 36] Sent Broadcast: 1|0,43,63,1,4,45,58,72,41,69,85,65,79,80,46,64,67,49,9,33,3,56,93,42,74,91,94,97,19,28,36,53,98,11,30,52,87
[ 52] Received message from  98: 1|0,43,63,1,4,45,58,72,41,69,85,65,79,80,46,64,67,49,9,33,3,56,93,42,74,91,94,97,19,28,36,53,98,11,52,87
[ 16] Received message from  52: 1|0,43,63,1,4,45,58,72,41,69,85,65,79,80,46,64,67,49,9,33,3,56,93,28,74,19,30,36,52,87,98,11,16,18,40,50,78,90
[ 50] Received message from  30: 1|0,43,63,1,4,45,58,72,41,69,85,65,79,80,46,64,67,49,9,33,3,56,93,28,74,19,30,36,52,87,98,16,50,84
[ 88] Received message from  66: 1|0,43,63,1,4,45,58,72,41,69,85,65,79,80,46,64,67,49,9,33,3,56,93,42,74,91,94,97,19,28,36,53,98,16,30,50,52,87,11,18,40,66,78,90,32,88,95,96
[ 38] Received message from  78: 1|0,43,63,1,17,58,99,5,21,89,13,15,20,25,39,51,82,100,54,71,35,57,62,83,40,50,78,84,16,18,38,52,66,90,96
[ 30] Received message from  50: 1|0,43,63,1,17,58,99,5,21,89,13,15,20,25,39,51,82,100,54,71,35,57,62,83,40,50,78,84,16,18,19,30,52
[ 71] Received message from 100: 1|0,43,63,1,17,58,99,5,21,89,13,15,20,25,39,51,82,100,54,71,83
[ 75] Received message from  95: 1|0,43,63,1,4,45,58,72,41,69,85,65,79,80,46,64,67,49,9,33,3,56,93,42,74,91,94,97,19,28,36,53,98,16,30,50,52,87,11,18,40,66,78,90,14,88,48,95,75,96
[ 78] Received message from  16: 1|0,43,63,1,4,45,58,72,41,69,85,65,79,80,46,64,67,49,9,33,3,56,93,42,74,91,94,97,19,28,36,53,98,16,30,50,52,87,11,18,40,66,78,90
[ 32] Received message from  96: 1|0,43,63,1,4,45,58,72,41,69,85,65,79,80,46,64,67,49,9,33,3,56,93,42,74,91,94,97,19,28,36,53,98,16,30,50,52,87,11,18,40,66,78,90,38,96,32,88,95
[ 87] Received message from  19: 1|0,43,63,1,4,45,58,72,41,69,85,65,79,80,46,64,67,49,9,33,3,56,93,42,74,91,94,97,19,28,36,53,98,16,30,50,52,87
[ 95] Received message from  88: 1|0,43,63,1,4,45,58,72,41,69,85,65,79,80,46,64,67,49,9,33,3,56,93,42,74,91,94,97,19,28,36,53,98,16,30,50,52,87,11,18,40,66,78,90,14,88,48,95,96
[ 98] Received message from  28: 1|0,43,63,1,4,45,58,72,41,69,85,65,79,80,46,64,67,49,9,33,3,56,93,28,74,19,30,36,52,87,98
[ 87] Received message from  98: 1|0,43,63,1,4,45,58,72,41,69,85,65,79,80,46,64,67,49,9,33,3,56,93,42,74,91,94,97,19,28,36,53,98,11,52,87
[ 52] Received message from  40: 1|0,43,63,1,17,58,99,5,21,89,13,15,20,25,39,51,82,100,54,71,35,57,62,83,40,50,78,84,16,18,38,52,66,87,90,96
[ 16] Received message from  87: 1|0,43,63,1,4,45,58,72,41,69,85,65,79,80,46,64,67,49,9,33,3,56,93,28,74,19,30,36,52,87,98,11,16,18,40,90
[ 83] Received message from 100: 1|0,43,63,1,17,58,99,5,21,89,13,15,20,25,39,51,82,100,54,71,83
[ 19] Sent Broadcast: 1|0,43,63,1,4,45,58,72,41,69,85,65,79,80,46,64,67,49,9,33,3,56,93,42,74,91,94,97,19,28,36,53,98,16,30,50,52,87
[ 28] Sent Broadcast: 1|0,43,63,1,4,45,58,72,41,69,85,65,79,80,46,64,67,49,9,33,3,56,93,28,74,19,30,36,52,87,98
[ 84] Received message from  30: 1|0,43,63,1,4,45,58,72,41,69,85,65,79,80,46,64,67,49,9,33,3,56,93,28,74,19,30,36,52,87,98,16,50,84
[ 30] Sent Broadcast: 1|0,43,63,1,4,45,58,72,41,69,85,65,79,80,46,64,67,49,9,33,3,56,93,28,74,19,30,36,52,87,98,16,50,84
[100] Sent Broadcast: 1|0,43,63,1,17,58,99,5,21,89,13,15,20,25,39,51,82,100,54,71,83
[ 98] Sent Broadcast: 1|0,43,63,1,4,45,58,72,41,69,85,65,79,80,46,64,67,49,9,33,3,56,93,42,74,91,94,97,19,28,36,53,98,11,52,87
[ 96] Received message from  88: 1|0,43,63,1,4,45,58,72,41,69,85,65,79,80,46,64,67,49,9,33,3,56,93,42,74,91,94,97,19,28,36,53,98,16,30,50,52,87,11,18,40,66,78,90,14,88,48,95,96
[ 88] Sent Broadcast: 1|0,43,63,1,4,45,58,72,41,69,85,65,79,80,46,64,67,49,9,33,3,56,93,42,74,91,94,97,19,28,36,53,98,16,30,50,52,87,11,18,40,66,78,90,14,88,48,95,96
[ 95] Received message from  66: 1|0,43,63,1,4,45,58,72,41,69,85,65,79,80,46,64,67,49,9,33,3,56,93,42,74,91,94,97,19,28,36,53,98,16,30,50,52,87,11,18,40,66,78,90,32,88,95,96
[ 96] Received message from  95: 1|0,43,63,1,4,45,58,72,41,69,85,65,79,80,46,64,67,49,9,33,3,56,93,42,74,91,94,97,19,28,36,53,98,16,30,50,52,87,11,18,40,66,78,90,14,88,48,95,75,96
[ 90] Received message from  16: 1|0,43,63,1,4,45,58,72,41,69,85,65,79,80,46,64,67,49,9,33,3,56,93,42,74,91,94,97,19,28,36,53,98,16,30,50,52,87,11,18,40,66,78,90
[ 88] Received message from  96: 1|0,43,63,1,4,45,58,72,41,69,85,65,79,80,46,64,67,49,9,33,3,56,93,42,74,91,94,97,19,28,36,53,98,16,30,50,52,87,11,18,40,66,78,90,38,96,32,88,95
[ 95] Sent Broadcast: 1|0,43,63,1,4,45,58,72,41,69,85,65,79,80,46,64,67,49,9,33,3,56,93,42,74,91,94,97,19,28,36,53,98,16,30,50,52,87,11,18,40,66,78,90,14,88,48,95,75,96
[ 18] Received message from  87: 1|0,43,63,1,4,45,58,72,41,69,85,65,79,80,46,64,67,49,9,33,3,56,93,28,74,19,30,36,52,87,98,11,16,18,40,90
[ 66] Received message from  40: 1|0,43,63,1,17,58,99,5,21,89,13,15,20,25,39,51,82,100,54,71,35,57,62,83,40,50,78,84,16,18,38,52,66,87,90,96
[ 18] Received message from  52: 1|0,43,63,1,4,45,58,72,41,69,85,65,79,80,46,64,67,49,9,33,3,56,93,28,74,19,30,36,52,87,98,11,16,18,40,50,78,90
[ 16] Sent Broadcast: 1|0,43,63,1,4,45,58,72,41,69,85,65,79,80,46,64,67,49,9,33,3,56,93,42,74,91,94,97,19,28,36,53,98,16,30,50,52,87,11,18,40,66,78,90
[ 95] Received message from  96: 1|0,43,63,1,4,45,58,72,41,69,85,65,79,80,46,64,67,49,9,33,3,56,93,42,74,91,94,97,19,28,36,53,98,16,30,50,52,87,11,18,40,66,78,90,38,96,32,88,95
[ 96] Received message from  66: 1|0,43,63,1,4,45,58,72,41,69,85,65,79,80,46,64,67,49,9,33,3,56,93,42,74,91,94,97,19,28,36,53,98,16,30,50,52,87,11,18,40,66,78,90,32,88,95,96
[ 66] Sent Broadcast: 1|0,43,63,1,4,45,58,72,41,69,85,65,79,80,46,64,67,49,9,33,3,56,93,42,74,91,94,97,19,28,36,53,98,16,30,50,52,87,11,18,40,66,78,90,32,88,95,96
[ 96] Sent Broadcast: 1|0,43,63,1,4,45,58,72,41,69,85,65,79,80,46,64,67,49,9,33,3,56,93,42,74,91,94,97,19,28,36,53,98,16,30,50,52,87,11,18,40,66,78,90,38,96,32,88,95
[ 40] Received message from  87: 1|0,43,63,1,4,45,58,72,41,69,85,65,79,80,46,64,67,49,9,33,3,56,93,28,74,19,30,36,52,87,98,11,16,18,40,90
[ 40] Received message from  52: 1|0,43,63,1,4,45,58,72,41,69,85,65,79,80,46,64,67,49,9,33,3,56,93,28,74,19,30,36,52,87,98,11,16,18,40,50,78,90
[ 90] Received message from  87: 1|0,43,63,1,4,45,58,72,41,69,85,65,79,80,46,64,67,49,9,33,3,56,93,28,74,19,30,36,52,87,98,11,16,18,40,90
[ 87] Received message from  40: 1|0,43,63,1,17,58,99,5,21,89,13,15,20,25,39,51,82,100,54,71,35,57,62,83,40,50,78,84,16,18,38,52,66,87,90,96
[ 87] Sent Broadcast: 1|0,43,63,1,4,45,58,72,41,69,85,65,79,80,46,64,67,49,9,33,3,56,93,28,74,19,30,36,52,87,98,11,16,18,40,90
[ 90] Received message from  40: 1|0,43,63,1,17,58,99,5,21,89,13,15,20,25,39,51,82,100,54,71,35,57,62,83,40,50,78,84,16,18,38,52,66,87,90,96
[ 52] Received message from  50: 1|0,43,63,1,17,58,99,5,21,89,13,15,20,25,39,51,82,100,54,71,35,57,62,83,40,50,78,84,16,18,19,30,52
[ 96] Received message from  40: 1|0,43,63,1,17,58,99,5,21,89,13,15,20,25,39,51,82,100,54,71,35,57,62,83,40,50,78,84,16,18,38,52,66,87,90,96
[ 52] Received message from  78: 1|0,43,63,1,17,58,99,5,21,89,13,15,20,25,39,51,82,100,54,71,35,57,62,83,40,50,78,84,16,18,38,52,66,90,96
[ 40] Sent Broadcast: 1|0,43,63,1,17,58,99,5,21,89,13,15,20,25,39,51,82,100,54,71,35,57,62,83,40,50,78,84,16,18,38,52,66,87,90,96
[ 50] Sent Broadcast: 1|0,43,63,1,17,58,99,5,21,89,13,15,20,25,39,51,82,100,54,71,35,57,62,83,40,50,78,84,16,18,19,30,52
[ 66] Received message from  78: 1|0,43,63,1,17,58,99,5,21,89,13,15,20,25,39,51,82,100,54,71,35,57,62,83,40,50,78,84,16,18,38,52,66,90,96
[ 90] Received message from  78: 1|0,43,63,1,17,58,99,5,21,89,13,15,20,25,39,51,82,100,54,71,35,57,62,83,40,50,78,84,16,18,38,52,66,90,96
[ 96] Received message from  78: 1|0,43,63,1,17,58,99,5,21,89,13,15,20,25,39,51,82,100,54,71,35,57,62,83,40,50,78,84,16,18,38,52,66,90,96
[ 38] Received message from  90: 1|0,43,63,1,4,45,58,72,41,69,85,65,79,80,46,64,67,49,9,33,3,56,93,42,74,91,94,97,19,28,36,53,98,16,30,50,52,87,11,18,40,66,78,90,38,96
[ 78] Sent Broadcast: 1|0,43,63,1,17,58,99,5,21,89,13,15,20,25,39,51,82,100,54,71,35,57,62,83,40,50,78,84,16,18,38,52,66,90,96
[ 50] Received message from  52: 1|0,43,63,1,4,45,58,72,41,69,85,65,79,80,46,64,67,49,9,33,3,56,93,28,74,19,30,36,52,87,98,11,16,18,40,50,78,90
[ 78] Received message from  52: 1|0,43,63,1,4,45,58,72,41,69,85,65,79,80,46,64,67,49,9,33,3,56,93,28,74,19,30,36,52,87,98,11,16,18,40,50,78,90
[ 90] Received message from  52: 1|0,43,63,1,4,45,58,72,41,69,85,65,79,80,46,64,67,49,9,33,3,56,93,28,74,19,30,36,52,87,98,11,16,18,40,50,78,90
[ 52] Sent Broadcast: 1|0,43,63,1,4,45,58,72,41,69,85,65,79,80,46,64,67,49,9,33,3,56,93,28,74,19,30,36,52,87,98,11,16,18,40,50,78,90
[ 96] Received message from  90: 1|0,43,63,1,4,45,58,72,41,69,85,65,79,80,46,64,67,49,9,33,3,56,93,42,74,91,94,97,19,28,36,53,98,16,30,50,52,87,11,18,40,66,78,90,38,96
[ 90] Sent Broadcast: 1|0,43,63,1,4,45,58,72,41,69,85,65,79,80,46,64,67,49,9,33,3,56,93,42,74,91,94,97,19,28,36,53,98,16,30,50,52,87,11,18,40,66,78,90,38,96
