[ 21] Received message from   1: 1|0,21,51,57,79,93,96
[ 51] Received message from   1: 1|0,21,51,57,79,93,96
[ 17] Received message from  21: 1|0,21,51,57,79,93,96,1,17,20,50,62,80,94,98
[ 20] Received message from  21: 1|0,21,51,57,79,93,96,1,17,20,50,62,80,94,98
[ 57] Received message from   1: 1|0,21,51,57,79,93,96
[ 80] Received message from  51: 1|0,21,51,57,79,93,96,1,80,81
[ 78] Received message from  17: 1|0,21,51,57,79,93,96,1,17,20,50,62,80,94,98,78
[ 81] Received message from  51: 1|0,21,51,57,79,93,96,1,80,81
[ 79] Received message from   1: 1|0,21,51,57,79,93,96
[ 17] Received message from  57: 1|0,21,51,57,79,93,96,1,17,20,50,62,80,94,98
[ 50] Received message from  21: 1|0,21,51,57,79,93,96,1,17,20,50,62,80,94,98
[ 17] Sent Broadcast: 1|0,21,51,57,79,93,96,1,17,20,50,62,80,94,98,78
[ 10] Received message from  80: 1|0,21,51,57,79,93,96,1,80,81,10,16,62,66,100
[ 78] Received message from  20: 1|0,21,51,57,79,93,96,1,17,20,50,62,80,94,98,78
[ 51] Sent Broadcast: 1|0,21,51,57,79,93,96,1,80,81
[ 20] Sent Broadcast: 1|0,21,51,57,79,93,96,1,17,20,50,62,80,94,98,78
[ 19] Received message from  81: 1|0,21,51,57,79,93,96,1,80,81,19,36,82
[ 80] Received message from  79: 1|0,21,51,57,79,93,96,1,80,81
[ 78] Received message from  50: 1|0,21,51,57,79,93,96,1,17,20,50,62,80,94,98,78
[ 16] Received message from  80: 1|0,21,51,57,79,93,96,1,80,81,10,16,62,66,100
[  5] Received message from  10: 1|0,21,51,57,79,93,96,1,80,81,10,16,62,66,100,5,26,38,46,67
[ 93] Received message from   1: 1|0,21,51,57,79,93,96
[ 62] Received message from  21: 1|0,21,51,57,79,93,96,1,17,20,50,62,80,94,98
[ 50] Sent Broadcast: 1|0,21,51,57,79,93,96,1,17,20,50,62,80,94,98,78
[ 20] Received message from  57: 1|0,21,51,57,79,93,96,1,17,20,50,62,80,94,98
[ 62] Received message from  80: 1|0,21,51,57,79,93,96,1,80,81,10,16,62,66,100
[ 31] Received message from  19: 1|0,21,51,57,79,93,96,1,80,81,19,36,82,31,56
[ 81] Received message from  79: 1|0,21,51,57,79,93,96,1,80,81
[ 36] Received message from  81: 1|0,21,51,57,79,93,96,1,80,81,19,36,82
[ 79] Sent Broadcast: 1|0,21,51,57,79,93,96,1,80,81
[  5] Received message from  16: 1|0,21,51,57,79,93,96,1,80,81,10,16,62,66,100,5,26,46,67
[ 25] Received message from   5: 1|0,21,51,57,79,93,96,1,80,81,10,16,62,66,100,5,26,38,46,67,25,49
[ 56] Received message from  19: 1|0,21,51,57,79,93,96,1,80,81,19,36,82,31,56
[ 80] Received message from  21: 1|0,21,51,57,79,93,96,1,17,20,50,62,80,94,98
[ 50] Received message from  57: 1|0,21,51,57,79,93,96,1,17,20,50,62,80,94,98
[ 19] Sent Broadcast: 1|0,21,51,57,79,93,96,1,80,81,19,36,82,31,56
[ 81] Received message from  93: 1|0,21,51,57,79,93,96,1,81,82
[ 96] Received message from   1: 1|0,21,51,57,79,93,96
[ 26] Received message from  10: 1|0,21,51,57,79,93,96,1,80,81,10,16,62,66,100,5,26,38,46,67
[ 84] Received message from  56: 1|0,21,51,57,79,93,96,1,80,81,19,36,82,31,56,84
[ 82] Received message from  81: 1|0,21,51,57,79,93,96,1,80,81,19,36,82
[ 66] Received message from  62: 1|0,21,51,57,79,93,96,1,17,20,50,62,80,94,98,66,72,100
[ 49] Received message from   5: 1|0,21,51,57,79,93,96,1,80,81,10,16,62,66,100,5,26,38,46,67,25,49
[ 94] Received message from  21: 1|0,21,51,57,79,93,96,1,17,20,50,62,80,94,98
[ 62] Received message from  57: 1|0,21,51,57,79,93,96,1,17,20,50,62,80,94,98
[ 28] Received message from  36: 1|0,21,51,57,79,93,96,1,80,81,19,36,82,28,31
[  1] Sent Broadcast: 1|0,21,51,57,79,93,96
[ 66] Received message from  80: 1|0,21,51,57,79,93,96,1,80,81,10,16,62,66,100
[  7] Received message from  31: 1|0,21,51,57,79,93,96,1,80,81,19,36,82,31,56,7,27,28,52,84
[ 26] Received message from  16: 1|0,21,51,57,79,93,96,1,80,81,10,16,62,66,100,5,26,46,67
[ 56] Received message from  82: 1|0,21,51,57,79,93,96,1,80,81,19,36,82,56
[ 78] Received message from  94: 1|0,21,51,57,79,93,96,1,17,20,50,62,80,94,98,78
[ 25] Received message from  26: 1|0,21,51,57,79,93,96,1,80,81,10,16,62,66,100,5,26,38,46,67,25,86
[ 82] Received message from  93: 1|0,21,51,57,79,93,96,1,81,82
[ 56] Sent Broadcast: 1|0,21,51,57,79,93,96,1,80,81,19,36,82,31,56,84
[  5] Sent Broadcast: 1|0,21,51,57,79,93,96,1,80,81,10,16,62,66,100,5,26,38,46,67,25,49
[ 81] Received message from  96: 1|0,21,51,57,79,93,96,1,81,82
[ 81] Sent Broadcast: 1|0,21,51,57,79,93,96,1,80,81,19,36,82
[ 82] Sent Broadcast: 1|0,21,51,57,79,93,96,1,80,81,19,36,82,56
[ 94] Sent Broadcast: 1|0,21,51,57,79,93,96,1,17,20,50,62,80,94,98,78
[ 93] Sent Broadcast: 1|0,21,51,57,79,93,96,1,81,82
[ 31] Received message from  36: 1|0,21,51,57,79,93,96,1,80,81,19,36,82,28,31
[ 36] Sent Broadcast: 1|0,21,51,57,79,93,96,1,80,81,19,36,82,28,31
[  7] Received message from  28: 1|0,21,51,57,79,93,96,1,80,81,19,36,82,28,31,7,13,23,52,54,61
[100] Received message from  80: 1|0,21,51,57,79,93,96,1,80,81,10,16,62,66,100
[ 72] Received message from  66: 1|0,21,51,57,79,93,96,1,80,81,10,16,62,66,100,72
[ 38] Received message from  10: 1|0,21,51,57,79,93,96,1,80,81,10,16,62,66,100,5,26,38,46,67
[ 13] Received message from   7: 1|0,21,51,57,79,93,96,1,80,81,19,36,82,31,56,7,27,28,52,84,13,23,54,61
[ 72] Received message from  62: 1|0,21,51,57,79,93,96,1,17,20,50,62,80,94,98,66,72,100
[ 98] Received message from  21: 1|0,21,51,57,79,93,96,1,17,20,50,62,80,94,98
[ 46] Received message from  16: 1|0,21,51,57,79,93,96,1,80,81,10,16,62,66,100,5,26,46,67
[ 80] Received message from  57: 1|0,21,51,57,79,93,96,1,17,20,50,62,80,94,98
[ 40] Received message from  72: 1|0,21,51,57,79,93,96,1,80,81,10,16,62,66,100,72,40,43,53,74,98,99
[ 80] Sent Broadcast: 1|0,21,51,57,79,93,96,1,80,81,10,16,62,66,100
[ 66] Sent Broadcast: 1|0,21,51,57,79,93,96,1,80,81,10,16,62,66,100,72
[  5] Received message from 100: 1|0,21,51,57,79,93,96,1,80,81,10,16,62,66,100,5,26,46
[ 27] Received message from  31: 1|0,21,51,57,79,93,96,1,80,81,19,36,82,31,56,7,27,28,52,84
[ 21] Sent Broadcast: 1|0,21,51,57,79,93,96,1,17,20,50,62,80,94,98
[ 25] Received message from  38: 1|0,21,51,57,79,93,96,1,80,81,10,16,62,66,100,5,26,38,46,67,25,49,86
[ 86] Received message from  26: 1|0,21,51,57,79,93,96,1,80,81,10,16,62,66,100,5,26,38,46,67,25,86
[100] Received message from  62: 1|0,21,51,57,79,93,96,1,17,20,50,62,80,94,98,66,72,100
[ 32] Received message from  13: 1|0,21,51,57,79,93,96,1,80,81,19,36,82,31,56,7,27,28,52,84,13,23,54,61,32
[ 46] Received message from  10: 1|0,21,51,57,79,93,96,1,80,81,10,16,62,66,100,5,26,38,46,67
[ 67] Received message from  16: 1|0,21,51,57,79,93,96,1,80,81,10,16,62,66,100,5,26,46,67
[ 49] Received message from  38: 1|0,21,51,57,79,93,96,1,80,81,10,16,62,66,100,5,26,38,46,67,25,49,86
[ 43] Received message from  72: 1|0,21,51,57,79,93,96,1,80,81,10,16,62,66,100,72,40,43,53,74,98,99
[ 13] Sent Broadcast: 1|0,21,51,57,79,93,96,1,80,81,19,36,82,31,56,7,27,28,52,84,13,23,54,61,32
[ 13] Received message from  28: 1|0,21,51,57,79,93,96,1,80,81,19,36,82,28,31,7,13,23,52,54,61
[ 25] Received message from  46: 1|0,21,51,57,79,93,96,1,80,81,10,16,62,66,100,5,26,46,67,25,38,49
[ 26] Received message from 100: 1|0,21,51,57,79,93,96,1,80,81,10,16,62,66,100,5,26,46
[ 23] Received message from   7: 1|0,21,51,57,79,93,96,1,80,81,19,36,82,31,56,7,27,28,52,84,13,23,54,61
[ 26] Sent Broadcast: 1|0,21,51,57,79,93,96,1,80,81,10,16,62,66,100,5,26,38,46,67,25,86
[ 13] Received message from  27: 1|0,21,51,57,79,93,96,1,80,81,19,36,82,31,56,7,27,28,52,84,13,95
[ 72] Received message from  98: 1|0,21,51,57,79,93,96,1,17,20,50,62,80,94,98,72,99
[ 28] Received message from  31: 1|0,21,51,57,79,93,96,1,80,81,19,36,82,31,56,7,27,28,52,84
[ 82] Received message from  96: 1|0,21,51,57,79,93,96,1,81,82
[ 29] Received message from  86: 1|0,21,51,57,79,93,96,1,80,81,10,16,62,66,100,5,26,38,46,67,25,86,29
[ 62] Sent Broadcast: 1|0,21,51,57,79,93,96,1,17,20,50,62,80,94,98,66,72,100
[ 86] Sent Broadcast: 1|0,21,51,57,79,93,96,1,80,81,10,16,62,66,100,5,26,38,46,67,25,86,29
[ 94] Received message from  57: 1|0,21,51,57,79,93,96,1,17,20,50,62,80,94,98
[  6] Received message from  67: 1|0,21,51,57,79,93,96,1,80,81,10,16,62,66,100,5,26,46,67,6,34,76,86
[ 63] Received message from  29: 1|0,21,51,57,79,93,96,1,80,81,10,16,62,66,100,5,26,38,46,67,25,86,29,63,91
[ 53] Received message from  72: 1|0,21,51,57,79,93,96,1,80,81,10,16,62,66,100,72,40,43,53,74,98,99
[ 16] Sent Broadcast: 1|0,21,51,57,79,93,96,1,80,81,10,16,62,66,100,5,26,46,67
[ 32] Received message from  23: 1|0,21,51,57,79,93,96,1,80,81,19,36,82,31,56,7,27,28,52,84,13,23,54,61,32
[ 86] Received message from  38: 1|0,21,51,57,79,93,96,1,80,81,10,16,62,66,100,5,26,38,46,67,25,49,86
[ 96] Sent Broadcast: 1|0,21,51,57,79,93,96,1,81,82
[ 23] Sent Broadcast: 1|0,21,51,57,79,93,96,1,80,81,19,36,82,31,56,7,27,28,52,84,13,23,54,61,32
[ 74] Received message from  72: 1|0,21,51,57,79,93,96,1,80,81,10,16,62,66,100,72,40,43,53,74,98,99
[ 22] Received message from  63: 1|0,21,51,57,79,93,96,1,80,81,10,16,62,66,100,5,26,38,46,67,25,86,29,63,91,22,35,44,60,64,85,90
[ 99] Received message from  98: 1|0,21,51,57,79,93,96,1,17,20,50,62,80,94,98,72,99
[ 95] Received message from  27: 1|0,21,51,57,79,93,96,1,80,81,19,36,82,31,56,7,27,28,52,84,13,95
[ 73] Received message from   6: 1|0,21,51,57,79,93,96,1,80,81,10,16,62,66,100,5,26,46,67,6,34,76,86,73,83
[ 52] Received message from  31: 1|0,21,51,57,79,93,96,1,80,81,19,36,82,31,56,7,27,28,52,84
[ 38] Sent Broadcast: 1|0,21,51,57,79,93,96,1,80,81,10,16,62,66,100,5,26,38,46,67,25,49,86
[ 67] Received message from  10: 1|0,21,51,57,79,93,96,1,80,81,10,16,62,66,100,5,26,38,46,67
[ 98] Received message from  57: 1|0,21,51,57,79,93,96,1,17,20,50,62,80,94,98
[ 38] Received message from  46: 1|0,21,51,57,79,93,96,1,80,81,10,16,62,66,100,5,26,46,67,25,38,49
[ 98] Sent Broadcast: 1|0,21,51,57,79,93,96,1,17,20,50,62,80,94,98,72,99
[ 34] Received message from  67: 1|0,21,51,57,79,93,96,1,80,81,10,16,62,66,100,5,26,46,67,6,34,76,86
[ 27] Sent Broadcast: 1|0,21,51,57,79,93,96,1,80,81,19,36,82,31,56,7,27,28,52,84,13,95
[ 91] Received message from  29: 1|0,21,51,57,79,93,96,1,80,81,10,16,62,66,100,5,26,38,46,67,25,86,29,63,91
[ 23] Received message from  28: 1|0,21,51,57,79,93,96,1,80,81,19,36,82,28,31,7,13,23,52,54,61
[ 54] Received message from   7: 1|0,21,51,57,79,93,96,1,80,81,19,36,82,31,56,7,27,28,52,84,13,23,54,61
[ 40] Received message from  99: 1|0,21,51,57,79,93,96,1,17,20,50,62,80,94,98,72,99,40,43,53,74
[  9] Received message from  73: 1|0,21,51,57,79,93,96,1,80,81,10,16,62,66,100,5,26,46,67,6,34,76,86,73,83,9
[  2] Received message from  95: 1|0,21,51,57,79,93,96,1,80,81,19,36,82,31,56,7,27,28,52,84,13,95,2,15,65,69,77,87
[ 83] Received message from   6: 1|0,21,51,57,79,93,96,1,80,81,10,16,62,66,100,5,26,46,67,6,34,76,86,73,83
[ 98] Received message from  72: 1|0,21,51,57,79,93,96,1,80,81,10,16,62,66,100,72,40,43,53,74,98,99
[ 46] Received message from 100: 1|0,21,51,57,79,93,96,1,80,81,10,16,62,66,100,5,26,46
[ 10] Sent Broadcast: 1|0,21,51,57,79,93,96,1,80,81,10,16,62,66,100,5,26,38,46,67
[ 73] Received message from  34: 1|0,21,51,57,79,93,96,1,80,81,10,16,62,66,100,5,26,46,67,6,34,76,86,73,83
[  6] Sent Broadcast: 1|0,21,51,57,79,93,96,1,80,81,10,16,62,66,100,5,26,46,67,6,34,76,86,73,83
[ 29] Sent Broadcast: 1|0,21,51,57,79,93,96,1,80,81,10,16,62,66,100,5,26,38,46,67,25,86,29,63,91
[ 57] Sent Broadcast: 1|0,21,51,57,79,93,96,1,17,20,50,62,80,94,98
[ 13] Received message from  52: 1|0,21,51,57,79,93,96,1,80,81,19,36,82,31,56,7,27,28,52,84,13,23,54,61
[ 35] Received message from  63: 1|0,21,51,57,79,93,96,1,80,81,10,16,62,66,100,5,26,38,46,67,25,86,29,63,91,22,35,44,60,64,85,90
[ 76] Received message from  67: 1|0,21,51,57,79,93,96,1,80,81,10,16,62,66,100,5,26,46,67,6,34,76,86
[ 73] Sent Broadcast: 1|0,21,51,57,79,93,96,1,80,81,10,16,62,66,100,5,26,46,67,6,34,76,86,73,83,9
[ 18] Received message from   9: 1|0,21,51,57,79,93,96,1,80,81,10,16,62,66,100,5,26,46,67,6,34,76,86,73,83,9,18,24,45
[ 32] Received message from  54: 1|0,21,51,57,79,93,96,1,80,81,19,36,82,31,56,7,27,28,52,84,13,23,54,61,32
[ 22] Received message from  91: 1|0,21,51,57,79,93,96,1,80,81,10,16,62,66,100,5,26,38,46,67,25,86,29,63,91,22,35,64,90
[ 61] Received message from   7: 1|0,21,51,57,79,93,96,1,80,81,19,36,82,31,56,7,27,28,52,84,13,23,54,61
[ 89] Received message from  22: 1|0,21,51,57,79,93,96,1,80,81,10,16,62,66,100,5,26,38,46,67,25,86,29,63,91,22,35,44,60,64,85,90,89
[ 43] Received message from  99: 1|0,21,51,57,79,93,96,1,17,20,50,62,80,94,98,72,99,40,43,53,74
[ 15] Received message from  95: 1|0,21,51,57,79,93,96,1,80,81,19,36,82,31,56,7,27,28,52,84,13,95,2,15,65,69,77,87
[ 44] Received message from  63: 1|0,21,51,57,79,93,96,1,80,81,10,16,62,66,100,5,26,38,46,67,25,86,29,63,91,22,35,44,60,64,85,90
[ 83] Received message from  34: 1|0,21,51,57,79,93,96,1,80,81,10,16,62,66,100,5,26,46,67,6,34,76,86,73,83
[100] Sent Broadcast: 1|0,21,51,57,79,93,96,1,80,81,10,16,62,66,100,5,26,46
[ 49] Received message from  46: 1|0,21,51,57,79,93,96,1,80,81,10,16,62,66,100,5,26,46,67,25,38,49
[ 84] Received message from  31: 1|0,21,51,57,79,93,96,1,80,81,19,36,82,31,56,7,27,28,52,84
[ 99] Received message from  72: 1|0,21,51,57,79,93,96,1,80,81,10,16,62,66,100,72,40,43,53,74,98,99
[ 46] Sent Broadcast: 1|0,21,51,57,79,93,96,1,80,81,10,16,62,66,100,5,26,46,67,25,38,49
[ 54] Sent Broadcast: 1|0,21,51,57,79,93,96,1,80,81,19,36,82,31,56,7,27,28,52,84,13,23,54,61,32
[ 22] Sent Broadcast: 1|0,21,51,57,79,93,96,1,80,81,10,16,62,66,100,5,26,38,46,67,25,86,29,63,91,22,35,44,60,64,85,90,89
[  8] Received message from  18: 1|0,21,51,57,79,93,96,1,80,81,10,16,62,66,100,5,26,46,67,6,34,76,86,73,83,9,18,24,45,8,37,39,97
[  7] Sent Broadcast: 1|0,21,51,57,79,93,96,1,80,81,19,36,82,31,56,7,27,28,52,84,13,23,54,61
[ 34] Sent Broadcast: 1|0,21,51,57,79,93,96,1,80,81,10,16,62,66,100,5,26,46,67,6,34,76,86,73,83
[ 52] Received message from  28: 1|0,21,51,57,79,93,96,1,80,81,19,36,82,28,31,7,13,23,52,54,61
[ 31] Sent Broadcast: 1|0,21,51,57,79,93,96,1,80,81,19,36,82,31,56,7,27,28,52,84
[ 72] Sent Broadcast: 1|0,21,51,57,79,93,96,1,80,81,10,16,62,66,100,72,40,43,53,74,98,99
[ 32] Received message from  61: 1|0,21,51,57,79,93,96,1,80,81,19,36,82,31,56,7,27,28,52,84,13,23,54,61,32
[  8] Received message from  89: 1|0,21,51,57,79,93,96,1,80,81,10,16,62,66,100,5,26,38,46,67,25,86,29,63,91,22,35,44,60,64,85,90,89,8,39,47,70,97
[ 24] Received message from   9: 1|0,21,51,57,79,93,96,1,80,81,10,16,62,66,100,5,26,46,67,6,34,76,86,73,83,9,18,24,45
[ 61] Sent Broadcast: 1|0,21,51,57,79,93,96,1,80,81,19,36,82,31,56,7,27,28,52,84,13,23,54,61,32
[ 60] Received message from  63: 1|0,21,51,57,79,93,96,1,80,81,10,16,62,66,100,5,26,38,46,67,25,86,29,63,91,22,35,44,60,64,85,90
[ 65] Received message from  95: 1|0,21,51,57,79,93,96,1,80,81,19,36,82,31,56,7,27,28,52,84,13,95,2,15,65,69,77,87
[ 23] Received message from  52: 1|0,21,51,57,79,93,96,1,80,81,19,36,82,31,56,7,27,28,52,84,13,23,54,61
[  8] Received message from  44: 1|0,21,51,57,79,93,96,1,80,81,10,16,62,66,100,5,26,38,46,67,25,86,29,63,91,22,35,44,60,64,85,90,8,47,59,89,97
[ 35] Received message from  91: 1|0,21,51,57,79,93,96,1,80,81,10,16,62,66,100,5,26,38,46,67,25,86,29,63,91,22,35,64,90
[ 86] Received message from  67: 1|0,21,51,57,79,93,96,1,80,81,10,16,62,66,100,5,26,46,67,6,34,76,86
[ 53] Received message from  99: 1|0,21,51,57,79,93,96,1,17,20,50,62,80,94,98,72,99,40,43,53,74
[  8] Received message from  35: 1|0,21,51,57,79,93,96,1,80,81,10,16,62,66,100,5,26,38,46,67,25,86,29,63,91,22,35,44,60,64,85,90,8,89,97
[ 39] Received message from  89: 1|0,21,51,57,79,93,96,1,80,81,10,16,62,66,100,5,26,38,46,67,25,86,29,63,91,22,35,44,60,64,85,90,89,8,39,47,70,97
[ 35] Received message from   8: 1|0,21,51,57,79,93,96,1,80,81,10,16,62,66,100,5,26,46,67,6,34,76,86,73,83,9,18,24,45,8,37,39,97,35,44,47,60,70,89
[ 73] Received message from  76: 1|0,21,51,57,79,93,96,1,80,81,10,16,62,66,100,5,26,46,67,6,34,76,86,73,83
[ 37] Received message from  18: 1|0,21,51,57,79,93,96,1,80,81,10,16,62,66,100,5,26,46,67,6,34,76,86,73,83,9,18,24,45,8,37,39,97
[ 64] Received message from  63: 1|0,21,51,57,79,93,96,1,80,81,10,16,62,66,100,5,26,38,46,67,25,86,29,63,91,22,35,44,60,64,85,90
[ 45] Received message from   9: 1|0,21,51,57,79,93,96,1,80,81,10,16,62,66,100,5,26,46,67,6,34,76,86,73,83,9,18,24,45
[ 54] Received message from  28: 1|0,21,51,57,79,93,96,1,80,81,19,36,82,28,31,7,13,23,52,54,61
[ 54] Received message from  52: 1|0,21,51,57,79,93,96,1,80,81,19,36,82,31,56,7,27,28,52,84,13,23,54,61
[ 69] Received message from  95: 1|0,21,51,57,79,93,96,1,80,81,19,36,82,31,56,7,27,28,52,84,13,95,2,15,65,69,77,87
[ 67] Sent Broadcast: 1|0,21,51,57,79,93,96,1,80,81,10,16,62,66,100,5,26,46,67,6,34,76,86
[ 47] Received message from  44: 1|0,21,51,57,79,93,96,1,80,81,10,16,62,66,100,5,26,38,46,67,25,86,29,63,91,22,35,44,60,64,85,90,8,47,59,89,97
[ 64] Received message from  91: 1|0,21,51,57,79,93,96,1,80,81,10,16,62,66,100,5,26,38,46,67,25,86,29,63,91,22,35,64,90
[ 12] Received message from  65: 1|0,21,51,57,79,93,96,1,80,81,19,36,82,31,56,7,27,28,52,84,13,95,2,15,65,69,77,87,12
[  8] Received message from  60: 1|0,21,51,57,79,93,96,1,80,81,10,16,62,66,100,5,26,38,46,67,25,86,29,63,91,22,35,44,60,64,85,90,8,47,89,97
[ 47] Received message from  89: 1|0,21,51,57,79,93,96,1,80,81,10,16,62,66,100,5,26,38,46,67,25,86,29,63,91,22,35,44,60,64,85,90,89,8,39,47,70,97
[ 18] Received message from  39: 1|0,21,51,57,79,93,96,1,80,81,10,16,62,66,100,5,26,38,46,67,25,86,29,63,91,22,35,44,60,64,85,90,89,8,39,47,70,97,18,24,37
[ 74] Received message from  99: 1|0,21,51,57,79,93,96,1,17,20,50,62,80,94,98,72,99,40,43,53,74
[ 59] Received message from  44: 1|0,21,51,57,79,93,96,1,80,81,10,16,62,66,100,5,26,38,46,67,25,86,29,63,91,22,35,44,60,64,85,90,8,47,59,89,97
[ 89] Received message from  35: 1|0,21,51,57,79,93,96,1,80,81,10,16,62,66,100,5,26,38,46,67,25,86,29,63,91,22,35,44,60,64,85,90,8,89,97
[  8] Received message from  24: 1|0,21,51,57,79,93,96,1,80,81,10,16,62,66,100,5,26,46,67,6,34,76,86,73,83,9,18,24,45,8,39
[  9] Sent Broadcast: 1|0,21,51,57,79,93,96,1,80,81,10,16,62,66,100,5,26,46,67,6,34,76,86,73,83,9,18,24,45
[ 83] Received message from  76: 1|0,21,51,57,79,93,96,1,80,81,10,16,62,66,100,5,26,46,67,6,34,76,86,73,83
[ 76] Sent Broadcast: 1|0,21,51,57,79,93,96,1,80,81,10,16,62,66,100,5,26,46,67,6,34,76,86,73,83
[ 65] Sent Broadcast: 1|0,21,51,57,79,93,96,1,80,81,19,36,82,31,56,7,27,28,52,84,13,95,2,15,65,69,77,87,12
[ 12] Received message from  69: 1|0,21,51,57,79,93,96,1,80,81,19,36,82,31,56,7,27,28,52,84,13,95,2,15,65,69,77,87,12,30,68
[ 99] Sent Broadcast: 1|0,21,51,57,79,93,96,1,17,20,50,62,80,94,98,72,99,40,43,53,74
[  4] Received message from  12: 1|0,21,51,57,79,93,96,1,80,81,19,36,82,31,56,7,27,28,52,84,13,95,2,15,65,69,77,87,12,4,30,68
[ 44] Received message from   8: 1|0,21,51,57,79,93,96,1,80,81,10,16,62,66,100,5,26,46,67,6,34,76,86,73,83,9,18,24,45,8,37,39,97,35,44,47,60,70,89
[ 39] Received message from  18: 1|0,21,51,57,79,93,96,1,80,81,10,16,62,66,100,5,26,46,67,6,34,76,86,73,83,9,18,24,45,8,37,39,97
[ 61] Received message from  28: 1|0,21,51,57,79,93,96,1,80,81,19,36,82,28,31,7,13,23,52,54,61
[ 70] Received message from  89: 1|0,21,51,57,79,93,96,1,80,81,10,16,62,66,100,5,26,38,46,67,25,86,29,63,91,22,35,44,60,64,85,90,89,8,39,47,70,97
[ 77] Received message from  95: 1|0,21,51,57,79,93,96,1,80,81,19,36,82,31,56,7,27,28,52,84,13,95,2,15,65,69,77,87
[ 59] Received message from  47: 1|0,21,51,57,79,93,96,1,80,81,10,16,62,66,100,5,26,38,46,67,25,86,29,63,91,22,35,44,60,64,85,90,89,8,39,47,70,97,59
[ 89] Received message from  44: 1|0,21,51,57,79,93,96,1,80,81,10,16,62,66,100,5,26,38,46,67,25,86,29,63,91,22,35,44,60,64,85,90,8,47,59,89,97
[ 90] Received message from  91: 1|0,21,51,57,79,93,96,1,80,81,10,16,62,66,100,5,26,38,46,67,25,86,29,63,91,22,35,64,90
[ 47] Received message from  60: 1|0,21,51,57,79,93,96,1,80,81,10,16,62,66,100,5,26,38,46,67,25,86,29,63,91,22,35,44,60,64,85,90,8,47,89,97
[ 85] Received message from  63: 1|0,21,51,57,79,93,96,1,80,81,10,16,62,66,100,5,26,38,46,67,25,86,29,63,91,22,35,44,60,64,85,90
[ 97] Received message from  35: 1|0,21,51,57,79,93,96,1,80,81,10,16,62,66,100,5,26,38,46,67,25,86,29,63,91,22,35,44,60,64,85,90,8,89,97
[ 30] Received message from  69: 1|0,21,51,57,79,93,96,1,80,81,19,36,82,31,56,7,27,28,52,84,13,95,2,15,65,69,77,87,12,30,68
[ 61] Received message from  52: 1|0,21,51,57,79,93,96,1,80,81,19,36,82,31,56,7,27,28,52,84,13,23,54,61
[ 39] Received message from  24: 1|0,21,51,57,79,93,96,1,80,81,10,16,62,66,100,5,26,46,67,6,34,76,86,73,83,9,18,24,45,8,39
[ 28] Sent Broadcast: 1|0,21,51,57,79,93,96,1,80,81,19,36,82,28,31,7,13,23,52,54,61
[ 52] Sent Broadcast: 1|0,21,51,57,79,93,96,1,80,81,19,36,82,31,56,7,27,28,52,84,13,23,54,61
[ 24] Sent Broadcast: 1|0,21,51,57,79,93,96,1,80,81,10,16,62,66,100,5,26,46,67,6,34,76,86,73,83,9,18,24,45,8,39
[ 47] Sent Broadcast: 1|0,21,51,57,79,93,96,1,80,81,10,16,62,66,100,5,26,38,46,67,25,86,29,63,91,22,35,44,60,64,85,90,89,8,39,47,70,97,59
[ 91] Sent Broadcast: 1|0,21,51,57,79,93,96,1,80,81,10,16,62,66,100,5,26,38,46,67,25,86,29,63,91,22,35,64,90
[ 92] Received message from   4: 1|0,21,51,57,79,93,96,1,80,81,19,36,82,31,56,7,27,28,52,84,13,95,2,15,65,69,77,87,12,4,30,68,92
[ 47] Received message from   8: 1|0,21,51,57,79,93,96,1,80,81,10,16,62,66,100,5,26,46,67,6,34,76,86,73,83,9,18,24,45,8,37,39,97,35,44,47,60,70,89
[ 35] Sent Broadcast: 1|0,21,51,57,79,93,96,1,80,81,10,16,62,66,100,5,26,38,46,67,25,86,29,63,91,22,35,44,60,64,85,90,8,89,97
[ 42] Received message from  90: 1|0,21,51,57,79,93,96,1,80,81,10,16,62,66,100,5,26,38,46,67,25,86,29,63,91,22,35,64,90,42,85
[ 97] Received message from  18: 1|0,21,51,57,79,93,96,1,80,81,10,16,62,66,100,5,26,46,67,6,34,76,86,73,83,9,18,24,45,8,37,39,97
[ 59] Received message from  70: 1|0,21,51,57,79,93,96,1,80,81,10,16,62,66,100,5,26,38,46,67,25,86,29,63,91,22,35,44,60,64,85,90,89,8,39,47,70,97,59
[ 18] Received message from  97: 1|0,21,51,57,79,93,96,1,80,81,10,16,62,66,100,5,26,38,46,67,25,86,29,63,91,22,35,44,60,64,85,90,8,89,97,18,37,39,47,70
[  4] Received message from  30: 1|0,21,51,57,79,93,96,1,80,81,19,36,82,31,56,7,27,28,52,84,13,95,2,15,65,69,77,87,12,30,68,4,92
[ 12] Received message from  77: 1|0,21,51,57,79,93,96,1,80,81,19,36,82,31,56,7,27,28,52,84,13,95,2,15,65,69,77,87,12,30,68
[ 87] Received message from  95: 1|0,21,51,57,79,93,96,1,80,81,19,36,82,31,56,7,27,28,52,84,13,95,2,15,65,69,77,87
[ 70] Sent Broadcast: 1|0,21,51,57,79,93,96,1,80,81,10,16,62,66,100,5,26,38,46,67,25,86,29,63,91,22,35,44,60,64,85,90,89,8,39,47,70,97,59
[ 18] Sent Broadcast: 1|0,21,51,57,79,93,96,1,80,81,10,16,62,66,100,5,26,46,67,6,34,76,86,73,83,9,18,24,45,8,37,39,97
[ 89] Received message from  60: 1|0,21,51,57,79,93,96,1,80,81,10,16,62,66,100,5,26,38,46,67,25,86,29,63,91,22,35,44,60,64,85,90,8,47,89,97
[ 90] Received message from  63: 1|0,21,51,57,79,93,96,1,80,81,10,16,62,66,100,5,26,38,46,67,25,86,29,63,91,22,35,44,60,64,85,90
[ 30] Received message from  12: 1|0,21,51,57,79,93,96,1,80,81,19,36,82,31,56,7,27,28,52,84,13,95,2,15,65,69,77,87,12,4,30,68
[ 42] Received message from  85: 1|0,21,51,57,79,93,96,1,80,81,10,16,62,66,100,5,26,38,46,67,25,86,29,63,91,22,35,44,60,64,85,90,42,48
[  4] Sent Broadcast: 1|0,21,51,57,79,93,96,1,80,81,19,36,82,31,56,7,27,28,52,84,13,95,2,15,65,69,77,87,12,4,30,68,92
[ 97] Received message from  89: 1|0,21,51,57,79,93,96,1,80,81,10,16,62,66,100,5,26,38,46,67,25,86,29,63,91,22,35,44,60,64,85,90,89,8,39,47,70,97
[ 30] Received message from  77: 1|0,21,51,57,79,93,96,1,80,81,19,36,82,31,56,7,27,28,52,84,13,95,2,15,65,69,77,87,12,30,68
[ 95] Sent Broadcast: 1|0,21,51,57,79,93,96,1,80,81,19,36,82,31,56,7,27,28,52,84,13,95,2,15,65,69,77,87
[ 89] Sent Broadcast: 1|0,21,51,57,79,93,96,1,80,81,10,16,62,66,100,5,26,38,46,67,25,86,29,63,91,22,35,44,60,64,85,90,89,8,39,47,70,97
[ 63] Sent Broadcast: 1|0,21,51,57,79,93,96,1,80,81,10,16,62,66,100,5,26,38,46,67,25,86,29,63,91,22,35,44,60,64,85,90
[ 92] Received message from  30: 1|0,21,51,57,79,93,96,1,80,81,19,36,82,31,56,7,27,28,52,84,13,95,2,15,65,69,77,87,12,30,68,4,92
[ 97] Received message from  44: 1|0,21,51,57,79,93,96,1,80,81,10,16,62,66,100,5,26,38,46,67,25,86,29,63,91,22,35,44,60,64,85,90,8,47,59,89,97
[ 55] Received message from  92: 1|0,21,51,57,79,93,96,1,80,81,19,36,82,31,56,7,27,28,52,84,13,95,2,15,65,69,77,87,12,4,30,68,92,55
[ 24] Received message from  39: 1|0,21,51,57,79,93,96,1,80,81,10,16,62,66,100,5,26,38,46,67,25,86,29,63,91,22,35,44,60,64,85,90,89,8,39,47,70,97,18,24,37
[ 11] Received message from  42: 1|0,21,51,57,79,93,96,1,80,81,10,16,62,66,100,5,26,38,46,67,25,86,29,63,91,22,35,64,90,42,85,11,48,55,58
[ 60] Received message from   8: 1|0,21,51,57,79,93,96,1,80,81,10,16,62,66,100,5,26,46,67,6,34,76,86,73,83,9,18,24,45,8,37,39,97,35,44,47,60,70,89
[ 92] Sent Broadcast: 1|0,21,51,57,79,93,96,1,80,81,19,36,82,31,56,7,27,28,52,84,13,95,2,15,65,69,77,87,12,4,30,68,92,55
[ 30] Sent Broadcast: 1|0,21,51,57,79,93,96,1,80,81,19,36,82,31,56,7,27,28,52,84,13,95,2,15,65,69,77,87,12,30,68,4,92
[ 68] Received message from  69: 1|0,21,51,57,79,93,96,1,80,81,19,36,82,31,56,7,27,28,52,84,13,95,2,15,65,69,77,87,12,30,68
[ 44] Sent Broadcast: 1|0,21,51,57,79,93,96,1,80,81,10,16,62,66,100,5,26,38,46,67,25,86,29,63,91,22,35,44,60,64,85,90,8,47,59,89,97
[ 69] Sent Broadcast: 1|0,21,51,57,79,93,96,1,80,81,19,36,82,31,56,7,27,28,52,84,13,95,2,15,65,69,77,87,12,30,68
[ 37] Received message from  97: 1|0,21,51,57,79,93,96,1,80,81,10,16,62,66,100,5,26,38,46,67,25,86,29,63,91,22,35,44,60,64,85,90,8,89,97,18,37,39,47,70
[ 68] Received message from  77: 1|0,21,51,57,79,93,96,1,80,81,19,36,82,31,56,7,27,28,52,84,13,95,2,15,65,69,77,87,12,30,68
[ 97] Received message from  60: 1|0,21,51,57,79,93,96,1,80,81,10,16,62,66,100,5,26,38,46,67,25,86,29,63,91,22,35,44,60,64,85,90,8,47,89,97
[ 48] Received message from  85: 1|0,21,51,57,79,93,96,1,80,81,10,16,62,66,100,5,26,38,46,67,25,86,29,63,91,22,35,44,60,64,85,90,42,48
[ 11] Received message from  55: 1|0,21,51,57,79,93,96,1,80,81,19,36,82,31,56,7,27,28,52,84,13,95,2,15,65,69,77,87,12,4,30,68,92,55,11,42,48,58
[ 37] Received message from  39: 1|0,21,51,57,79,93,96,1,80,81,10,16,62,66,100,5,26,38,46,67,25,86,29,63,91,22,35,44,60,64,85,90,89,8,39,47,70,97,18,24,37
[ 60] Sent Broadcast: 1|0,21,51,57,79,93,96,1,80,81,10,16,62,66,100,5,26,38,46,67,25,86,29,63,91,22,35,44,60,64,85,90,8,47,89,97
[ 77] Sent Broadcast: 1|0,21,51,57,79,93,96,1,80,81,19,36,82,31,56,7,27,28,52,84,13,95,2,15,65,69,77,87,12,30,68
[ 85] Sent Broadcast: 1|0,21,51,57,79,93,96,1,80,81,10,16,62,66,100,5,26,38,46,67,25,86,29,63,91,22,35,44,60,64,85,90,42,48
[ 70] Received message from   8: 1|0,21,51,57,79,93,96,1,80,81,10,16,62,66,100,5,26,46,67,6,34,76,86,73,83,9,18,24,45,8,37,39,97,35,44,47,60,70,89
[ 68] Received message from  12: 1|0,21,51,57,79,93,96,1,80,81,19,36,82,31,56,7,27,28,52,84,13,95,2,15,65,69,77,87,12,4,30,68
[ 85] Received message from  90: 1|0,21,51,57,79,93,96,1,80,81,10,16,62,66,100,5,26,38,46,67,25,86,29,63,91,22,35,64,90,42,85
[ 39] Sent Broadcast: 1|0,21,51,57,79,93,96,1,80,81,10,16,62,66,100,5,26,38,46,67,25,86,29,63,91,22,35,44,60,64,85,90,89,8,39,47,70,97,18,24,37
[ 12] Sent Broadcast: 1|0,21,51,57,79,93,96,1,80,81,19,36,82,31,56,7,27,28,52,84,13,95,2,15,65,69,77,87,12,4,30,68
[  4] Received message from  68: 1|0,21,51,57,79,93,96,1,80,81,19,36,82,31,56,7,27,28,52,84,13,95,2,15,65,69,77,87,12,30,68,4,92
[ 90] Sent Broadcast: 1|0,21,51,57,79,93,96,1,80,81,10,16,62,66,100,5,26,38,46,67,25,86,29,63,91,22,35,64,90,42,85
[ 48] Received message from  42: 1|0,21,51,57,79,93,96,1,80,81,10,16,62,66,100,5,26,38,46,67,25,86,29,63,91,22,35,64,90,42,85,11,48,55,58
[ 39] Received message from  97: 1|0,21,51,57,79,93,96,1,80,81,10,16,62,66,100,5,26,38,46,67,25,86,29,63,91,22,35,44,60,64,85,90,8,89,97,18,37,39,47,70
[  3] Received message from  11: 1|0,21,51,57,79,93,96,1,80,81,19,36,82,31,56,7,27,28,52,84,13,95,2,15,65,69,77,87,12,4,30,68,92,55,11,42,48,58,3,14
[ 42] Received message from  55: 1|0,21,51,57,79,93,96,1,80,81,19,36,82,31,56,7,27,28,52,84,13,95,2,15,65,69,77,87,12,4,30,68,92,55,11,42,48,58
[ 92] Received message from  68: 1|0,21,51,57,79,93,96,1,80,81,19,36,82,31,56,7,27,28,52,84,13,95,2,15,65,69,77,87,12,30,68,4,92
[ 89] Received message from   8: 1|0,21,51,57,79,93,96,1,80,81,10,16,62,66,100,5,26,46,67,6,34,76,86,73,83,9,18,24,45,8,37,39,97,35,44,47,60,70,89
[ 11] Received message from  48: 1|0,21,51,57,79,93,96,1,80,81,10,16,62,66,100,5,26,38,46,67,25,86,29,63,91,22,35,44,60,64,85,90,42,48,11,55,58
[  8] Sent Broadcast: 1|0,21,51,57,79,93,96,1,80,81,10,16,62,66,100,5,26,46,67,6,34,76,86,73,83,9,18,24,45,8,37,39,97,35,44,47,60,70,89
[ 68] Sent Broadcast: 1|0,21,51,57,79,93,96,1,80,81,19,36,82,31,56,7,27,28,52,84,13,95,2,15,65,69,77,87,12,30,68,4,92
[ 71] Received message from   3: 1|0,21,51,57,79,93,96,1,80,81,19,36,82,31,56,7,27,28,52,84,13,95,2,15,65,69,77,87,12,4,30,68,92,55,11,42,48,58,3,14,71,75
[ 47] Received message from  97: 1|0,21,51,57,79,93,96,1,80,81,10,16,62,66,100,5,26,38,46,67,25,86,29,63,91,22,35,44,60,64,85,90,8,89,97,18,37,39,47,70
[ 14] Received message from  11: 1|0,21,51,57,79,93,96,1,80,81,19,36,82,31,56,7,27,28,52,84,13,95,2,15,65,69,77,87,12,4,30,68,92,55,11,42,48,58,3,14
[ 11] Sent Broadcast: 1|0,21,51,57,79,93,96,1,80,81,19,36,82,31,56,7,27,28,52,84,13,95,2,15,65,69,77,87,12,4,30,68,92,55,11,42,48,58,3,14
[ 55] Received message from  42: 1|0,21,51,57,79,93,96,1,80,81,10,16,62,66,100,5,26,38,46,67,25,86,29,63,91,22,35,64,90,42,85,11,48,55,58
[ 48] Received message from  55: 1|0,21,51,57,79,93,96,1,80,81,19,36,82,31,56,7,27,28,52,84,13,95,2,15,65,69,77,87,12,4,30,68,92,55,11,42,48,58
[ 70] Received message from  97: 1|0,21,51,57,79,93,96,1,80,81,10,16,62,66,100,5,26,38,46,67,25,86,29,63,91,22,35,44,60,64,85,90,8,89,97,18,37,39,47,70
[ 58] Received message from  42: 1|0,21,51,57,79,93,96,1,80,81,10,16,62,66,100,5,26,38,46,67,25,86,29,63,91,22,35,64,90,42,85,11,48,55,58
[ 97] Sent Broadcast: 1|0,21,51,57,79,93,96,1,80,81,10,16,62,66,100,5,26,38,46,67,25,86,29,63,91,22,35,44,60,64,85,90,8,89,97,18,37,39,47,70
[ 55] Received message from  48: 1|0,21,51,57,79,93,96,1,80,81,10,16,62,66,100,5,26,38,46,67,25,86,29,63,91,22,35,44,60,64,85,90,42,48,11,55,58
[ 42] Sent Broadcast: 1|0,21,51,57,79,93,96,1,80,81,10,16,62,66,100,5,26,38,46,67,25,86,29,63,91,22,35,64,90,42,85,11,48,55,58
[ 58] Received message from  55: 1|0,21,51,57,79,93,96,1,80,81,19,36,82,31,56,7,27,28,52,84,13,95,2,15,65,69,77,87,12,4,30,68,92,55,11,42,48,58
[ 55] Sent Broadcast: 1|0,21,51,57,79,93,96,1,80,81,19,36,82,31,56,7,27,28,52,84,13,95,2,15,65,69,77,87,12,4,30,68,92,55,11,42,48,58
[ 58] Received message from  48: 1|0,21,51,57,79,93,96,1,80,81,10,16,62,66,100,5,26,38,46,67,25,86,29,63,91,22,35,44,60,64,85,90,42,48,11,55,58
[ 71] Received message from  14: 1|0,21,51,57,79,93,96,1,80,81,19,36,82,31,56,7,27,28,52,84,13,95,2,15,65,69,77,87,12,4,30,68,92,55,11,42,48,58,3,14,71,75
[ 48] Sent Broadcast: 1|0,21,51,57,79,93,96,1,80,81,10,16,62,66,100,5,26,38,46,67,25,86,29,63,91,22,35,44,60,64,85,90,42,48,11,55,58
[ 75] Received message from   3: 1|0,21,51,57,79,93,96,1,80,81,19,36,82,31,56,7,27,28,52,84,13,95,2,15,65,69,77,87,12,4,30,68,92,55,11,42,48,58,3,14,71,75
[  3] Sent Broadcast: 1|0,21,51,57,79,93,96,1,80,81,19,36,82,31,56,7,27,28,52,84,13,95,2,15,65,69,77,87,12,4,30,68,92,55,11,42,48,58,3,14,71,75
[ 75] Received message from  14: 1|0,21,51,57,79,93,96,1,80,81,19,36,82,31,56,7,27,28,52,84,13,95,2,15,65,69,77,87,12,4,30,68,92,55,11,42,48,58,3,14,71,75
[ 14] Sent Broadcast: 1|0,21,51,57,79,93,96,1,80,81,19,36,82,31,56,7,27,28,52,84,13,95,2,15,65,69,77,87,12,4,30,68,92,55,11,42,48,58,3,14,71,75
[ 41] Received message from  33: 33|0,41,88
[ 88] Received message from  33: 33|0,41,88
[ 33] Sent Broadcast: 33|0,41,88
