[ 39] Received message from   1: 1|0,39,66,75,97
[ 66] Received message from   1: 1|0,39,66,75,97
[ 85] Received message from  66: 1|0,39,66,75,97,1,85
[ 75] Received message from   1: 1|0,39,66,75,97
[ 66] Sent Broadcast: 1|0,39,66,75,97,1,85
[ 80] Received message from  85: 1|0,39,66,75,97,1,85,80
[ 97] Received message from   1: 1|0,39,66,75,97
[ 85] Sent Broadcast: 1|0,39,66,75,97,1,85,80
[  1] Sent Broadcast: 1|0,39,66,75,97
[ 85] Received message from  75: 1|0,39,66,75,97,1,85
[ 75] Sent Broadcast: 1|0,39,66,75,97,1,85
[ 32] Received message from  80: 1|0,39,66,75,97,1,85,80,32
[ 80] Sent Broadcast: 1|0,39,66,75,97,1,85,80,32
[ 37] Received message from  32: 1|0,39,66,75,97,1,85,80,32,37,55,68
[ 42] Received message from  37: 1|0,39,66,75,97,1,85,80,32,37,55,68,42
[ 37] Sent Broadcast: 1|0,39,66,75,97,1,85,80,32,37,55,68,42
[ 55] Received message from  32: 1|0,39,66,75,97,1,85,80,32,37,55,68
[ 38] Received message from  42: 1|0,39,66,75,97,1,85,80,32,37,55,68,42,38,91
[ 38] Received message from  55: 1|0,39,66,75,97,1,85,80,32,37,55,68,38,42,91
[ 91] Received message from  42: 1|0,39,66,75,97,1,85,80,32,37,55,68,42,38,91
[ 42] Sent Broadcast: 1|0,39,66,75,97,1,85,80,32,37,55,68,42,38,91
[ 68] Received message from  32: 1|0,39,66,75,97,1,85,80,32,37,55,68
[ 42] Received message from  55: 1|0,39,66,75,97,1,85,80,32,37,55,68,38,42,91
[ 32] Sent Broadcast: 1|0,39,66,75,97,1,85,80,32,37,55,68
[ 38] Received message from  68: 1|0,39,66,75,97,1,85,80,32,37,55,68,38,42,91
[ 91] Received message from  55: 1|0,39,66,75,97,1,85,80,32,37,55,68,38,42,91
[ 55] Sent Broadcast: 1|0,39,66,75,97,1,85,80,32,37,55,68,38,42,91
[ 42] Received message from  68: 1|0,39,66,75,97,1,85,80,32,37,55,68,38,42,91
[ 91] Received message from  68: 1|0,39,66,75,97,1,85,80,32,37,55,68,38,42,91
[ 68] Sent Broadcast: 1|0,39,66,75,97,1,85,80,32,37,55,68,38,42,91
[ 15] Received message from   2: 2|0,15,18,41,49,57,67,89
[ 18] Received message from   2: 2|0,15,18,41,49,57,67,89
[ 17] Received message from  15: 2|0,15,18,41,49,57,67,89,2,17,19,24,40,44,70,99
[ 41] Received message from   2: 2|0,15,18,41,49,57,67,89
[ 13] Received message from  18: 2|0,15,18,41,49,57,67,89,2,13,31,56
[ 19] Received message from  15: 2|0,15,18,41,49,57,67,89,2,17,19,24,40,44,70,99
[ 49] Received message from   2: 2|0,15,18,41,49,57,67,89
[ 16] Received message from  17: 2|0,15,18,41,49,57,67,89,2,17,19,24,40,44,70,99,16,26,87
[ 48] Received message from  41: 2|0,15,18,41,49,57,67,89,2,48,52,60
[ 24] Received message from  15: 2|0,15,18,41,49,57,67,89,2,17,19,24,40,44,70,99
[ 31] Received message from  18: 2|0,15,18,41,49,57,67,89,2,13,31,56
[ 16] Received message from  19: 2|0,15,18,41,49,57,67,89,2,17,19,24,40,44,70,99,16,26,34,87
[ 57] Received message from   2: 2|0,15,18,41,49,57,67,89
[ 26] Received message from  17: 2|0,15,18,41,49,57,67,89,2,17,19,24,40,44,70,99,16,26,87
[ 50] Received message from  13: 2|0,15,18,41,49,57,67,89,2,13,31,56,50,52
[  6] Received message from  16: 2|0,15,18,41,49,57,67,89,2,17,19,24,40,44,70,99,16,26,87,6,34,45,47,54,93
[ 52] Received message from  41: 2|0,15,18,41,49,57,67,89,2,48,52,60
[ 83] Received message from  48: 2|0,15,18,41,49,57,67,89,2,48,52,60,83
[ 31] Received message from  49: 2|0,15,18,41,49,57,67,89,2,31
[ 40] Received message from  15: 2|0,15,18,41,49,57,67,89,2,17,19,24,40,44,70,99
[ 48] Sent Broadcast: 2|0,15,18,41,49,57,67,89,2,48,52,60,83
[ 26] Received message from  19: 2|0,15,18,41,49,57,67,89,2,17,19,24,40,44,70,99,16,26,34,87
[ 56] Received message from  18: 2|0,15,18,41,49,57,67,89,2,13,31,56
[ 49] Sent Broadcast: 2|0,15,18,41,49,57,67,89,2,31
[ 22] Received message from  26: 2|0,15,18,41,49,57,67,89,2,17,19,24,40,44,70,99,16,26,87,22,34
[ 18] Sent Broadcast: 2|0,15,18,41,49,57,67,89,2,13,31,56
[ 13] Received message from  52: 2|0,15,18,41,49,57,67,89,2,48,52,60,13,31,50
[ 16] Received message from  24: 2|0,15,18,41,49,57,67,89,2,17,19,24,40,44,70,99,16,26,34,87
[ 26] Received message from  40: 2|0,15,18,41,49,57,67,89,2,17,19,24,40,44,70,99,26,35
[ 33] Received message from   6: 2|0,15,18,41,49,57,67,89,2,17,19,24,40,44,70,99,16,26,87,6,34,45,47,54,93,33,72
[ 60] Received message from  41: 2|0,15,18,41,49,57,67,89,2,48,52,60
[ 52] Received message from  31: 2|0,15,18,41,49,57,67,89,2,13,31,56,52
[ 31] Received message from  57: 2|0,15,18,41,49,57,67,89,2,31,52
[ 34] Received message from  16: 2|0,15,18,41,49,57,67,89,2,17,19,24,40,44,70,99,16,26,87,6,34,45,47,54,93
[ 52] Received message from  13: 2|0,15,18,41,49,57,67,89,2,13,31,56,50,52
[ 44] Received message from  15: 2|0,15,18,41,49,57,67,89,2,17,19,24,40,44,70,99
[ 67] Received message from   2: 2|0,15,18,41,49,57,67,89
[ 41] Sent Broadcast: 2|0,15,18,41,49,57,67,89,2,48,52,60
[ 34] Received message from  19: 2|0,15,18,41,49,57,67,89,2,17,19,24,40,44,70,99,16,26,34,87
[ 33] Received message from  56: 2|0,15,18,41,49,57,67,89,2,13,31,56,33,72
[ 87] Received message from  17: 2|0,15,18,41,49,57,67,89,2,17,19,24,40,44,70,99,16,26,87
[  8] Received message from  83: 2|0,15,18,41,49,57,67,89,2,48,52,60,83,8,12,21,25,36,74,92,100
[ 58] Received message from  22: 2|0,15,18,41,49,57,67,89,2,17,19,24,40,44,70,99,16,26,87,22,34,58,77,84,86,96
[ 31] Received message from  52: 2|0,15,18,41,49,57,67,89,2,48,52,60,13,31,50
[ 52] Received message from  57: 2|0,15,18,41,49,57,67,89,2,31,52
[ 34] Received message from  26: 2|0,15,18,41,49,57,67,89,2,17,19,24,40,44,70,99,16,26,87,22,34
[ 35] Received message from  40: 2|0,15,18,41,49,57,67,89,2,17,19,24,40,44,70,99,26,35
[ 31] Sent Broadcast: 2|0,15,18,41,49,57,67,89,2,13,31,56,52
[ 40] Sent Broadcast: 2|0,15,18,41,49,57,67,89,2,17,19,24,40,44,70,99,26,35
[ 72] Received message from   6: 2|0,15,18,41,49,57,67,89,2,17,19,24,40,44,70,99,16,26,87,6,34,45,47,54,93,33,72
[ 13] Sent Broadcast: 2|0,15,18,41,49,57,67,89,2,13,31,56,50,52
[ 17] Sent Broadcast: 2|0,15,18,41,49,57,67,89,2,17,19,24,40,44,70,99,16,26,87
[ 57] Sent Broadcast: 2|0,15,18,41,49,57,67,89,2,31,52
[ 70] Received message from  15: 2|0,15,18,41,49,57,67,89,2,17,19,24,40,44,70,99
[ 26] Received message from  24: 2|0,15,18,41,49,57,67,89,2,17,19,24,40,44,70,99,16,26,34,87
[ 12] Received message from  83: 2|0,15,18,41,49,57,67,89,2,48,52,60,83,8,12,21,25,36,74,92,100
[ 21] Received message from  60: 2|0,15,18,41,49,57,67,89,2,48,52,60,21,25,83
[ 77] Received message from  22: 2|0,15,18,41,49,57,67,89,2,17,19,24,40,44,70,99,16,26,87,22,34,58,77,84,86,96
[  5] Received message from  67: 2|0,15,18,41,49,57,67,89,2,5,17,19,24,40,44,70,99
[ 34] Received message from  87: 2|0,15,18,41,49,57,67,89,2,17,19,24,40,44,70,99,16,26,87,34,47,93
[ 87] Received message from  19: 2|0,15,18,41,49,57,67,89,2,17,19,24,40,44,70,99,16,26,34,87
[ 50] Received message from  52: 2|0,15,18,41,49,57,67,89,2,48,52,60,13,31,50
[ 19] Sent Broadcast: 2|0,15,18,41,49,57,67,89,2,17,19,24,40,44,70,99,16,26,34,87
[ 26] Sent Broadcast: 2|0,15,18,41,49,57,67,89,2,17,19,24,40,44,70,99,16,26,87,22,34
[ 89] Received message from   2: 2|0,15,18,41,49,57,67,89
[  6] Sent Broadcast: 2|0,15,18,41,49,57,67,89,2,17,19,24,40,44,70,99,16,26,87,6,34,45,47,54,93,33,72
[ 45] Received message from  16: 2|0,15,18,41,49,57,67,89,2,17,19,24,40,44,70,99,16,26,87,6,34,45,47,54,93
[  9] Received message from  58: 2|0,15,18,41,49,57,67,89,2,17,19,24,40,44,70,99,16,26,87,22,34,58,77,84,86,96,9,95
[ 72] Received message from  56: 2|0,15,18,41,49,57,67,89,2,13,31,56,33,72
[ 99] Received message from  15: 2|0,15,18,41,49,57,67,89,2,17,19,24,40,44,70,99
[ 27] Received message from  33: 2|0,15,18,41,49,57,67,89,2,17,19,24,40,44,70,99,16,26,87,6,34,45,47,54,93,33,72,27,56
[ 43] Received message from  35: 2|0,15,18,41,49,57,67,89,2,17,19,24,40,44,70,99,26,35,43,53,69,95,96
[  2] Sent Broadcast: 2|0,15,18,41,49,57,67,89
[ 52] Sent Broadcast: 2|0,15,18,41,49,57,67,89,2,48,52,60,13,31,50
[ 26] Received message from  44: 2|0,15,18,41,49,57,67,89,2,17,19,24,40,44,70,99,26,35
[ 56] Sent Broadcast: 2|0,15,18,41,49,57,67,89,2,13,31,56,33,72
[ 15] Sent Broadcast: 2|0,15,18,41,49,57,67,89,2,17,19,24,40,44,70,99
[ 56] Received message from  72: 2|0,15,18,41,49,57,67,89,2,17,19,24,40,44,70,99,16,26,87,6,34,45,47,54,93,33,72,56,81
[ 26] Received message from  70: 2|0,15,18,41,49,57,67,89,2,17,19,24,40,44,70,99,26
[ 25] Received message from  60: 2|0,15,18,41,49,57,67,89,2,48,52,60,21,25,83
[ 35] Received message from  44: 2|0,15,18,41,49,57,67,89,2,17,19,24,40,44,70,99,26,35
[ 70] Sent Broadcast: 2|0,15,18,41,49,57,67,89,2,17,19,24,40,44,70,99,26
[ 84] Received message from  22: 2|0,15,18,41,49,57,67,89,2,17,19,24,40,44,70,99,16,26,87,22,34,58,77,84,86,96
[ 17] Received message from  67: 2|0,15,18,41,49,57,67,89,2,5,17,19,24,40,44,70,99
[ 46] Received message from  77: 2|0,15,18,41,49,57,67,89,2,17,19,24,40,44,70,99,16,26,87,22,34,58,77,84,86,96,46
[ 34] Received message from  24: 2|0,15,18,41,49,57,67,89,2,17,19,24,40,44,70,99,16,26,34,87
[ 21] Received message from  83: 2|0,15,18,41,49,57,67,89,2,48,52,60,83,8,12,21,25,36,74,92,100
[ 53] Received message from  35: 2|0,15,18,41,49,57,67,89,2,17,19,24,40,44,70,99,26,35,43,53,69,95,96
[ 56] Received message from  33: 2|0,15,18,41,49,57,67,89,2,17,19,24,40,44,70,99,16,26,87,6,34,45,47,54,93,33,72,27,56
[  5] Received message from  99: 2|0,15,18,41,49,57,67,89,2,17,19,24,40,44,70,99,5,35,53
[ 47] Received message from  87: 2|0,15,18,41,49,57,67,89,2,17,19,24,40,44,70,99,16,26,87,34,47,93
[ 44] Sent Broadcast: 2|0,15,18,41,49,57,67,89,2,17,19,24,40,44,70,99,26,35
[  7] Received message from   5: 2|0,15,18,41,49,57,67,89,2,5,17,19,24,40,44,70,99,7,53
[ 11] Received message from  27: 2|0,15,18,41,49,57,67,89,2,17,19,24,40,44,70,99,16,26,87,6,34,45,47,54,93,33,72,27,56,11,30,63,71,98
[ 81] Received message from  72: 2|0,15,18,41,49,57,67,89,2,17,19,24,40,44,70,99,16,26,87,6,34,45,47,54,93,33,72,56,81
[ 62] Received message from   9: 2|0,15,18,41,49,57,67,89,2,17,19,24,40,44,70,99,16,26,87,22,34,58,77,84,86,96,9,95,62
[ 33] Sent Broadcast: 2|0,15,18,41,49,57,67,89,2,17,19,24,40,44,70,99,16,26,87,6,34,45,47,54,93,33,72,27,56
[ 77] Sent Broadcast: 2|0,15,18,41,49,57,67,89,2,17,19,24,40,44,70,99,16,26,87,22,34,58,77,84,86,96,46
[ 95] Received message from  58: 2|0,15,18,41,49,57,67,89,2,17,19,24,40,44,70,99,16,26,87,22,34,58,77,84,86,96,9,95
[ 82] Received message from  12: 2|0,15,18,41,49,57,67,89,2,48,52,60,83,8,12,21,25,36,74,92,100,82
[ 10] Received message from  43: 2|0,15,18,41,49,57,67,89,2,17,19,24,40,44,70,99,26,35,43,53,69,95,96,10,14,90
[ 33] Received message from  45: 2|0,15,18,41,49,57,67,89,2,17,19,24,40,44,70,99,16,26,87,6,34,45,47,54,93,33,72
[ 86] Received message from  22: 2|0,15,18,41,49,57,67,89,2,17,19,24,40,44,70,99,16,26,87,22,34,58,77,84,86,96
[  5] Received message from  89: 2|0,15,18,41,49,57,67,89,2,5,17,24,40,44,70,99
[ 47] Received message from  16: 2|0,15,18,41,49,57,67,89,2,17,19,24,40,44,70,99,16,26,87,6,34,45,47,54,93
[ 58] Sent Broadcast: 2|0,15,18,41,49,57,67,89,2,17,19,24,40,44,70,99,16,26,87,22,34,58,77,84,86,96,9,95
[ 83] Received message from  60: 2|0,15,18,41,49,57,67,89,2,48,52,60,21,25,83
[ 53] Received message from   5: 2|0,15,18,41,49,57,67,89,2,5,17,19,24,40,44,70,99,7,53
[  7] Received message from  21: 2|0,15,18,41,49,57,67,89,2,48,52,60,21,25,83,7,8,23
[ 72] Sent Broadcast: 2|0,15,18,41,49,57,67,89,2,17,19,24,40,44,70,99,16,26,87,6,34,45,47,54,93,33,72,56,81
[ 60] Sent Broadcast: 2|0,15,18,41,49,57,67,89,2,48,52,60,21,25,83
[  9] Sent Broadcast: 2|0,15,18,41,49,57,67,89,2,17,19,24,40,44,70,99,16,26,87,22,34,58,77,84,86,96,9,95,62
[  9] Received message from  84: 2|0,15,18,41,49,57,67,89,2,17,19,24,40,44,70,99,16,26,87,22,34,58,77,84,86,96,9,95
[ 61] Received message from  46: 2|0,15,18,41,49,57,67,89,2,17,19,24,40,44,70,99,16,26,87,22,34,58,77,84,86,96,46,61
[  5] Received message from  53: 2|0,15,18,41,49,57,67,89,2,17,19,24,40,44,70,99,26,35,43,53,69,95,96,5,14,90
[  7] Received message from  25: 2|0,15,18,41,49,57,67,89,2,48,52,60,21,25,83,7,8,23
[ 25] Received message from  83: 2|0,15,18,41,49,57,67,89,2,48,52,60,83,8,12,21,25,36,74,92,100
[ 30] Received message from  27: 2|0,15,18,41,49,57,67,89,2,17,19,24,40,44,70,99,16,26,87,6,34,45,47,54,93,33,72,27,56,11,30,63,71,98
[ 19] Received message from  67: 2|0,15,18,41,49,57,67,89,2,5,17,19,24,40,44,70,99
[ 87] Received message from  24: 2|0,15,18,41,49,57,67,89,2,17,19,24,40,44,70,99,16,26,34,87
[  6] Received message from  47: 2|0,15,18,41,49,57,67,89,2,17,19,24,40,44,70,99,16,26,87,34,47,93,6,45,54
[ 93] Received message from  87: 2|0,15,18,41,49,57,67,89,2,17,19,24,40,44,70,99,16,26,87,34,47,93
[ 14] Received message from  43: 2|0,15,18,41,49,57,67,89,2,17,19,24,40,44,70,99,26,35,43,53,69,95,96,10,14,90
[ 65] Received message from  81: 2|0,15,18,41,49,57,67,89,2,17,19,24,40,44,70,99,16,26,87,6,34,45,47,54,93,33,72,56,81,65,94
[ 69] Received message from  35: 2|0,15,18,41,49,57,67,89,2,17,19,24,40,44,70,99,26,35,43,53,69,95,96
[ 17] Received message from  89: 2|0,15,18,41,49,57,67,89,2,5,17,24,40,44,70,99
[ 35] Received message from  99: 2|0,15,18,41,49,57,67,89,2,17,19,24,40,44,70,99,5,35,53
[  3] Received message from  10: 2|0,15,18,41,49,57,67,89,2,17,19,24,40,44,70,99,26,35,43,53,69,95,96,10,14,90,3,4,29
[  4] Received message from  95: 2|0,15,18,41,49,57,67,89,2,17,19,24,40,44,70,99,16,26,87,22,34,58,77,84,86,96,9,95,4,35,43,62,69
[ 21] Received message from   7: 2|0,15,18,41,49,57,67,89,2,5,17,19,24,40,44,70,99,7,53,21,23,25,51
[ 72] Received message from  45: 2|0,15,18,41,49,57,67,89,2,17,19,24,40,44,70,99,16,26,87,6,34,45,47,54,93,33,72
[ 87] Sent Broadcast: 2|0,15,18,41,49,57,67,89,2,17,19,24,40,44,70,99,16,26,87,34,47,93
[ 95] Received message from  84: 2|0,15,18,41,49,57,67,89,2,17,19,24,40,44,70,99,16,26,87,22,34,58,77,84,86,96,9,95
[ 20] Received message from  82: 2|0,15,18,41,49,57,67,89,2,48,52,60,83,8,12,21,25,36,74,92,100,82,20,88
[ 76] Received message from  61: 2|0,15,18,41,49,57,67,89,2,17,19,24,40,44,70,99,16,26,87,22,34,58,77,84,86,96,46,61,76
[ 12] Sent Broadcast: 2|0,15,18,41,49,57,67,89,2,48,52,60,83,8,12,21,25,36,74,92,100,82
[ 84] Sent Broadcast: 2|0,15,18,41,49,57,67,89,2,17,19,24,40,44,70,99,16,26,87,22,34,58,77,84,86,96,9,95
[  5] Sent Broadcast: 2|0,15,18,41,49,57,67,89,2,5,17,19,24,40,44,70,99,7,53
[ 24] Sent Broadcast: 2|0,15,18,41,49,57,67,89,2,17,19,24,40,44,70,99,16,26,34,87
[ 96] Received message from  22: 2|0,15,18,41,49,57,67,89,2,17,19,24,40,44,70,99,16,26,87,22,34,58,77,84,86,96
[ 46] Sent Broadcast: 2|0,15,18,41,49,57,67,89,2,17,19,24,40,44,70,99,16,26,87,22,34,58,77,84,86,96,46,61
[  3] Received message from  69: 2|0,15,18,41,49,57,67,89,2,17,19,24,40,44,70,99,26,35,43,53,69,95,96,3,4,10,14,29
[ 94] Received message from  30: 2|0,15,18,41,49,57,67,89,2,17,19,24,40,44,70,99,16,26,87,6,34,45,47,54,93,33,72,27,56,11,30,63,71,98,94
[ 90] Received message from  43: 2|0,15,18,41,49,57,67,89,2,17,19,24,40,44,70,99,26,35,43,53,69,95,96,10,14,90
[  3] Received message from   4: 2|0,15,18,41,49,57,67,89,2,17,19,24,40,44,70,99,16,26,87,22,34,58,77,84,86,96,9,95,4,35,43,62,69,3,10,29,73
[  4] Received message from  62: 2|0,15,18,41,49,57,67,89,2,17,19,24,40,44,70,99,16,26,87,22,34,58,77,84,86,96,9,95,62,4,29,73
[  6] Received message from  93: 2|0,15,18,41,49,57,67,89,2,17,19,24,40,44,70,99,16,26,87,34,47,93,6,33,45,54,72
[ 22] Sent Broadcast: 2|0,15,18,41,49,57,67,89,2,17,19,24,40,44,70,99,16,26,87,22,34,58,77,84,86,96
[ 45] Sent Broadcast: 2|0,15,18,41,49,57,67,89,2,17,19,24,40,44,70,99,16,26,87,6,34,45,47,54,93,33,72
[ 30] Sent Broadcast: 2|0,15,18,41,49,57,67,89,2,17,19,24,40,44,70,99,16,26,87,6,34,45,47,54,93,33,72,27,56,11,30,63,71,98,94
[ 61] Sent Broadcast: 2|0,15,18,41,49,57,67,89,2,17,19,24,40,44,70,99,16,26,87,22,34,58,77,84,86,96,46,61,76
[ 14] Received message from  53: 2|0,15,18,41,49,57,67,89,2,17,19,24,40,44,70,99,26,35,43,53,69,95,96,5,14,90
[ 24] Received message from  67: 2|0,15,18,41,49,57,67,89,2,5,17,19,24,40,44,70,99
[ 54] Received message from  16: 2|0,15,18,41,49,57,67,89,2,17,19,24,40,44,70,99,16,26,87,6,34,45,47,54,93
[ 45] Received message from  47: 2|0,15,18,41,49,57,67,89,2,17,19,24,40,44,70,99,16,26,87,34,47,93,6,45,54
[ 63] Received message from  27: 2|0,15,18,41,49,57,67,89,2,17,19,24,40,44,70,99,16,26,87,6,34,45,47,54,93,33,72,27,56,11,30,63,71,98
[  8] Received message from  25: 2|0,15,18,41,49,57,67,89,2,48,52,60,21,25,83,7,8,23
[ 64] Received message from  76: 2|0,15,18,41,49,57,67,89,2,17,19,24,40,44,70,99,16,26,87,22,34,58,77,84,86,96,46,61,76,64,78
[ 88] Received message from  82: 2|0,15,18,41,49,57,67,89,2,48,52,60,83,8,12,21,25,36,74,92,100,82,20,88
[ 36] Received message from  83: 2|0,15,18,41,49,57,67,89,2,48,52,60,83,8,12,21,25,36,74,92,100
[ 95] Received message from  35: 2|0,15,18,41,49,57,67,89,2,17,19,24,40,44,70,99,26,35,43,53,69,95,96
[ 43] Sent Broadcast: 2|0,15,18,41,49,57,67,89,2,17,19,24,40,44,70,99,26,35,43,53,69,95,96,10,14,90
[ 24] Received message from  89: 2|0,15,18,41,49,57,67,89,2,5,17,24,40,44,70,99
[  8] Received message from  21: 2|0,15,18,41,49,57,67,89,2,48,52,60,21,25,83,7,8,23
[  9] Received message from  96: 2|0,15,18,41,49,57,67,89,2,17,19,24,40,44,70,99,16,26,87,22,34,58,77,84,86,96,9,35,95
[  4] Received message from  10: 2|0,15,18,41,49,57,67,89,2,17,19,24,40,44,70,99,26,35,43,53,69,95,96,10,14,90,3,4,29
[ 94] Received message from  81: 2|0,15,18,41,49,57,67,89,2,17,19,24,40,44,70,99,16,26,87,6,34,45,47,54,93,33,72,56,81,65,94
[ 81] Sent Broadcast: 2|0,15,18,41,49,57,67,89,2,17,19,24,40,44,70,99,16,26,87,6,34,45,47,54,93,33,72,56,81,65,94
[ 65] Received message from  94: 2|0,15,18,41,49,57,67,89,2,17,19,24,40,44,70,99,16,26,87,6,34,45,47,54,93,33,72,27,56,11,30,63,71,98,94,65,81
[ 53] Received message from  99: 2|0,15,18,41,49,57,67,89,2,17,19,24,40,44,70,99,5,35,53
[ 35] Received message from  95: 2|0,15,18,41,49,57,67,89,2,17,19,24,40,44,70,99,16,26,87,22,34,58,77,84,86,96,9,95,4,35,43,62,69
[ 23] Received message from   7: 2|0,15,18,41,49,57,67,89,2,5,17,19,24,40,44,70,99,7,53,21,23,25,51
[ 40] Received message from  67: 2|0,15,18,41,49,57,67,89,2,5,17,19,24,40,44,70,99
[ 51] Received message from  90: 2|0,15,18,41,49,57,67,89,2,17,19,24,40,44,70,99,26,35,43,53,69,95,96,10,14,90,51
[ 74] Received message from  83: 2|0,15,18,41,49,57,67,89,2,48,52,60,83,8,12,21,25,36,74,92,100
[ 33] Received message from  93: 2|0,15,18,41,49,57,67,89,2,17,19,24,40,44,70,99,16,26,87,34,47,93,6,33,45,54,72
[ 71] Received message from  27: 2|0,15,18,41,49,57,67,89,2,17,19,24,40,44,70,99,16,26,87,6,34,45,47,54,93,33,72,27,56,11,30,63,71,98
[ 10] Received message from   4: 2|0,15,18,41,49,57,67,89,2,17,19,24,40,44,70,99,16,26,87,22,34,58,77,84,86,96,9,95,4,35,43,62,69,3,10,29,73
[  4] Received message from  69: 2|0,15,18,41,49,57,67,89,2,17,19,24,40,44,70,99,26,35,43,53,69,95,96,3,4,10,14,29
[ 93] Received message from  16: 2|0,15,18,41,49,57,67,89,2,17,19,24,40,44,70,99,16,26,87,6,34,45,47,54,93
[ 82] Sent Broadcast: 2|0,15,18,41,49,57,67,89,2,48,52,60,83,8,12,21,25,36,74,92,100,82,20,88
[ 90] Received message from  53: 2|0,15,18,41,49,57,67,89,2,17,19,24,40,44,70,99,26,35,43,53,69,95,96,5,14,90
[ 28] Received message from  63: 2|0,15,18,41,49,57,67,89,2,17,19,24,40,44,70,99,16,26,87,6,34,45,47,54,93,33,72,27,56,11,30,63,71,98,28,59,79
[ 33] Received message from  54: 2|0,15,18,41,49,57,67,89,2,17,19,24,40,44,70,99,16,26,87,6,34,45,47,54,93,33,72
[ 40] Received message from  89: 2|0,15,18,41,49,57,67,89,2,5,17,24,40,44,70,99
[ 59] Received message from  64: 2|0,15,18,41,49,57,67,89,2,17,19,24,40,44,70,99,16,26,87,22,34,58,77,84,86,96,46,61,76,64,78,59,79
[ 54] Received message from  47: 2|0,15,18,41,49,57,67,89,2,17,19,24,40,44,70,99,16,26,87,34,47,93,6,45,54
[ 23] Received message from  25: 2|0,15,18,41,49,57,67,89,2,48,52,60,21,25,83,7,8,23
[ 99] Sent Broadcast: 2|0,15,18,41,49,57,67,89,2,17,19,24,40,44,70,99,5,35,53
[ 53] Sent Broadcast: 2|0,15,18,41,49,57,67,89,2,17,19,24,40,44,70,99,26,35,43,53,69,95,96,5,14,90
[ 78] Received message from  76: 2|0,15,18,41,49,57,67,89,2,17,19,24,40,44,70,99,16,26,87,22,34,58,77,84,86,96,46,61,76,64,78
[ 90] Sent Broadcast: 2|0,15,18,41,49,57,67,89,2,17,19,24,40,44,70,99,26,35,43,53,69,95,96,10,14,90,51
[ 81] Received message from  94: 2|0,15,18,41,49,57,67,89,2,17,19,24,40,44,70,99,16,26,87,6,34,45,47,54,93,33,72,27,56,11,30,63,71,98,94,65,81
[ 96] Received message from  35: 2|0,15,18,41,49,57,67,89,2,17,19,24,40,44,70,99,26,35,43,53,69,95,96
[ 20] Received message from  74: 2|0,15,18,41,49,57,67,89,2,48,52,60,83,8,12,21,25,36,74,92,100,20,82,88
[ 29] Received message from  62: 2|0,15,18,41,49,57,67,89,2,17,19,24,40,44,70,99,16,26,87,22,34,58,77,84,86,96,9,95,62,4,29,73
[  7] Received message from  51: 2|0,15,18,41,49,57,67,89,2,17,19,24,40,44,70,99,26,35,43,53,69,95,96,10,14,90,51,7,23
[ 76] Sent Broadcast: 2|0,15,18,41,49,57,67,89,2,17,19,24,40,44,70,99,16,26,87,22,34,58,77,84,86,96,46,61,76,64,78
[ 28] Received message from  71: 2|0,15,18,41,49,57,67,89,2,17,19,24,40,44,70,99,16,26,87,6,34,45,47,54,93,33,72,27,56,11,30,63,71,98,28
[ 16] Sent Broadcast: 2|0,15,18,41,49,57,67,89,2,17,19,24,40,44,70,99,16,26,87,6,34,45,47,54,93
[ 71] Sent Broadcast: 2|0,15,18,41,49,57,67,89,2,17,19,24,40,44,70,99,16,26,87,6,34,45,47,54,93,33,72,27,56,11,30,63,71,98,28
[ 47] Sent Broadcast: 2|0,15,18,41,49,57,67,89,2,17,19,24,40,44,70,99,16,26,87,34,47,93,6,45,54
[ 23] Received message from  21: 2|0,15,18,41,49,57,67,89,2,48,52,60,21,25,83,7,8,23
[ 94] Sent Broadcast: 2|0,15,18,41,49,57,67,89,2,17,19,24,40,44,70,99,16,26,87,6,34,45,47,54,93,33,72,27,56,11,30,63,71,98,94,65,81
[ 25] Sent Broadcast: 2|0,15,18,41,49,57,67,89,2,48,52,60,21,25,83,7,8,23
[ 35] Sent Broadcast: 2|0,15,18,41,49,57,67,89,2,17,19,24,40,44,70,99,26,35,43,53,69,95,96
[ 35] Received message from  96: 2|0,15,18,41,49,57,67,89,2,17,19,24,40,44,70,99,16,26,87,22,34,58,77,84,86,96,9,35,95
[ 43] Received message from  95: 2|0,15,18,41,49,57,67,89,2,17,19,24,40,44,70,99,16,26,87,22,34,58,77,84,86,96,9,95,4,35,43,62,69
[ 25] Received message from   7: 2|0,15,18,41,49,57,67,89,2,5,17,19,24,40,44,70,99,7,53,21,23,25,51
[ 29] Received message from  10: 2|0,15,18,41,49,57,67,89,2,17,19,24,40,44,70,99,26,35,43,53,69,95,96,10,14,90,3,4,29
[ 82] Received message from  74: 2|0,15,18,41,49,57,67,89,2,48,52,60,83,8,12,21,25,36,74,92,100,20,82,88
[ 28] Received message from  59: 2|0,15,18,41,49,57,67,89,2,17,19,24,40,44,70,99,16,26,87,22,34,58,77,84,86,96,46,61,76,64,78,59,79,28,63
[ 59] Received message from  63: 2|0,15,18,41,49,57,67,89,2,17,19,24,40,44,70,99,16,26,87,6,34,45,47,54,93,33,72,27,56,11,30,63,71,98,28,59,79
[ 44] Received message from  67: 2|0,15,18,41,49,57,67,89,2,5,17,19,24,40,44,70,99
[ 72] Received message from  54: 2|0,15,18,41,49,57,67,89,2,17,19,24,40,44,70,99,16,26,87,6,34,45,47,54,93,33,72
[ 45] Received message from  93: 2|0,15,18,41,49,57,67,89,2,17,19,24,40,44,70,99,16,26,87,34,47,93,6,33,45,54,72
[ 10] Received message from  69: 2|0,15,18,41,49,57,67,89,2,17,19,24,40,44,70,99,26,35,43,53,69,95,96,3,4,10,14,29
[ 92] Received message from  83: 2|0,15,18,41,49,57,67,89,2,48,52,60,83,8,12,21,25,36,74,92,100
[ 44] Received message from  89: 2|0,15,18,41,49,57,67,89,2,5,17,24,40,44,70,99
[ 29] Received message from   4: 2|0,15,18,41,49,57,67,89,2,17,19,24,40,44,70,99,16,26,87,22,34,58,77,84,86,96,9,95,4,35,43,62,69,3,10,29,73
[ 10] Sent Broadcast: 2|0,15,18,41,49,57,67,89,2,17,19,24,40,44,70,99,26,35,43,53,69,95,96,10,14,90,3,4,29
[ 21] Sent Broadcast: 2|0,15,18,41,49,57,67,89,2,48,52,60,21,25,83,7,8,23
[ 95] Received message from  96: 2|0,15,18,41,49,57,67,89,2,17,19,24,40,44,70,99,16,26,87,22,34,58,77,84,86,96,9,35,95
[ 79] Received message from  64: 2|0,15,18,41,49,57,67,89,2,17,19,24,40,44,70,99,16,26,87,22,34,58,77,84,86,96,46,61,76,64,78,59,79
[ 98] Received message from  27: 2|0,15,18,41,49,57,67,89,2,17,19,24,40,44,70,99,16,26,87,6,34,45,47,54,93,33,72,27,56,11,30,63,71,98
[ 96] Sent Broadcast: 2|0,15,18,41,49,57,67,89,2,17,19,24,40,44,70,99,16,26,87,22,34,58,77,84,86,96,9,35,95
[ 54] Sent Broadcast: 2|0,15,18,41,49,57,67,89,2,17,19,24,40,44,70,99,16,26,87,6,34,45,47,54,93,33,72
[ 59] Received message from  78: 2|0,15,18,41,49,57,67,89,2,17,19,24,40,44,70,99,16,26,87,22,34,58,77,84,86,96,46,61,76,64,78,59,79
[ 88] Received message from  74: 2|0,15,18,41,49,57,67,89,2,48,52,60,83,8,12,21,25,36,74,92,100,20,82,88
[  3] Received message from  29: 2|0,15,18,41,49,57,67,89,2,17,19,24,40,44,70,99,16,26,87,22,34,58,77,84,86,96,9,95,62,4,29,73,3,10,69
[ 62] Received message from  95: 2|0,15,18,41,49,57,67,89,2,17,19,24,40,44,70,99,16,26,87,22,34,58,77,84,86,96,9,95,4,35,43,62,69
[ 74] Sent Broadcast: 2|0,15,18,41,49,57,67,89,2,48,52,60,83,8,12,21,25,36,74,92,100,20,82,88
[ 79] Received message from  63: 2|0,15,18,41,49,57,67,89,2,17,19,24,40,44,70,99,16,26,87,6,34,45,47,54,93,33,72,27,56,11,30,63,71,98,28,59,79
[ 70] Received message from  67: 2|0,15,18,41,49,57,67,89,2,5,17,19,24,40,44,70,99
[ 64] Sent Broadcast: 2|0,15,18,41,49,57,67,89,2,17,19,24,40,44,70,99,16,26,87,22,34,58,77,84,86,96,46,61,76,64,78,59,79
[ 27] Sent Broadcast: 2|0,15,18,41,49,57,67,89,2,17,19,24,40,44,70,99,16,26,87,6,34,45,47,54,93,33,72,27,56,11,30,63,71,98
[ 20] Received message from  92: 2|0,15,18,41,49,57,67,89,2,48,52,60,83,8,12,21,25,36,74,92,100,20,82,88
[ 51] Received message from   7: 2|0,15,18,41,49,57,67,89,2,5,17,19,24,40,44,70,99,7,53,21,23,25,51
[ 79] Received message from  78: 2|0,15,18,41,49,57,67,89,2,17,19,24,40,44,70,99,16,26,87,22,34,58,77,84,86,96,46,61,76,64,78,59,79
[ 63] Received message from  59: 2|0,15,18,41,49,57,67,89,2,17,19,24,40,44,70,99,16,26,87,22,34,58,77,84,86,96,46,61,76,64,78,59,79,28,63
[  7] Sent Broadcast: 2|0,15,18,41,49,57,67,89,2,5,17,19,24,40,44,70,99,7,53,21,23,25,51
[ 78] Sent Broadcast: 2|0,15,18,41,49,57,67,89,2,17,19,24,40,44,70,99,16,26,87,22,34,58,77,84,86,96,46,61,76,64,78,59,79
[ 73] Received message from  62: 2|0,15,18,41,49,57,67,89,2,17,19,24,40,44,70,99,16,26,87,22,34,58,77,84,86,96,9,95,62,4,29,73
[ 63] Sent Broadcast: 2|0,15,18,41,49,57,67,89,2,17,19,24,40,44,70,99,16,26,87,6,34,45,47,54,93,33,72,27,56,11,30,63,71,98,28,59,79
[ 59] Sent Broadcast: 2|0,15,18,41,49,57,67,89,2,17,19,24,40,44,70,99,16,26,87,22,34,58,77,84,86,96,46,61,76,64,78,59,79,28,63
[ 62] Sent Broadcast: 2|0,15,18,41,49,57,67,89,2,17,19,24,40,44,70,99,16,26,87,22,34,58,77,84,86,96,9,95,62,4,29,73
[ 94] Received message from  98: 2|0,15,18,41,49,57,67,89,2,17,19,24,40,44,70,99,16,26,87,6,34,45,47,54,93,33,72,27,56,11,30,63,71,98,94
[ 23] Received message from  51: 2|0,15,18,41,49,57,67,89,2,17,19,24,40,44,70,99,26,35,43,53,69,95,96,10,14,90,51,7,23
[ 54] Received message from  93: 2|0,15,18,41,49,57,67,89,2,17,19,24,40,44,70,99,16,26,87,34,47,93,6,33,45,54,72
[ 99] Received message from  67: 2|0,15,18,41,49,57,67,89,2,5,17,19,24,40,44,70,99
[ 10] Received message from  29: 2|0,15,18,41,49,57,67,89,2,17,19,24,40,44,70,99,16,26,87,22,34,58,77,84,86,96,9,95,62,4,29,73,3,10,69
[ 82] Received message from  92: 2|0,15,18,41,49,57,67,89,2,48,52,60,83,8,12,21,25,36,74,92,100,20,82,88
[ 69] Received message from  95: 2|0,15,18,41,49,57,67,89,2,17,19,24,40,44,70,99,16,26,87,22,34,58,77,84,86,96,9,95,4,35,43,62,69
[ 98] Sent Broadcast: 2|0,15,18,41,49,57,67,89,2,17,19,24,40,44,70,99,16,26,87,6,34,45,47,54,93,33,72,27,56,11,30,63,71,98,94
[ 28] Received message from  79: 2|0,15,18,41,49,57,67,89,2,17,19,24,40,44,70,99,16,26,87,22,34,58,77,84,86,96,46,61,76,64,78,59,79,28,63
[ 70] Received message from  89: 2|0,15,18,41,49,57,67,89,2,5,17,24,40,44,70,99
[ 14] Received message from  69: 2|0,15,18,41,49,57,67,89,2,17,19,24,40,44,70,99,26,35,43,53,69,95,96,3,4,10,14,29
[ 73] Received message from   4: 2|0,15,18,41,49,57,67,89,2,17,19,24,40,44,70,99,16,26,87,22,34,58,77,84,86,96,9,95,4,35,43,62,69,3,10,29,73
[ 95] Sent Broadcast: 2|0,15,18,41,49,57,67,89,2,17,19,24,40,44,70,99,16,26,87,22,34,58,77,84,86,96,9,95,4,35,43,62,69
[ 51] Sent Broadcast: 2|0,15,18,41,49,57,67,89,2,17,19,24,40,44,70,99,26,35,43,53,69,95,96,10,14,90,51,7,23
[ 67] Sent Broadcast: 2|0,15,18,41,49,57,67,89,2,5,17,19,24,40,44,70,99
[100] Received message from  83: 2|0,15,18,41,49,57,67,89,2,48,52,60,83,8,12,21,25,36,74,92,100
[ 83] Sent Broadcast: 2|0,15,18,41,49,57,67,89,2,48,52,60,83,8,12,21,25,36,74,92,100
[  4] Sent Broadcast: 2|0,15,18,41,49,57,67,89,2,17,19,24,40,44,70,99,16,26,87,22,34,58,77,84,86,96,9,95,4,35,43,62,69,3,10,29,73
[ 72] Received message from  93: 2|0,15,18,41,49,57,67,89,2,17,19,24,40,44,70,99,16,26,87,34,47,93,6,33,45,54,72
[ 88] Received message from  92: 2|0,15,18,41,49,57,67,89,2,48,52,60,83,8,12,21,25,36,74,92,100,20,82,88
[ 69] Received message from  29: 2|0,15,18,41,49,57,67,89,2,17,19,24,40,44,70,99,16,26,87,22,34,58,77,84,86,96,9,95,62,4,29,73,3,10,69
[ 99] Received message from  89: 2|0,15,18,41,49,57,67,89,2,5,17,24,40,44,70,99
[ 29] Received message from  69: 2|0,15,18,41,49,57,67,89,2,17,19,24,40,44,70,99,26,35,43,53,69,95,96,3,4,10,14,29
[ 20] Received message from 100: 2|0,15,18,41,49,57,67,89,2,48,52,60,83,8,12,21,25,36,74,92,100,20
[ 93] Sent Broadcast: 2|0,15,18,41,49,57,67,89,2,17,19,24,40,44,70,99,16,26,87,34,47,93,6,33,45,54,72
[ 29] Sent Broadcast: 2|0,15,18,41,49,57,67,89,2,17,19,24,40,44,70,99,16,26,87,22,34,58,77,84,86,96,9,95,62,4,29,73,3,10,69
[ 63] Received message from  79: 2|0,15,18,41,49,57,67,89,2,17,19,24,40,44,70,99,16,26,87,22,34,58,77,84,86,96,46,61,76,64,78,59,79,28,63
[ 92] Sent Broadcast: 2|0,15,18,41,49,57,67,89,2,48,52,60,83,8,12,21,25,36,74,92,100,20,82,88
[ 79] Sent Broadcast: 2|0,15,18,41,49,57,67,89,2,17,19,24,40,44,70,99,16,26,87,22,34,58,77,84,86,96,46,61,76,64,78,59,79,28,63
[ 89] Sent Broadcast: 2|0,15,18,41,49,57,67,89,2,5,17,24,40,44,70,99
[ 69] Sent Broadcast: 2|0,15,18,41,49,57,67,89,2,17,19,24,40,44,70,99,26,35,43,53,69,95,96,3,4,10,14,29
[100] Sent Broadcast: 2|0,15,18,41,49,57,67,89,2,48,52,60,83,8,12,21,25,36,74,92,100,20
