[ 30] Received message from   1: 1|0,30,47,57
[ 54] Received message from  30: 1|0,30,47,57,1,54,87
[ 47] Received message from   1: 1|0,30,47,57
[ 54] Received message from  47: 1|0,30,47,57,1,54,82,87
[ 57] Received message from   1: 1|0,30,47,57
[  1] Sent Broadcast: 1|0,30,47,57
[ 82] Received message from  54: 1|0,30,47,57,1,54,87,82
[ 87] Received message from  30: 1|0,30,47,57,1,54,87
[ 30] Sent Broadcast: 1|0,30,47,57,1,54,87
[ 54] Sent Broadcast: 1|0,30,47,57,1,54,87,82
[ 87] Received message from  57: 1|0,30,47,57,1,87
[ 82] Received message from  47: 1|0,30,47,57,1,54,82,87
[ 57] Sent Broadcast: 1|0,30,47,57,1,87
[ 82] Received message from  87: 1|0,30,47,57,1,54,87,82
[ 87] Sent Broadcast: 1|0,30,47,57,1,54,87,82
[ 87] Received message from  47: 1|0,30,47,57,1,54,82,87
[ 47] Sent Broadcast: 1|0,30,47,57,1,54,82,87
[ 15] Received message from   2: 2|0,15,39,51,58,69,70,71
[ 39] Received message from   2: 2|0,15,39,51,58,69,70,71
[ 51] Received message from   2: 2|0,15,39,51,58,69,70,71
[ 23] Received message from  15: 2|0,15,39,51,58,69,70,71,2,23,25,29
[ 58] Received message from   2: 2|0,15,39,51,58,69,70,71
[ 22] Received message from  51: 2|0,15,39,51,58,69,70,71,2,22
[ 25] Received message from  15: 2|0,15,39,51,58,69,70,71,2,23,25,29
[ 51] Sent Broadcast: 2|0,15,39,51,58,69,70,71,2,22
[ 69] Received message from   2: 2|0,15,39,51,58,69,70,71
[ 29] Received message from  15: 2|0,15,39,51,58,69,70,71,2,23,25,29
[ 15] Sent Broadcast: 2|0,15,39,51,58,69,70,71,2,23,25,29
[ 29] Received message from  58: 2|0,15,39,51,58,69,70,71,2,29
[ 16] Received message from  22: 2|0,15,39,51,58,69,70,71,2,22,16,55,59,66,90
[ 58] Sent Broadcast: 2|0,15,39,51,58,69,70,71,2,29
[ 14] Received message from  25: 2|0,15,39,51,58,69,70,71,2,23,25,29,14,17,26,76,80
[ 70] Received message from   2: 2|0,15,39,51,58,69,70,71
[  4] Received message from  29: 2|0,15,39,51,58,69,70,71,2,23,25,29,4,99
[ 55] Received message from  22: 2|0,15,39,51,58,69,70,71,2,22,16,55,59,66,90
[  7] Received message from  69: 2|0,15,39,51,58,69,70,71,2,7,22
[ 17] Received message from  25: 2|0,15,39,51,58,69,70,71,2,23,25,29,14,17,26,76,80
[ 46] Received message from  16: 2|0,15,39,51,58,69,70,71,2,22,16,55,59,66,90,46,50,62,75,86,98
[ 71] Received message from   2: 2|0,15,39,51,58,69,70,71
[ 31] Received message from  23: 2|0,15,39,51,58,69,70,71,2,23,25,29,31,76,99
[  2] Sent Broadcast: 2|0,15,39,51,58,69,70,71
[ 31] Received message from   4: 2|0,15,39,51,58,69,70,71,2,23,25,29,4,99,31,42,44,77
[ 99] Received message from  29: 2|0,15,39,51,58,69,70,71,2,23,25,29,4,99
[ 22] Received message from  70: 2|0,15,39,51,58,69,70,71,2,22,55,90
[ 50] Received message from  16: 2|0,15,39,51,58,69,70,71,2,22,16,55,59,66,90,46,50,62,75,86,98
[ 26] Received message from  25: 2|0,15,39,51,58,69,70,71,2,23,25,29,14,17,26,76,80
[ 52] Received message from   7: 2|0,15,39,51,58,69,70,71,2,7,22,52,56,61,89
[ 29] Sent Broadcast: 2|0,15,39,51,58,69,70,71,2,23,25,29,4,99
[ 59] Received message from  22: 2|0,15,39,51,58,69,70,71,2,22,16,55,59,66,90
[ 22] Received message from  69: 2|0,15,39,51,58,69,70,71,2,7,22
[ 64] Received message from  14: 2|0,15,39,51,58,69,70,71,2,23,25,29,14,17,26,76,80,64
[  6] Received message from  46: 2|0,15,39,51,58,69,70,71,2,22,16,55,59,66,90,46,50,62,75,86,98,6,9,45,74
[ 11] Received message from  17: 2|0,15,39,51,58,69,70,71,2,23,25,29,14,17,26,76,80,11,37,64
[  4] Received message from  31: 2|0,15,39,51,58,69,70,71,2,23,25,29,31,76,99,4
[ 96] Received message from  55: 2|0,15,39,51,58,69,70,71,2,22,16,55,59,66,90,96
[  8] Received message from  71: 2|0,15,39,51,58,69,70,71,2,8,26,66,79,90
[  6] Received message from  50: 2|0,15,39,51,58,69,70,71,2,22,16,55,59,66,90,46,50,62,75,86,98,6,9,45,91,94
[ 42] Received message from   4: 2|0,15,39,51,58,69,70,71,2,23,25,29,4,99,31,42,44,77
[ 69] Sent Broadcast: 2|0,15,39,51,58,69,70,71,2,7,22
[ 76] Received message from  23: 2|0,15,39,51,58,69,70,71,2,23,25,29,31,76,99
[ 31] Sent Broadcast: 2|0,15,39,51,58,69,70,71,2,23,25,29,31,76,99,4
[ 14] Sent Broadcast: 2|0,15,39,51,58,69,70,71,2,23,25,29,14,17,26,76,80,64
[ 31] Received message from  99: 2|0,15,39,51,58,69,70,71,2,23,25,29,4,99,31,42,44
[  3] Received message from  11: 2|0,15,39,51,58,69,70,71,2,23,25,29,14,17,26,76,80,11,37,64,3,49,68
[ 45] Received message from  59: 2|0,15,39,51,58,69,70,71,2,22,16,55,59,66,90,45,46,50,62,75,91,94,98
[ 19] Received message from  96: 2|0,15,39,51,58,69,70,71,2,22,16,55,59,66,90,96,19,60,93,94
[ 37] Received message from  17: 2|0,15,39,51,58,69,70,71,2,23,25,29,14,17,26,76,80,11,37,64
[  9] Received message from  46: 2|0,15,39,51,58,69,70,71,2,22,16,55,59,66,90,46,50,62,75,86,98,6,9,45,74
[  8] Received message from  26: 2|0,15,39,51,58,69,70,71,2,23,25,29,14,17,26,76,80,8,37,79
[ 18] Received message from   3: 2|0,15,39,51,58,69,70,71,2,23,25,29,14,17,26,76,80,11,37,64,3,49,68,18
[ 81] Received message from  52: 2|0,15,39,51,58,69,70,71,2,7,22,52,56,61,89,81
[  9] Received message from  45: 2|0,15,39,51,58,69,70,71,2,22,16,55,59,66,90,45,46,50,62,75,91,94,98,9,34,67,84,97
[ 75] Received message from   8: 2|0,15,39,51,58,69,70,71,2,8,26,66,79,90,75
[ 56] Received message from   7: 2|0,15,39,51,58,69,70,71,2,7,22,52,56,61,89
[ 76] Received message from  25: 2|0,15,39,51,58,69,70,71,2,23,25,29,14,17,26,76,80
[ 55] Sent Broadcast: 2|0,15,39,51,58,69,70,71,2,22,16,55,59,66,90,96
[ 55] Received message from  70: 2|0,15,39,51,58,69,70,71,2,22,55,90
[ 66] Received message from  22: 2|0,15,39,51,58,69,70,71,2,22,16,55,59,66,90
[ 62] Received message from  16: 2|0,15,39,51,58,69,70,71,2,22,16,55,59,66,90,46,50,62,75,86,98
[ 49] Received message from  11: 2|0,15,39,51,58,69,70,71,2,23,25,29,14,17,26,76,80,11,37,64,3,49,68
[ 52] Sent Broadcast: 2|0,15,39,51,58,69,70,71,2,7,22,52,56,61,89,81
[  3] Sent Broadcast: 2|0,15,39,51,58,69,70,71,2,23,25,29,14,17,26,76,80,11,37,64,3,49,68,18
[  8] Sent Broadcast: 2|0,15,39,51,58,69,70,71,2,8,26,66,79,90,75
[ 46] Received message from  59: 2|0,15,39,51,58,69,70,71,2,22,16,55,59,66,90,45,46,50,62,75,91,94,98
[ 14] Received message from  76: 2|0,15,39,51,58,69,70,71,2,23,25,29,31,76,99,14
[ 99] Received message from  23: 2|0,15,39,51,58,69,70,71,2,23,25,29,31,76,99
[ 80] Received message from  25: 2|0,15,39,51,58,69,70,71,2,23,25,29,14,17,26,76,80
[ 44] Received message from   4: 2|0,15,39,51,58,69,70,71,2,23,25,29,4,99,31,42,44,77
[ 21] Received message from  37: 2|0,15,39,51,58,69,70,71,2,23,25,29,14,17,26,76,80,11,37,64,21,40,48,63,68,100
[ 42] Received message from  99: 2|0,15,39,51,58,69,70,71,2,23,25,29,4,99,31,42,44
[ 60] Received message from  96: 2|0,15,39,51,58,69,70,71,2,22,16,55,59,66,90,96,19,60,93,94
[ 26] Received message from  71: 2|0,15,39,51,58,69,70,71,2,8,26,66,79,90
[ 50] Received message from  59: 2|0,15,39,51,58,69,70,71,2,22,16,55,59,66,90,45,46,50,62,75,91,94,98
[ 23] Sent Broadcast: 2|0,15,39,51,58,69,70,71,2,23,25,29,31,76,99
[ 37] Received message from  26: 2|0,15,39,51,58,69,70,71,2,23,25,29,14,17,26,76,80,8,37,79
[ 75] Received message from  16: 2|0,15,39,51,58,69,70,71,2,22,16,55,59,66,90,46,50,62,75,86,98
[ 76] Sent Broadcast: 2|0,15,39,51,58,69,70,71,2,23,25,29,31,76,99,14
[ 68] Received message from  11: 2|0,15,39,51,58,69,70,71,2,23,25,29,14,17,26,76,80,11,37,64,3,49,68
[ 45] Received message from  46: 2|0,15,39,51,58,69,70,71,2,22,16,55,59,66,90,46,50,62,75,86,98,6,9,45,74
[ 64] Received message from  17: 2|0,15,39,51,58,69,70,71,2,23,25,29,14,17,26,76,80,11,37,64
[  9] Received message from  50: 2|0,15,39,51,58,69,70,71,2,22,16,55,59,66,90,46,50,62,75,86,98,6,9,45,91,94
[ 25] Sent Broadcast: 2|0,15,39,51,58,69,70,71,2,23,25,29,14,17,26,76,80
[  6] Received message from  75: 2|0,15,39,51,58,69,70,71,2,8,26,66,79,90,75,6,16,46,50,59,62,74,86,98
[ 62] Received message from  59: 2|0,15,39,51,58,69,70,71,2,22,16,55,59,66,90,45,46,50,62,75,91,94,98
[ 34] Received message from  45: 2|0,15,39,51,58,69,70,71,2,22,16,55,59,66,90,45,46,50,62,75,91,94,98,9,34,67,84,97
[ 40] Received message from  37: 2|0,15,39,51,58,69,70,71,2,23,25,29,14,17,26,76,80,11,37,64,21,40,48,63,68,100
[  8] Received message from  66: 2|0,15,39,51,58,69,70,71,2,22,16,55,59,66,90,8,46,75,79
[ 61] Received message from   7: 2|0,15,39,51,58,69,70,71,2,7,22,52,56,61,89
[ 81] Received message from  56: 2|0,15,39,51,58,69,70,71,2,7,22,52,56,61,89,81
[ 90] Received message from  70: 2|0,15,39,51,58,69,70,71,2,22,55,90
[ 79] Received message from  80: 2|0,15,39,51,58,69,70,71,2,23,25,29,14,17,26,76,80,79
[ 70] Sent Broadcast: 2|0,15,39,51,58,69,70,71,2,22,55,90
[ 80] Sent Broadcast: 2|0,15,39,51,58,69,70,71,2,23,25,29,14,17,26,76,80,79
[ 11] Sent Broadcast: 2|0,15,39,51,58,69,70,71,2,23,25,29,14,17,26,76,80,11,37,64,3,49,68
[ 17] Sent Broadcast: 2|0,15,39,51,58,69,70,71,2,23,25,29,14,17,26,76,80,11,37,64
[ 21] Received message from  68: 2|0,15,39,51,58,69,70,71,2,23,25,29,14,17,26,76,80,11,37,64,3,49,68,21,28,40,48,63,100
[ 66] Received message from  71: 2|0,15,39,51,58,69,70,71,2,8,26,66,79,90
[ 77] Received message from   4: 2|0,15,39,51,58,69,70,71,2,23,25,29,4,99,31,42,44,77
[ 90] Received message from  22: 2|0,15,39,51,58,69,70,71,2,22,16,55,59,66,90
[ 32] Received message from  49: 2|0,15,39,51,58,69,70,71,2,23,25,29,14,17,26,76,80,11,37,64,3,49,68,32,33
[ 93] Received message from  96: 2|0,15,39,51,58,69,70,71,2,22,16,55,59,66,90,96,19,60,93,94
[ 56] Sent Broadcast: 2|0,15,39,51,58,69,70,71,2,7,22,52,56,61,89,81
[ 44] Received message from  99: 2|0,15,39,51,58,69,70,71,2,23,25,29,4,99,31,42,44
[ 22] Sent Broadcast: 2|0,15,39,51,58,69,70,71,2,22,16,55,59,66,90
[  6] Received message from  62: 2|0,15,39,51,58,69,70,71,2,22,16,55,59,66,90,46,50,62,75,86,98,6,9,45,67,91,94
[  4] Sent Broadcast: 2|0,15,39,51,58,69,70,71,2,23,25,29,4,99,31,42,44,77
[ 74] Received message from  46: 2|0,15,39,51,58,69,70,71,2,22,16,55,59,66,90,46,50,62,75,86,98,6,9,45,74
[ 16] Received message from  75: 2|0,15,39,51,58,69,70,71,2,8,26,66,79,90,75,6,16,46,50,59,62,74,86,98
[ 46] Received message from  66: 2|0,15,39,51,58,69,70,71,2,22,16,55,59,66,90,8,46,75,79
[  8] Received message from  79: 2|0,15,39,51,58,69,70,71,2,23,25,29,14,17,26,76,80,79,8,66,75
[ 86] Received message from  16: 2|0,15,39,51,58,69,70,71,2,22,16,55,59,66,90,46,50,62,75,86,98
[ 79] Received message from  26: 2|0,15,39,51,58,69,70,71,2,23,25,29,14,17,26,76,80,8,37,79
[ 95] Received message from  34: 2|0,15,39,51,58,69,70,71,2,22,16,55,59,66,90,45,46,50,62,75,91,94,98,9,34,67,84,97,95
[ 67] Received message from  45: 2|0,15,39,51,58,69,70,71,2,22,16,55,59,66,90,45,46,50,62,75,91,94,98,9,34,67,84,97
[ 75] Received message from  59: 2|0,15,39,51,58,69,70,71,2,22,16,55,59,66,90,45,46,50,62,75,91,94,98
[ 89] Received message from   7: 2|0,15,39,51,58,69,70,71,2,7,22,52,56,61,89
[  7] Sent Broadcast: 2|0,15,39,51,58,69,70,71,2,7,22,52,56,61,89
[ 33] Received message from  49: 2|0,15,39,51,58,69,70,71,2,23,25,29,14,17,26,76,80,11,37,64,3,49,68,32,33
[ 28] Received message from  21: 2|0,15,39,51,58,69,70,71,2,23,25,29,14,17,26,76,80,11,37,64,21,40,48,63,68,100,28,38,74
[ 35] Received message from  32: 2|0,15,39,51,58,69,70,71,2,23,25,29,14,17,26,76,80,11,37,64,3,49,68,32,33,35,43,48,83
[ 94] Received message from  96: 2|0,15,39,51,58,69,70,71,2,22,16,55,59,66,90,96,19,60,93,94
[ 28] Received message from  40: 2|0,15,39,51,58,69,70,71,2,23,25,29,14,17,26,76,80,11,37,64,21,40,48,63,68,100,28,38
[ 45] Received message from  50: 2|0,15,39,51,58,69,70,71,2,22,16,55,59,66,90,46,50,62,75,86,98,6,9,45,91,94
[ 38] Received message from  21: 2|0,15,39,51,58,69,70,71,2,23,25,29,14,17,26,76,80,11,37,64,21,40,48,63,68,100,28,38,74
[ 79] Received message from  71: 2|0,15,39,51,58,69,70,71,2,8,26,66,79,90
[ 48] Received message from  37: 2|0,15,39,51,58,69,70,71,2,23,25,29,14,17,26,76,80,11,37,64,21,40,48,63,68,100
[ 21] Received message from  74: 2|0,15,39,51,58,69,70,71,2,22,16,55,59,66,90,46,50,62,75,86,98,6,9,45,74,21,28
[ 13] Received message from  95: 2|0,15,39,51,58,69,70,71,2,22,16,55,59,66,90,45,46,50,62,75,91,94,98,9,34,67,84,97,95,13,27,88
[ 95] Received message from  67: 2|0,15,39,51,58,69,70,71,2,22,16,55,59,66,90,45,46,50,62,75,91,94,98,9,34,67,84,97,95
[ 12] Received message from  93: 2|0,15,39,51,58,69,70,71,2,22,16,55,59,66,90,96,19,60,93,94,12
[ 43] Received message from  32: 2|0,15,39,51,58,69,70,71,2,23,25,29,14,17,26,76,80,11,37,64,3,49,68,32,33,35,43,48,83
[ 81] Received message from  61: 2|0,15,39,51,58,69,70,71,2,7,22,52,56,61,89,81
[ 41] Received message from  35: 2|0,15,39,51,58,69,70,71,2,23,25,29,14,17,26,76,80,11,37,64,3,49,68,32,33,35,43,48,83,41,65
[ 46] Sent Broadcast: 2|0,15,39,51,58,69,70,71,2,22,16,55,59,66,90,46,50,62,75,86,98,6,9,45,74
[ 34] Received message from  94: 2|0,15,39,51,58,69,70,71,2,22,16,55,59,66,90,96,19,60,93,94,34,45,50,62,67,84,91
[  9] Received message from  62: 2|0,15,39,51,58,69,70,71,2,22,16,55,59,66,90,46,50,62,75,86,98,6,9,45,67,91,94
[ 38] Received message from  40: 2|0,15,39,51,58,69,70,71,2,23,25,29,14,17,26,76,80,11,37,64,21,40,48,63,68,100,28,38
[ 81] Received message from  89: 2|0,15,39,51,58,69,70,71,2,7,22,52,56,61,89,81
[ 16] Received message from  90: 2|0,15,39,51,58,69,70,71,2,22,55,90,16,59,66
[ 35] Received message from  33: 2|0,15,39,51,58,69,70,71,2,23,25,29,14,17,26,76,80,11,37,64,3,49,68,32,33,35,43,65,83
[  5] Received message from  38: 2|0,15,39,51,58,69,70,71,2,23,25,29,14,17,26,76,80,11,37,64,21,40,48,63,68,100,28,38,74,5,41,53,72
[ 26] Sent Broadcast: 2|0,15,39,51,58,69,70,71,2,23,25,29,14,17,26,76,80,8,37,79
[ 28] Received message from  68: 2|0,15,39,51,58,69,70,71,2,23,25,29,14,17,26,76,80,11,37,64,3,49,68,21,28,40,48,63,100
[ 99] Sent Broadcast: 2|0,15,39,51,58,69,70,71,2,23,25,29,4,99,31,42,44
[ 34] Sent Broadcast: 2|0,15,39,51,58,69,70,71,2,22,16,55,59,66,90,45,46,50,62,75,91,94,98,9,34,67,84,97,95
[ 12] Received message from  13: 2|0,15,39,51,58,69,70,71,2,22,16,55,59,66,90,45,46,50,62,75,91,94,98,9,34,67,84,97,95,13,27,88,12
[ 48] Received message from  32: 2|0,15,39,51,58,69,70,71,2,23,25,29,14,17,26,76,80,11,37,64,3,49,68,32,33,35,43,48,83
[ 63] Received message from  37: 2|0,15,39,51,58,69,70,71,2,23,25,29,14,17,26,76,80,11,37,64,21,40,48,63,68,100
[ 45] Received message from  94: 2|0,15,39,51,58,69,70,71,2,22,16,55,59,66,90,96,19,60,93,94,34,45,50,62,67,84,91
[ 13] Received message from  12: 2|0,15,39,51,58,69,70,71,2,22,16,55,59,66,90,96,19,60,93,94,12,13
[ 24] Received message from  43: 2|0,15,39,51,58,69,70,71,2,23,25,29,14,17,26,76,80,11,37,64,3,49,68,32,33,35,43,48,83,24,41,65
[  6] Received message from  86: 2|0,15,39,51,58,69,70,71,2,22,16,55,59,66,90,46,50,62,75,86,98,6,9,74
[ 21] Received message from  48: 2|0,15,39,51,58,69,70,71,2,23,25,29,14,17,26,76,80,11,37,64,3,49,68,32,33,35,43,48,83,21,28,38,40,63,100
[ 72] Received message from  24: 2|0,15,39,51,58,69,70,71,2,23,25,29,14,17,26,76,80,11,37,64,3,49,68,32,33,35,43,48,83,24,41,65,72
[  5] Received message from  72: 2|0,15,39,51,58,69,70,71,2,23,25,29,14,17,26,76,80,11,37,64,3,49,68,32,33,35,43,48,83,24,41,65,72,5,38,53
[ 28] Received message from  63: 2|0,15,39,51,58,69,70,71,2,23,25,29,14,17,26,76,80,11,37,64,21,40,48,63,68,100,28
[ 96] Sent Broadcast: 2|0,15,39,51,58,69,70,71,2,22,16,55,59,66,90,96,19,60,93,94
[ 63] Sent Broadcast: 2|0,15,39,51,58,69,70,71,2,23,25,29,14,17,26,76,80,11,37,64,21,40,48,63,68,100,28
[ 49] Sent Broadcast: 2|0,15,39,51,58,69,70,71,2,23,25,29,14,17,26,76,80,11,37,64,3,49,68,32,33
[ 46] Received message from  75: 2|0,15,39,51,58,69,70,71,2,8,26,66,79,90,75,6,16,46,50,59,62,74,86,98
[ 93] Sent Broadcast: 2|0,15,39,51,58,69,70,71,2,22,16,55,59,66,90,96,19,60,93,94,12
[ 84] Received message from  45: 2|0,15,39,51,58,69,70,71,2,22,16,55,59,66,90,45,46,50,62,75,91,94,98,9,34,67,84,97
[ 40] Sent Broadcast: 2|0,15,39,51,58,69,70,71,2,23,25,29,14,17,26,76,80,11,37,64,21,40,48,63,68,100,28,38
[ 61] Sent Broadcast: 2|0,15,39,51,58,69,70,71,2,7,22,52,56,61,89,81
[ 66] Received message from  79: 2|0,15,39,51,58,69,70,71,2,23,25,29,14,17,26,76,80,79,8,66,75
[ 75] Received message from  66: 2|0,15,39,51,58,69,70,71,2,22,16,55,59,66,90,8,46,75,79
[ 91] Received message from  59: 2|0,15,39,51,58,69,70,71,2,22,16,55,59,66,90,45,46,50,62,75,91,94,98
[ 74] Received message from  21: 2|0,15,39,51,58,69,70,71,2,23,25,29,14,17,26,76,80,11,37,64,21,40,48,63,68,100,28,38,74
[ 65] Received message from  35: 2|0,15,39,51,58,69,70,71,2,23,25,29,14,17,26,76,80,11,37,64,3,49,68,32,33,35,43,48,83,41,65
[ 98] Received message from  16: 2|0,15,39,51,58,69,70,71,2,22,16,55,59,66,90,46,50,62,75,86,98
[ 91] Received message from  50: 2|0,15,39,51,58,69,70,71,2,22,16,55,59,66,90,46,50,62,75,86,98,6,9,45,91,94
[ 40] Received message from  68: 2|0,15,39,51,58,69,70,71,2,23,25,29,14,17,26,76,80,11,37,64,3,49,68,21,28,40,48,63,100
[ 67] Sent Broadcast: 2|0,15,39,51,58,69,70,71,2,22,16,55,59,66,90,45,46,50,62,75,91,94,98,9,34,67,84,97,95
[ 24] Sent Broadcast: 2|0,15,39,51,58,69,70,71,2,23,25,29,14,17,26,76,80,11,37,64,3,49,68,32,33,35,43,48,83,24,41,65,72
[ 24] Received message from  41: 2|0,15,39,51,58,69,70,71,2,23,25,29,14,17,26,76,80,11,37,64,3,49,68,32,33,35,43,48,83,41,65,24,38,53,72
[ 12] Sent Broadcast: 2|0,15,39,51,58,69,70,71,2,22,16,55,59,66,90,96,19,60,93,94,12,13
[ 89] Sent Broadcast: 2|0,15,39,51,58,69,70,71,2,7,22,52,56,61,89,81
[ 13] Sent Broadcast: 2|0,15,39,51,58,69,70,71,2,22,16,55,59,66,90,45,46,50,62,75,91,94,98,9,34,67,84,97,95,13,27,88,12
[ 27] Received message from  95: 2|0,15,39,51,58,69,70,71,2,22,16,55,59,66,90,45,46,50,62,75,91,94,98,9,34,67,84,97,95,13,27,88
[ 16] Sent Broadcast: 2|0,15,39,51,58,69,70,71,2,22,16,55,59,66,90,46,50,62,75,86,98
[ 21] Sent Broadcast: 2|0,15,39,51,58,69,70,71,2,23,25,29,14,17,26,76,80,11,37,64,21,40,48,63,68,100,28,38,74
[ 79] Received message from  66: 2|0,15,39,51,58,69,70,71,2,22,16,55,59,66,90,8,46,75,79
[ 45] Received message from  62: 2|0,15,39,51,58,69,70,71,2,22,16,55,59,66,90,46,50,62,75,86,98,6,9,45,67,91,94
[ 94] Received message from  59: 2|0,15,39,51,58,69,70,71,2,22,16,55,59,66,90,45,46,50,62,75,91,94,98
[ 95] Received message from  84: 2|0,15,39,51,58,69,70,71,2,22,16,55,59,66,90,45,46,50,62,75,91,94,98,9,34,67,84,97,95
[ 28] Received message from  74: 2|0,15,39,51,58,69,70,71,2,22,16,55,59,66,90,46,50,62,75,86,98,6,9,45,74,21,28
[ 43] Received message from  33: 2|0,15,39,51,58,69,70,71,2,23,25,29,14,17,26,76,80,11,37,64,3,49,68,32,33,35,43,65,83
[ 35] Sent Broadcast: 2|0,15,39,51,58,69,70,71,2,23,25,29,14,17,26,76,80,11,37,64,3,49,68,32,33,35,43,48,83,41,65
[ 66] Sent Broadcast: 2|0,15,39,51,58,69,70,71,2,22,16,55,59,66,90,8,46,75,79
[ 28] Received message from  48: 2|0,15,39,51,58,69,70,71,2,23,25,29,14,17,26,76,80,11,37,64,3,49,68,32,33,35,43,48,83,21,28,38,40,63,100
[ 38] Received message from  72: 2|0,15,39,51,58,69,70,71,2,23,25,29,14,17,26,76,80,11,37,64,3,49,68,32,33,35,43,48,83,24,41,65,72,5,38,53
[  6] Received message from  98: 2|0,15,39,51,58,69,70,71,2,22,16,55,59,66,90,46,50,62,75,86,98,6,9,45,74
[ 83] Received message from  32: 2|0,15,39,51,58,69,70,71,2,23,25,29,14,17,26,76,80,11,37,64,3,49,68,32,33,35,43,48,83
[ 68] Received message from  37: 2|0,15,39,51,58,69,70,71,2,23,25,29,14,17,26,76,80,11,37,64,21,40,48,63,68,100
[ 48] Received message from  68: 2|0,15,39,51,58,69,70,71,2,23,25,29,14,17,26,76,80,11,37,64,3,49,68,21,28,40,48,63,100
[ 97] Received message from  45: 2|0,15,39,51,58,69,70,71,2,22,16,55,59,66,90,45,46,50,62,75,91,94,98,9,34,67,84,97
[ 41] Received message from  38: 2|0,15,39,51,58,69,70,71,2,23,25,29,14,17,26,76,80,11,37,64,21,40,48,63,68,100,28,38,74,5,41,53,72
[ 90] Received message from  71: 2|0,15,39,51,58,69,70,71,2,8,26,66,79,90
[ 59] Received message from  90: 2|0,15,39,51,58,69,70,71,2,22,55,90,16,59,66
[ 38] Received message from  41: 2|0,15,39,51,58,69,70,71,2,23,25,29,14,17,26,76,80,11,37,64,3,49,68,32,33,35,43,48,83,41,65,24,38,53,72
[ 34] Received message from  91: 2|0,15,39,51,58,69,70,71,2,22,16,55,59,66,90,45,46,50,62,75,91,94,98,34,67,84,95,97
[ 50] Received message from  94: 2|0,15,39,51,58,69,70,71,2,22,16,55,59,66,90,96,19,60,93,94,34,45,50,62,67,84,91
[ 41] Received message from  43: 2|0,15,39,51,58,69,70,71,2,23,25,29,14,17,26,76,80,11,37,64,3,49,68,32,33,35,43,48,83,24,41,65
[  9] Received message from  86: 2|0,15,39,51,58,69,70,71,2,22,16,55,59,66,90,46,50,62,75,86,98,6,9,74
[ 94] Received message from  50: 2|0,15,39,51,58,69,70,71,2,22,16,55,59,66,90,46,50,62,75,86,98,6,9,45,91,94
[ 50] Received message from  75: 2|0,15,39,51,58,69,70,71,2,8,26,66,79,90,75,6,16,46,50,59,62,74,86,98
[ 65] Received message from  83: 2|0,15,39,51,58,69,70,71,2,23,25,29,14,17,26,76,80,11,37,64,3,49,68,32,33,35,43,48,83,65
[ 84] Sent Broadcast: 2|0,15,39,51,58,69,70,71,2,22,16,55,59,66,90,45,46,50,62,75,91,94,98,9,34,67,84,97,95
[ 50] Sent Broadcast: 2|0,15,39,51,58,69,70,71,2,22,16,55,59,66,90,46,50,62,75,86,98,6,9,45,91,94
[ 74] Sent Broadcast: 2|0,15,39,51,58,69,70,71,2,22,16,55,59,66,90,46,50,62,75,86,98,6,9,45,74,21,28
[ 24] Received message from  65: 2|0,15,39,51,58,69,70,71,2,23,25,29,14,17,26,76,80,11,37,64,3,49,68,32,33,35,43,48,83,41,65,24
[ 45] Sent Broadcast: 2|0,15,39,51,58,69,70,71,2,22,16,55,59,66,90,45,46,50,62,75,91,94,98,9,34,67,84,97
[ 71] Sent Broadcast: 2|0,15,39,51,58,69,70,71,2,8,26,66,79,90
[ 10] Received message from  27: 2|0,15,39,51,58,69,70,71,2,22,16,55,59,66,90,45,46,50,62,75,91,94,98,9,34,67,84,97,95,13,27,88,10,78
[ 75] Received message from  79: 2|0,15,39,51,58,69,70,71,2,23,25,29,14,17,26,76,80,79,8,66,75
[ 88] Received message from  95: 2|0,15,39,51,58,69,70,71,2,22,16,55,59,66,90,45,46,50,62,75,91,94,98,9,34,67,84,97,95,13,27,88
[ 32] Sent Broadcast: 2|0,15,39,51,58,69,70,71,2,23,25,29,14,17,26,76,80,11,37,64,3,49,68,32,33,35,43,48,83
[  9] Received message from  98: 2|0,15,39,51,58,69,70,71,2,22,16,55,59,66,90,46,50,62,75,86,98,6,9,45,74
[ 65] Sent Broadcast: 2|0,15,39,51,58,69,70,71,2,23,25,29,14,17,26,76,80,11,37,64,3,49,68,32,33,35,43,48,83,41,65,24
[ 83] Sent Broadcast: 2|0,15,39,51,58,69,70,71,2,23,25,29,14,17,26,76,80,11,37,64,3,49,68,32,33,35,43,48,83,65
[ 10] Received message from  97: 2|0,15,39,51,58,69,70,71,2,22,16,55,59,66,90,45,46,50,62,75,91,94,98,9,34,67,84,97,10,27,88,95
[ 79] Sent Broadcast: 2|0,15,39,51,58,69,70,71,2,23,25,29,14,17,26,76,80,79,8,66,75
[100] Received message from  37: 2|0,15,39,51,58,69,70,71,2,23,25,29,14,17,26,76,80,11,37,64,21,40,48,63,68,100
[ 63] Received message from  68: 2|0,15,39,51,58,69,70,71,2,23,25,29,14,17,26,76,80,11,37,64,3,49,68,21,28,40,48,63,100
[ 98] Received message from  59: 2|0,15,39,51,58,69,70,71,2,22,16,55,59,66,90,45,46,50,62,75,91,94,98
[ 78] Received message from  27: 2|0,15,39,51,58,69,70,71,2,22,16,55,59,66,90,45,46,50,62,75,91,94,98,9,34,67,84,97,95,13,27,88,10,78
[ 95] Sent Broadcast: 2|0,15,39,51,58,69,70,71,2,22,16,55,59,66,90,45,46,50,62,75,91,94,98,9,34,67,84,97,95,13,27,88
[ 66] Received message from  90: 2|0,15,39,51,58,69,70,71,2,22,55,90,16,59,66
[ 38] Received message from  48: 2|0,15,39,51,58,69,70,71,2,23,25,29,14,17,26,76,80,11,37,64,3,49,68,32,33,35,43,48,83,21,28,38,40,63,100
[ 65] Received message from  33: 2|0,15,39,51,58,69,70,71,2,23,25,29,14,17,26,76,80,11,37,64,3,49,68,32,33,35,43,65,83
[ 59] Received message from  75: 2|0,15,39,51,58,69,70,71,2,8,26,66,79,90,75,6,16,46,50,59,62,74,86,98
[ 59] Sent Broadcast: 2|0,15,39,51,58,69,70,71,2,22,16,55,59,66,90,45,46,50,62,75,91,94,98
[ 37] Sent Broadcast: 2|0,15,39,51,58,69,70,71,2,23,25,29,14,17,26,76,80,11,37,64,21,40,48,63,68,100
[ 90] Sent Broadcast: 2|0,15,39,51,58,69,70,71,2,22,55,90,16,59,66
[ 65] Received message from  43: 2|0,15,39,51,58,69,70,71,2,23,25,29,14,17,26,76,80,11,37,64,3,49,68,32,33,35,43,48,83,24,41,65
[ 27] Sent Broadcast: 2|0,15,39,51,58,69,70,71,2,22,16,55,59,66,90,45,46,50,62,75,91,94,98,9,34,67,84,97,95,13,27,88,10,78
[ 67] Received message from  62: 2|0,15,39,51,58,69,70,71,2,22,16,55,59,66,90,46,50,62,75,86,98,6,9,45,67,91,94
[ 53] Received message from  41: 2|0,15,39,51,58,69,70,71,2,23,25,29,14,17,26,76,80,11,37,64,3,49,68,32,33,35,43,48,83,41,65,24,38,53,72
[ 20] Received message from  10: 2|0,15,39,51,58,69,70,71,2,22,16,55,59,66,90,45,46,50,62,75,91,94,98,9,34,67,84,97,10,27,88,95,20,78
[ 27] Received message from  97: 2|0,15,39,51,58,69,70,71,2,22,16,55,59,66,90,45,46,50,62,75,91,94,98,9,34,67,84,97,10,27,88,95
[ 67] Received message from  91: 2|0,15,39,51,58,69,70,71,2,22,16,55,59,66,90,45,46,50,62,75,91,94,98,34,67,84,95,97
[ 74] Received message from  86: 2|0,15,39,51,58,69,70,71,2,22,16,55,59,66,90,46,50,62,75,86,98,6,9,74
[100] Received message from  68: 2|0,15,39,51,58,69,70,71,2,23,25,29,14,17,26,76,80,11,37,64,3,49,68,21,28,40,48,63,100
[ 40] Received message from  48: 2|0,15,39,51,58,69,70,71,2,23,25,29,14,17,26,76,80,11,37,64,3,49,68,32,33,35,43,48,83,21,28,38,40,63,100
[ 43] Sent Broadcast: 2|0,15,39,51,58,69,70,71,2,23,25,29,14,17,26,76,80,11,37,64,3,49,68,32,33,35,43,48,83,24,41,65
[ 83] Received message from  33: 2|0,15,39,51,58,69,70,71,2,23,25,29,14,17,26,76,80,11,37,64,3,49,68,32,33,35,43,65,83
[ 86] Sent Broadcast: 2|0,15,39,51,58,69,70,71,2,22,16,55,59,66,90,46,50,62,75,86,98,6,9,74
[ 45] Received message from  98: 2|0,15,39,51,58,69,70,71,2,22,16,55,59,66,90,46,50,62,75,86,98,6,9,45,74
[ 28] Received message from 100: 2|0,15,39,51,58,69,70,71,2,23,25,29,14,17,26,76,80,11,37,64,21,40,48,63,68,100,28
[ 62] Received message from  94: 2|0,15,39,51,58,69,70,71,2,22,16,55,59,66,90,96,19,60,93,94,34,45,50,62,67,84,91
[ 91] Received message from  62: 2|0,15,39,51,58,69,70,71,2,22,16,55,59,66,90,46,50,62,75,86,98,6,9,45,67,91,94
[ 53] Received message from  72: 2|0,15,39,51,58,69,70,71,2,23,25,29,14,17,26,76,80,11,37,64,3,49,68,32,33,35,43,48,83,24,41,65,72,5,38,53
[ 62] Received message from  75: 2|0,15,39,51,58,69,70,71,2,8,26,66,79,90,75,6,16,46,50,59,62,74,86,98
[ 88] Received message from  97: 2|0,15,39,51,58,69,70,71,2,22,16,55,59,66,90,45,46,50,62,75,91,94,98,9,34,67,84,97,10,27,88,95
[ 85] Received message from  20: 2|0,15,39,51,58,69,70,71,2,22,16,55,59,66,90,45,46,50,62,75,91,94,98,9,34,67,84,97,10,27,88,95,20,78,85
[ 53] Received message from  38: 2|0,15,39,51,58,69,70,71,2,23,25,29,14,17,26,76,80,11,37,64,21,40,48,63,68,100,28,38,74,5,41,53,72
[100] Sent Broadcast: 2|0,15,39,51,58,69,70,71,2,23,25,29,14,17,26,76,80,11,37,64,21,40,48,63,68,100,28
[ 68] Sent Broadcast: 2|0,15,39,51,58,69,70,71,2,23,25,29,14,17,26,76,80,11,37,64,3,49,68,21,28,40,48,63,100
[ 72] Sent Broadcast: 2|0,15,39,51,58,69,70,71,2,23,25,29,14,17,26,76,80,11,37,64,3,49,68,32,33,35,43,48,83,24,41,65,72,5,38,53
[ 33] Sent Broadcast: 2|0,15,39,51,58,69,70,71,2,23,25,29,14,17,26,76,80,11,37,64,3,49,68,32,33,35,43,65,83
[ 20] Received message from  78: 2|0,15,39,51,58,69,70,71,2,22,16,55,59,66,90,45,46,50,62,75,91,94,98,9,34,67,84,97,95,13,27,88,10,78,20
[ 20] Sent Broadcast: 2|0,15,39,51,58,69,70,71,2,22,16,55,59,66,90,45,46,50,62,75,91,94,98,9,34,67,84,97,10,27,88,95,20,78,85
[ 72] Received message from  41: 2|0,15,39,51,58,69,70,71,2,23,25,29,14,17,26,76,80,11,37,64,3,49,68,32,33,35,43,48,83,41,65,24,38,53,72
[ 74] Received message from  98: 2|0,15,39,51,58,69,70,71,2,22,16,55,59,66,90,46,50,62,75,86,98,6,9,45,74
[ 78] Received message from  10: 2|0,15,39,51,58,69,70,71,2,22,16,55,59,66,90,45,46,50,62,75,91,94,98,9,34,67,84,97,10,27,88,95,20,78
[ 84] Received message from  91: 2|0,15,39,51,58,69,70,71,2,22,16,55,59,66,90,45,46,50,62,75,91,94,98,34,67,84,95,97
[ 67] Received message from  94: 2|0,15,39,51,58,69,70,71,2,22,16,55,59,66,90,96,19,60,93,94,34,45,50,62,67,84,91
[ 63] Received message from  48: 2|0,15,39,51,58,69,70,71,2,23,25,29,14,17,26,76,80,11,37,64,3,49,68,32,33,35,43,48,83,21,28,38,40,63,100
[ 72] Received message from  38: 2|0,15,39,51,58,69,70,71,2,23,25,29,14,17,26,76,80,11,37,64,21,40,48,63,68,100,28,38,74,5,41,53,72
[ 94] Received message from  62: 2|0,15,39,51,58,69,70,71,2,22,16,55,59,66,90,46,50,62,75,86,98,6,9,45,67,91,94
[ 74] Received message from  75: 2|0,15,39,51,58,69,70,71,2,8,26,66,79,90,75,6,16,46,50,59,62,74,86,98
[ 95] Received message from  97: 2|0,15,39,51,58,69,70,71,2,22,16,55,59,66,90,45,46,50,62,75,91,94,98,9,34,67,84,97,10,27,88,95
[ 78] Sent Broadcast: 2|0,15,39,51,58,69,70,71,2,22,16,55,59,66,90,45,46,50,62,75,91,94,98,9,34,67,84,97,95,13,27,88,10,78,20
[ 41] Sent Broadcast: 2|0,15,39,51,58,69,70,71,2,23,25,29,14,17,26,76,80,11,37,64,3,49,68,32,33,35,43,48,83,41,65,24,38,53,72
[ 98] Sent Broadcast: 2|0,15,39,51,58,69,70,71,2,22,16,55,59,66,90,46,50,62,75,86,98,6,9,45,74
[ 10] Sent Broadcast: 2|0,15,39,51,58,69,70,71,2,22,16,55,59,66,90,45,46,50,62,75,91,94,98,9,34,67,84,97,10,27,88,95,20,78
[ 62] Sent Broadcast: 2|0,15,39,51,58,69,70,71,2,22,16,55,59,66,90,46,50,62,75,86,98,6,9,45,67,91,94
[ 97] Sent Broadcast: 2|0,15,39,51,58,69,70,71,2,22,16,55,59,66,90,45,46,50,62,75,91,94,98,9,34,67,84,97,10,27,88,95
[ 38] Sent Broadcast: 2|0,15,39,51,58,69,70,71,2,23,25,29,14,17,26,76,80,11,37,64,21,40,48,63,68,100,28,38,74,5,41,53,72
[ 84] Received message from  94: 2|0,15,39,51,58,69,70,71,2,22,16,55,59,66,90,96,19,60,93,94,34,45,50,62,67,84,91
[ 86] Received message from  75: 2|0,15,39,51,58,69,70,71,2,8,26,66,79,90,75,6,16,46,50,59,62,74,86,98
[100] Received message from  48: 2|0,15,39,51,58,69,70,71,2,23,25,29,14,17,26,76,80,11,37,64,3,49,68,32,33,35,43,48,83,21,28,38,40,63,100
[ 95] Received message from  91: 2|0,15,39,51,58,69,70,71,2,22,16,55,59,66,90,45,46,50,62,75,91,94,98,34,67,84,95,97
[ 48] Sent Broadcast: 2|0,15,39,51,58,69,70,71,2,23,25,29,14,17,26,76,80,11,37,64,3,49,68,32,33,35,43,48,83,21,28,38,40,63,100
[ 91] Received message from  94: 2|0,15,39,51,58,69,70,71,2,22,16,55,59,66,90,96,19,60,93,94,34,45,50,62,67,84,91
[ 94] Sent Broadcast: 2|0,15,39,51,58,69,70,71,2,22,16,55,59,66,90,96,19,60,93,94,34,45,50,62,67,84,91
[ 97] Received message from  91: 2|0,15,39,51,58,69,70,71,2,22,16,55,59,66,90,45,46,50,62,75,91,94,98,34,67,84,95,97
[ 91] Sent Broadcast: 2|0,15,39,51,58,69,70,71,2,22,16,55,59,66,90,45,46,50,62,75,91,94,98,34,67,84,95,97
[ 98] Received message from  75: 2|0,15,39,51,58,69,70,71,2,8,26,66,79,90,75,6,16,46,50,59,62,74,86,98
[ 75] Sent Broadcast: 2|0,15,39,51,58,69,70,71,2,8,26,66,79,90,75,6,16,46,50,59,62,74,86,98
[ 73] Received message from  36: 36|0,73,92
[ 92] Received message from  36: 36|0,73,92
[ 36] Sent Broadcast: 36|0,73,92
