[ 23] Received message from   1: 1|0,23,25
[ 25] Received message from   1: 1|0,23,25
[  1] Sent Broadcast: 1|0,23,25
[ 77] Received message from  23: 1|0,23,25,1,77
[ 23] Sent Broadcast: 1|0,23,25,1,77
[  2] Received message from  77: 1|0,23,25,1,77,2,22,37,69
[ 22] Received message from  77: 1|0,23,25,1,77,2,22,37,69
[ 37] Received message from  77: 1|0,23,25,1,77,2,22,37,69
[ 54] Received message from   2: 1|0,23,25,1,77,2,22,37,69,54
[ 24] Received message from  22: 1|0,23,25,1,77,2,22,37,69,24
[ 39] Received message from  25: 1|0,23,25,1,39
[ 24] Received message from  37: 1|0,23,25,1,77,2,22,37,69,24
[  8] Received message from  54: 1|0,23,25,1,77,2,22,37,69,54,8,95,96
[  2] Sent Broadcast: 1|0,23,25,1,77,2,22,37,69,54
[ 22] Sent Broadcast: 1|0,23,25,1,77,2,22,37,69,24
[ 25] Sent Broadcast: 1|0,23,25,1,39
[ 37] Sent Broadcast: 1|0,23,25,1,77,2,22,37,69,24
[ 69] Received message from  77: 1|0,23,25,1,77,2,22,37,69
[ 62] Received message from  39: 1|0,23,25,1,39,62,70,86
[ 12] Received message from   8: 1|0,23,25,1,77,2,22,37,69,54,8,95,96,12
[ 44] Received message from  24: 1|0,23,25,1,77,2,22,37,69,24,44
[ 24] Sent Broadcast: 1|0,23,25,1,77,2,22,37,69,24,44
[  8] Sent Broadcast: 1|0,23,25,1,77,2,22,37,69,54,8,95,96,12
[ 15] Received message from  62: 1|0,23,25,1,39,62,70,86,15,34,49,57,65,80,92,99
[ 95] Received message from  54: 1|0,23,25,1,77,2,22,37,69,54,8,95,96
[  8] Received message from  69: 1|0,23,25,1,77,2,22,37,69,8,54
[ 77] Sent Broadcast: 1|0,23,25,1,77,2,22,37,69
[ 34] Received message from  62: 1|0,23,25,1,39,62,70,86,15,34,49,57,65,80,92,99
[ 70] Received message from  39: 1|0,23,25,1,39,62,70,86
[ 38] Received message from  15: 1|0,23,25,1,39,62,70,86,15,34,49,57,65,80,92,99,38
[  5] Received message from  12: 1|0,23,25,1,77,2,22,37,69,54,8,95,96,12,5,65
[ 15] Sent Broadcast: 1|0,23,25,1,39,62,70,86,15,34,49,57,65,80,92,99,38
[ 80] Received message from  70: 1|0,23,25,1,39,62,70,86,80
[ 17] Received message from  38: 1|0,23,25,1,39,62,70,86,15,34,49,57,65,80,92,99,38,17,26,75,93
[ 49] Received message from  62: 1|0,23,25,1,39,62,70,86,15,34,49,57,65,80,92,99
[ 95] Received message from  44: 1|0,23,25,1,77,2,22,37,69,24,44,95
[ 70] Sent Broadcast: 1|0,23,25,1,39,62,70,86,80
[ 54] Received message from  69: 1|0,23,25,1,77,2,22,37,69,8,54
[ 65] Received message from  12: 1|0,23,25,1,77,2,22,37,69,54,8,95,96,12,5,65
[ 96] Received message from  54: 1|0,23,25,1,77,2,22,37,69,54,8,95,96
[ 44] Received message from  95: 1|0,23,25,1,77,2,22,37,69,54,8,95,96,44
[ 11] Received message from   5: 1|0,23,25,1,77,2,22,37,69,54,8,95,96,12,5,65,11,61,99
[ 15] Received message from  80: 1|0,23,25,1,39,62,70,86,80,15,34,49,92
[ 86] Received message from  39: 1|0,23,25,1,39,62,70,86
[ 26] Received message from  38: 1|0,23,25,1,39,62,70,86,15,34,49,57,65,80,92,99,38,17,26,75,93
[ 33] Received message from  11: 1|0,23,25,1,77,2,22,37,69,54,8,95,96,12,5,65,11,61,99,33,51,76,88
[ 69] Sent Broadcast: 1|0,23,25,1,77,2,22,37,69,8,54
[ 44] Sent Broadcast: 1|0,23,25,1,77,2,22,37,69,24,44,95
[ 12] Sent Broadcast: 1|0,23,25,1,77,2,22,37,69,54,8,95,96,12,5,65
[ 95] Sent Broadcast: 1|0,23,25,1,77,2,22,37,69,54,8,95,96,44
[ 54] Sent Broadcast: 1|0,23,25,1,77,2,22,37,69,54,8,95,96
[ 39] Sent Broadcast: 1|0,23,25,1,39,62,70,86
[ 15] Received message from  86: 1|0,23,25,1,39,62,70,86,15,34,49,57,65,80,92,99
[ 57] Received message from  62: 1|0,23,25,1,39,62,70,86,15,34,49,57,65,80,92,99
[ 38] Received message from  49: 1|0,23,25,1,39,62,70,86,15,34,49,57,65,80,92,99,38,52
[ 51] Received message from  11: 1|0,23,25,1,77,2,22,37,69,54,8,95,96,12,5,65,11,61,99,33,51,76,88
[ 20] Received message from  96: 1|0,23,25,1,77,2,22,37,69,54,8,95,96,20,32,84
[  4] Received message from  33: 1|0,23,25,1,77,2,22,37,69,54,8,95,96,12,5,65,11,61,99,33,51,76,88,4,19,85,89,100
[ 57] Received message from  65: 1|0,23,25,1,77,2,22,37,69,54,8,95,96,12,5,65,57,61,62,86,99
[ 34] Received message from  80: 1|0,23,25,1,39,62,70,86,80,15,34,49,92
[ 34] Received message from  86: 1|0,23,25,1,39,62,70,86,15,34,49,57,65,80,92,99
[ 61] Received message from   5: 1|0,23,25,1,77,2,22,37,69,54,8,95,96,12,5,65,11,61,99
[ 65] Received message from  62: 1|0,23,25,1,39,62,70,86,15,34,49,57,65,80,92,99
[ 21] Received message from  57: 1|0,23,25,1,39,62,70,86,15,34,49,57,65,80,92,99,21,28,36
[ 85] Received message from  20: 1|0,23,25,1,77,2,22,37,69,54,8,95,96,20,32,84,85,87
[ 75] Received message from  38: 1|0,23,25,1,39,62,70,86,15,34,49,57,65,80,92,99,38,17,26,75,93
[ 85] Received message from  51: 1|0,23,25,1,77,2,22,37,69,54,8,95,96,12,5,65,11,61,99,33,51,76,88,85,89
[ 32] Received message from  96: 1|0,23,25,1,77,2,22,37,69,54,8,95,96,20,32,84
[ 52] Received message from  49: 1|0,23,25,1,39,62,70,86,15,34,49,57,65,80,92,99,38,52
[ 49] Received message from  80: 1|0,23,25,1,39,62,70,86,80,15,34,49,92
[  6] Received message from   4: 1|0,23,25,1,77,2,22,37,69,54,8,95,96,12,5,65,11,61,99,33,51,76,88,4,19,85,89,100,6,41,67
[ 52] Received message from  21: 1|0,23,25,1,39,62,70,86,15,34,49,57,65,80,92,99,21,28,36,52,68,73
[ 19] Received message from  33: 1|0,23,25,1,77,2,22,37,69,54,8,95,96,12,5,65,11,61,99,33,51,76,88,4,19,85,89,100
[ 85] Received message from  32: 1|0,23,25,1,77,2,22,37,69,54,8,95,96,20,32,84,85,87
[ 76] Received message from  11: 1|0,23,25,1,77,2,22,37,69,54,8,95,96,12,5,65,11,61,99,33,51,76,88
[ 61] Received message from  65: 1|0,23,25,1,77,2,22,37,69,54,8,95,96,12,5,65,57,61,62,86,99
[  7] Received message from  52: 1|0,23,25,1,39,62,70,86,15,34,49,57,65,80,92,99,38,52,7,21,28,36,63,68,81
[ 19] Received message from  85: 1|0,23,25,1,77,2,22,37,69,54,8,95,96,20,32,84,85,87,19,33,51,76
[ 18] Received message from   6: 1|0,23,25,1,77,2,22,37,69,54,8,95,96,12,5,65,11,61,99,33,51,76,88,4,19,85,89,100,6,41,67,18,72,78,91
[ 33] Received message from  61: 1|0,23,25,1,77,2,22,37,69,54,8,95,96,12,5,65,11,61,99,33,51,76,88
[ 93] Received message from  38: 1|0,23,25,1,39,62,70,86,15,34,49,57,65,80,92,99,38,17,26,75,93
[ 92] Received message from  80: 1|0,23,25,1,39,62,70,86,80,15,34,49,92
[ 49] Sent Broadcast: 1|0,23,25,1,39,62,70,86,15,34,49,57,65,80,92,99,38,52
[ 80] Received message from  62: 1|0,23,25,1,39,62,70,86,15,34,49,57,65,80,92,99
[ 99] Received message from   5: 1|0,23,25,1,77,2,22,37,69,54,8,95,96,12,5,65,11,61,99
[ 28] Received message from  57: 1|0,23,25,1,39,62,70,86,15,34,49,57,65,80,92,99,21,28,36
[  4] Received message from  19: 1|0,23,25,1,77,2,22,37,69,54,8,95,96,20,32,84,85,87,19,33,51,76,4,40,55,67,100
[ 29] Received message from  18: 1|0,23,25,1,77,2,22,37,69,54,8,95,96,12,5,65,11,61,99,33,51,76,88,4,19,85,89,100,6,41,67,18,72,78,91,29,74
[ 87] Received message from  20: 1|0,23,25,1,77,2,22,37,69,54,8,95,96,20,32,84,85,87
[  4] Received message from  76: 1|0,23,25,1,77,2,22,37,69,54,8,95,96,12,5,65,11,61,99,33,51,76,88,4,19,85,89,100
[ 84] Received message from  96: 1|0,23,25,1,77,2,22,37,69,54,8,95,96,20,32,84
[  5] Sent Broadcast: 1|0,23,25,1,77,2,22,37,69,54,8,95,96,12,5,65,11,61,99
[ 68] Received message from  21: 1|0,23,25,1,39,62,70,86,15,34,49,57,65,80,92,99,21,28,36,52,68,73
[ 64] Received message from  29: 1|0,23,25,1,77,2,22,37,69,54,8,95,96,12,5,65,11,61,99,33,51,76,88,4,19,85,89,100,6,41,67,18,72,78,91,29,74,64,79
[ 62] Received message from  65: 1|0,23,25,1,77,2,22,37,69,54,8,95,96,12,5,65,57,61,62,86,99
[ 21] Received message from  99: 1|0,23,25,1,77,2,22,37,69,54,8,95,96,12,5,65,11,61,99,21,28,34,57,62,86
[ 21] Received message from  52: 1|0,23,25,1,39,62,70,86,15,34,49,57,65,80,92,99,38,52,7,21,28,36,63,68,81
[ 49] Received message from  86: 1|0,23,25,1,39,62,70,86,15,34,49,57,65,80,92,99
[ 38] Received message from  92: 1|0,23,25,1,39,62,70,86,80,15,34,49,92,38
[ 52] Received message from  28: 1|0,23,25,1,39,62,70,86,15,34,49,57,65,80,92,99,21,28,36,52,68
[ 38] Sent Broadcast: 1|0,23,25,1,39,62,70,86,15,34,49,57,65,80,92,99,38,17,26,75,93
[ 80] Sent Broadcast: 1|0,23,25,1,39,62,70,86,80,15,34,49,92
[ 41] Received message from   4: 1|0,23,25,1,77,2,22,37,69,54,8,95,96,12,5,65,11,61,99,33,51,76,88,4,19,85,89,100,6,41,67
[ 88] Received message from  11: 1|0,23,25,1,77,2,22,37,69,54,8,95,96,12,5,65,11,61,99,33,51,76,88
[ 96] Sent Broadcast: 1|0,23,25,1,77,2,22,37,69,54,8,95,96,20,32,84
[ 20] Sent Broadcast: 1|0,23,25,1,77,2,22,37,69,54,8,95,96,20,32,84,85,87
[ 92] Sent Broadcast: 1|0,23,25,1,39,62,70,86,80,15,34,49,92,38
[ 82] Received message from  64: 1|0,23,25,1,77,2,22,37,69,54,8,95,96,12,5,65,11,61,99,33,51,76,88,4,19,85,89,100,6,41,67,18,72,78,91,29,74,64,79,82
[ 72] Received message from   6: 1|0,23,25,1,77,2,22,37,69,54,8,95,96,12,5,65,11,61,99,33,51,76,88,4,19,85,89,100,6,41,67,18,72,78,91
[ 73] Received message from  21: 1|0,23,25,1,39,62,70,86,15,34,49,57,65,80,92,99,21,28,36,52,68,73
[ 36] Received message from  57: 1|0,23,25,1,39,62,70,86,15,34,49,57,65,80,92,99,21,28,36
[ 79] Received message from  29: 1|0,23,25,1,77,2,22,37,69,54,8,95,96,12,5,65,11,61,99,33,51,76,88,4,19,85,89,100,6,41,67,18,72,78,91,29,74,64,79
[  7] Received message from  68: 1|0,23,25,1,39,62,70,86,15,34,49,57,65,80,92,99,21,28,36,52,68,73,7,42,63,81,98
[ 86] Received message from  65: 1|0,23,25,1,77,2,22,37,69,54,8,95,96,12,5,65,57,61,62,86,99
[ 33] Received message from  85: 1|0,23,25,1,77,2,22,37,69,54,8,95,96,20,32,84,85,87,19,33,51,76
[ 64] Sent Broadcast: 1|0,23,25,1,77,2,22,37,69,54,8,95,96,12,5,65,11,61,99,33,51,76,88,4,19,85,89,100,6,41,67,18,72,78,91,29,74,64,79,82
[ 40] Received message from  19: 1|0,23,25,1,77,2,22,37,69,54,8,95,96,20,32,84,85,87,19,33,51,76,4,40,55,67,100
[ 85] Received message from  33: 1|0,23,25,1,77,2,22,37,69,54,8,95,96,12,5,65,11,61,99,33,51,76,88,4,19,85,89,100
[ 89] Received message from  51: 1|0,23,25,1,77,2,22,37,69,54,8,95,96,12,5,65,11,61,99,33,51,76,88,85,89
[ 92] Received message from  62: 1|0,23,25,1,39,62,70,86,15,34,49,57,65,80,92,99
[ 74] Received message from  18: 1|0,23,25,1,77,2,22,37,69,54,8,95,96,12,5,65,11,61,99,33,51,76,88,4,19,85,89,100,6,41,67,18,72,78,91,29,74
[ 28] Received message from  52: 1|0,23,25,1,39,62,70,86,15,34,49,57,65,80,92,99,38,52,7,21,28,36,63,68,81
[ 68] Received message from  28: 1|0,23,25,1,39,62,70,86,15,34,49,57,65,80,92,99,21,28,36,52,68
[  9] Received message from  88: 1|0,23,25,1,77,2,22,37,69,54,8,95,96,12,5,65,11,61,99,33,51,76,88,9,14,35,73,89
[ 45] Received message from  82: 1|0,23,25,1,77,2,22,37,69,54,8,95,96,12,5,65,11,61,99,33,51,76,88,4,19,85,89,100,6,41,67,18,72,78,91,29,74,64,79,82,45
[ 14] Received message from  41: 1|0,23,25,1,77,2,22,37,69,54,8,95,96,12,5,65,11,61,99,33,51,76,88,4,19,85,89,100,6,41,67,14,91
[ 57] Received message from  86: 1|0,23,25,1,39,62,70,86,15,34,49,57,65,80,92,99
[ 51] Received message from  61: 1|0,23,25,1,77,2,22,37,69,54,8,95,96,12,5,65,11,61,99,33,51,76,88
[ 11] Sent Broadcast: 1|0,23,25,1,77,2,22,37,69,54,8,95,96,12,5,65,11,61,99,33,51,76,88
[ 57] Sent Broadcast: 1|0,23,25,1,39,62,70,86,15,34,49,57,65,80,92,99,21,28,36
[ 21] Sent Broadcast: 1|0,23,25,1,39,62,70,86,15,34,49,57,65,80,92,99,21,28,36,52,68,73
[ 29] Sent Broadcast: 1|0,23,25,1,77,2,22,37,69,54,8,95,96,12,5,65,11,61,99,33,51,76,88,4,19,85,89,100,6,41,67,18,72,78,91,29,74,64,79
[ 18] Sent Broadcast: 1|0,23,25,1,77,2,22,37,69,54,8,95,96,12,5,65,11,61,99,33,51,76,88,4,19,85,89,100,6,41,67,18,72,78,91,29,74
[ 51] Sent Broadcast: 1|0,23,25,1,77,2,22,37,69,54,8,95,96,12,5,65,11,61,99,33,51,76,88,85,89
[ 28] Sent Broadcast: 1|0,23,25,1,39,62,70,86,15,34,49,57,65,80,92,99,21,28,36,52,68
[ 82] Sent Broadcast: 1|0,23,25,1,77,2,22,37,69,54,8,95,96,12,5,65,11,61,99,33,51,76,88,4,19,85,89,100,6,41,67,18,72,78,91,29,74,64,79,82,45
[  9] Received message from  73: 1|0,23,25,1,39,62,70,86,15,34,49,57,65,80,92,99,21,28,36,52,68,73,9,35,56,88,89
[ 19] Received message from  76: 1|0,23,25,1,77,2,22,37,69,54,8,95,96,12,5,65,11,61,99,33,51,76,88,4,19,85,89,100
[ 35] Received message from  36: 1|0,23,25,1,39,62,70,86,15,34,49,57,65,80,92,99,21,28,36,35,42,52,56,68,73
[ 28] Received message from  99: 1|0,23,25,1,77,2,22,37,69,54,8,95,96,12,5,65,11,61,99,21,28,34,57,62,86
[ 87] Received message from  32: 1|0,23,25,1,77,2,22,37,69,54,8,95,96,20,32,84,85,87
[ 89] Received message from  33: 1|0,23,25,1,77,2,22,37,69,54,8,95,96,12,5,65,11,61,99,33,51,76,88,4,19,85,89,100
[ 29] Received message from  72: 1|0,23,25,1,77,2,22,37,69,54,8,95,96,12,5,65,11,61,99,33,51,76,88,4,19,85,89,100,6,41,67,18,72,78,91,29,64,79
[ 31] Received message from   9: 1|0,23,25,1,77,2,22,37,69,54,8,95,96,12,5,65,11,61,99,33,51,76,88,9,14,35,73,89,31,56
[ 78] Received message from   6: 1|0,23,25,1,77,2,22,37,69,54,8,95,96,12,5,65,11,61,99,33,51,76,88,4,19,85,89,100,6,41,67,18,72,78,91
[ 35] Received message from  73: 1|0,23,25,1,39,62,70,86,15,34,49,57,65,80,92,99,21,28,36,52,68,73,9,35,56,88,89
[ 76] Received message from  61: 1|0,23,25,1,77,2,22,37,69,54,8,95,96,12,5,65,11,61,99,33,51,76,88
[  3] Received message from  40: 1|0,23,25,1,77,2,22,37,69,54,8,95,96,20,32,84,85,87,19,33,51,76,4,40,55,67,100,3,30,46,60,74
[ 67] Received message from   4: 1|0,23,25,1,77,2,22,37,69,54,8,95,96,12,5,65,11,61,99,33,51,76,88,4,19,85,89,100,6,41,67
[ 55] Received message from  19: 1|0,23,25,1,77,2,22,37,69,54,8,95,96,20,32,84,85,87,19,33,51,76,4,40,55,67,100
[ 82] Received message from  79: 1|0,23,25,1,77,2,22,37,69,54,8,95,96,12,5,65,11,61,99,33,51,76,88,4,19,85,89,100,6,41,67,18,72,78,91,29,74,64,79,82
[ 14] Received message from  88: 1|0,23,25,1,77,2,22,37,69,54,8,95,96,12,5,65,11,61,99,33,51,76,88,9,14,35,73,89
[ 85] Received message from  76: 1|0,23,25,1,77,2,22,37,69,54,8,95,96,12,5,65,11,61,99,33,51,76,88,4,19,85,89,100
[ 91] Received message from  41: 1|0,23,25,1,77,2,22,37,69,54,8,95,96,12,5,65,11,61,99,33,51,76,88,4,19,85,89,100,6,41,67,14,91
[ 36] Received message from  52: 1|0,23,25,1,39,62,70,86,15,34,49,57,65,80,92,99,38,52,7,21,28,36,63,68,81
[ 99] Received message from  65: 1|0,23,25,1,77,2,22,37,69,54,8,95,96,12,5,65,57,61,62,86,99
[ 59] Received message from  31: 1|23,25,1,77,2,22,37,69,54,8,95,96,12,5,65,11,61,99,33,51,76,88,9,14,35,73,89,31,56,59
[ 51] Received message from  85: 1|0,23,25,1,77,2,22,37,69,54,8,95,96,20,32,84,85,87,19,33,51,76
[ 32] Sent Broadcast: 1|0,23,25,1,77,2,22,37,69,54,8,95,96,20,32,84,85,87
[ 90] Received message from  45: 1|0,23,25,1,77,2,22,37,69,54,8,95,96,12,5,65,11,61,99,33,51,76,88,4,19,85,89,100,6,41,67,18,72,78,91,29,74,64,79,82,45,90
[ 42] Received message from  68: 1|0,23,25,1,39,62,70,86,15,34,49,57,65,80,92,99,21,28,36,52,68,73,7,42,63,81,98
[ 40] Received message from  74: 1|0,23,25,1,77,2,22,37,69,54,8,95,96,12,5,65,11,61,99,33,51,76,88,4,19,85,89,100,6,41,67,18,72,78,91,29,74,40,45,55,60,82,90
[  9] Received message from  89: 1|0,23,25,1,77,2,22,37,69,54,8,95,96,12,5,65,11,61,99,33,51,76,88,85,89,9,14,31,35,41,73,100
[ 65] Received message from  86: 1|0,23,25,1,39,62,70,86,15,34,49,57,65,80,92,99
[ 42] Received message from  36: 1|0,23,25,1,39,62,70,86,15,34,49,57,65,80,92,99,21,28,36,35,42,52,56,68,73
[ 29] Received message from  78: 1|0,23,25,1,77,2,22,37,69,54,8,95,96,12,5,65,11,61,99,33,51,76,88,4,19,85,89,100,6,41,67,18,72,78,91,29,79
[ 99] Received message from  62: 1|0,23,25,1,39,62,70,86,15,34,49,57,65,80,92,99
[ 34] Received message from  99: 1|0,23,25,1,77,2,22,37,69,54,8,95,96,12,5,65,11,61,99,21,28,34,57,62,86
[  9] Received message from  14: 1|0,23,25,1,77,2,22,37,69,54,8,95,96,12,5,65,11,61,99,33,51,76,88,4,19,85,89,100,6,41,67,14,91,9,31,35
[ 91] Received message from   6: 1|0,23,25,1,77,2,22,37,69,54,8,95,96,12,5,65,11,61,99,33,51,76,88,4,19,85,89,100,6,41,67,18,72,78,91
[ 79] Sent Broadcast: 1|0,23,25,1,77,2,22,37,69,54,8,95,96,12,5,65,11,61,99,33,51,76,88,4,19,85,89,100,6,41,67,18,72,78,91,29,74,64,79,82
[ 45] Sent Broadcast: 1|0,23,25,1,77,2,22,37,69,54,8,95,96,12,5,65,11,61,99,33,51,76,88,4,19,85,89,100,6,41,67,18,72,78,91,29,74,64,79,82,45,90
[  4] Sent Broadcast: 1|0,23,25,1,77,2,22,37,69,54,8,95,96,12,5,65,11,61,99,33,51,76,88,4,19,85,89,100,6,41,67
[ 18] Received message from  67: 1|0,23,25,1,77,2,22,37,69,54,8,95,96,12,5,65,11,61,99,33,51,76,88,4,19,85,89,100,6,41,67,18,40,55
[ 65] Sent Broadcast: 1|0,23,25,1,77,2,22,37,69,54,8,95,96,12,5,65,57,61,62,86,99
[ 62] Sent Broadcast: 1|0,23,25,1,39,62,70,86,15,34,49,57,65,80,92,99
[ 41] Sent Broadcast: 1|0,23,25,1,77,2,22,37,69,54,8,95,96,12,5,65,11,61,99,33,51,76,88,4,19,85,89,100,6,41,67,14,91
[ 31] Sent Broadcast: 1|23,25,1,77,2,22,37,69,54,8,95,96,12,5,65,11,61,99,33,51,76,88,9,14,35,73,89,31,56,59
[ 35] Received message from  42: 1|0,23,25,1,39,62,70,86,15,34,49,57,65,80,92,99,21,28,36,52,68,73,7,42,63,81,98,35,43,47,50,53,56,97
[  6] Sent Broadcast: 1|0,23,25,1,77,2,22,37,69,54,8,95,96,12,5,65,11,61,99,33,51,76,88,4,19,85,89,100,6,41,67,18,72,78,91
[ 13] Received message from  59: 1|25,1,77,2,22,37,69,54,8,95,96,12,5,65,11,61,99,33,51,76,88,9,14,35,73,89,31,56,59,13,71,83
[ 63] Received message from  52: 1|0,23,25,1,39,62,70,86,15,34,49,57,65,80,92,99,38,52,7,21,28,36,63,68,81
[  9] Received message from  35: 1|0,23,25,1,39,62,70,86,15,34,49,57,65,80,92,99,21,28,36,35,42,52,56,68,73,9,14,31,88,89
[  3] Received message from  55: 1|0,23,25,1,77,2,22,37,69,54,8,95,96,20,32,84,85,87,19,33,51,76,4,40,55,67,100,3,60,74
[ 18] Received message from  91: 1|0,23,25,1,77,2,22,37,69,54,8,95,96,12,5,65,11,61,99,33,51,76,88,4,19,85,89,100,6,41,67,14,91,18,72,78
[ 88] Received message from  61: 1|0,23,25,1,77,2,22,37,69,54,8,95,96,12,5,65,11,61,99,33,51,76,88
[ 31] Received message from  14: 1|0,23,25,1,77,2,22,37,69,54,8,95,96,12,5,65,11,61,99,33,51,76,88,4,19,85,89,100,6,41,67,14,91,9,31,35
[ 40] Received message from  67: 1|0,23,25,1,77,2,22,37,69,54,8,95,96,12,5,65,11,61,99,33,51,76,88,4,19,85,89,100,6,41,67,18,40,55
[ 67] Received message from  19: 1|0,23,25,1,77,2,22,37,69,54,8,95,96,20,32,84,85,87,19,33,51,76,4,40,55,67,100
[100] Received message from  33: 1|0,23,25,1,77,2,22,37,69,54,8,95,96,12,5,65,11,61,99,33,51,76,88,4,19,85,89,100
[ 56] Received message from   9: 1|0,23,25,1,77,2,22,37,69,54,8,95,96,12,5,65,11,61,99,33,51,76,88,9,14,35,73,89,31,56
[ 63] Received message from  68: 1|0,23,25,1,39,62,70,86,15,34,49,57,65,80,92,99,21,28,36,52,68,73,7,42,63,81,98
[ 56] Received message from  73: 1|0,23,25,1,39,62,70,86,15,34,49,57,65,80,92,99,21,28,36,52,68,73,9,35,56,88,89
[ 89] Received message from  76: 1|0,23,25,1,77,2,22,37,69,54,8,95,96,12,5,65,11,61,99,33,51,76,88,4,19,85,89,100
[ 57] Received message from  99: 1|0,23,25,1,77,2,22,37,69,54,8,95,96,12,5,65,11,61,99,21,28,34,57,62,86
[ 79] Received message from  78: 1|0,23,25,1,77,2,22,37,69,54,8,95,96,12,5,65,11,61,99,33,51,76,88,4,19,85,89,100,6,41,67,18,72,78,91,29,79
[ 64] Received message from  72: 1|0,23,25,1,77,2,22,37,69,54,8,95,96,12,5,65,11,61,99,33,51,76,88,4,19,85,89,100,6,41,67,18,72,78,91,29,64,79
[ 30] Received message from  40: 1|0,23,25,1,77,2,22,37,69,54,8,95,96,20,32,84,85,87,19,33,51,76,4,40,55,67,100,3,30,46,60,74
[ 10] Received message from   3: 1|0,23,25,1,77,2,22,37,69,54,8,95,96,20,32,84,85,87,19,33,51,76,4,40,55,67,100,3,30,46,60,74,10,48,66
[ 76] Received message from  85: 1|0,23,25,1,77,2,22,37,69,54,8,95,96,20,32,84,85,87,19,33,51,76
[ 14] Received message from  89: 1|0,23,25,1,77,2,22,37,69,54,8,95,96,12,5,65,11,61,99,33,51,76,88,85,89,9,14,31,35,41,73,100
[ 45] Received message from  74: 1|0,23,25,1,77,2,22,37,69,54,8,95,96,12,5,65,11,61,99,33,51,76,88,4,19,85,89,100,6,41,67,18,72,78,91,29,74,40,45,55,60,82,90
[ 27] Received message from  13: 1|25,1,77,2,22,37,69,54,8,95,96,12,5,65,11,61,99,33,51,76,88,9,14,35,73,89,31,56,59,13,71,83,27,94
[ 42] Received message from  63: 1|0,23,25,1,39,62,70,86,15,34,49,57,65,80,92,99,38,52,7,21,28,36,63,68,81,42,50,98
[ 35] Received message from  88: 1|0,23,25,1,77,2,22,37,69,54,8,95,96,12,5,65,11,61,99,33,51,76,88,9,14,35,73,89
[  6] Received message from 100: 1|0,23,25,1,77,2,22,37,69,54,8,95,96,12,5,65,11,61,99,33,51,76,88,4,19,85,89,100,6,14,41,67
[ 52] Received message from  36: 1|0,23,25,1,39,62,70,86,15,34,49,57,65,80,92,99,21,28,36,35,42,52,56,68,73
[ 81] Received message from  68: 1|0,23,25,1,39,62,70,86,15,34,49,57,65,80,92,99,21,28,36,52,68,73,7,42,63,81,98
[ 72] Received message from  91: 1|0,23,25,1,77,2,22,37,69,54,8,95,96,12,5,65,11,61,99,33,51,76,88,4,19,85,89,100,6,41,67,14,91,18,72,78
[ 10] Received message from  30: 1|0,23,25,1,77,2,22,37,69,54,8,95,96,20,32,84,85,87,19,33,51,76,4,40,55,67,100,3,30,46,60,74,10,48,58,66
[ 48] Received message from   3: 1|0,23,25,1,77,2,22,37,69,54,8,95,96,20,32,84,85,87,19,33,51,76,4,40,55,67,100,3,30,46,60,74,10,48,66
[ 36] Received message from  56: 1|23,25,1,77,2,22,37,69,54,8,95,96,12,5,65,11,61,99,33,51,76,88,9,14,35,73,89,31,56,36,42,43,47,53,97,98
[ 80] Received message from  86: 1|0,23,25,1,39,62,70,86,15,34,49,57,65,80,92,99
[ 43] Received message from  42: 1|0,23,25,1,39,62,70,86,15,34,49,57,65,80,92,99,21,28,36,52,68,73,7,42,63,81,98,35,43,47,50,53,56,97
[ 71] Received message from  59: 1|25,1,77,2,22,37,69,54,8,95,96,12,5,65,11,61,99,33,51,76,88,9,14,35,73,89,31,56,59,13,71,83
[ 68] Received message from  52: 1|0,23,25,1,39,62,70,86,15,34,49,57,65,80,92,99,38,52,7,21,28,36,63,68,81
[ 58] Received message from  10: 1|0,23,25,1,77,2,22,37,69,54,8,95,96,20,32,84,85,87,19,33,51,76,4,40,55,67,100,3,30,46,60,74,10,48,66,58
[  9] Sent Broadcast: 1|0,23,25,1,77,2,22,37,69,54,8,95,96,12,5,65,11,61,99,33,51,76,88,9,14,35,73,89,31,56
[ 33] Sent Broadcast: 1|0,23,25,1,77,2,22,37,69,54,8,95,96,12,5,65,11,61,99,33,51,76,88,4,19,85,89,100
[ 61] Sent Broadcast: 1|0,23,25,1,77,2,22,37,69,54,8,95,96,12,5,65,11,61,99,33,51,76,88
[ 78] Sent Broadcast: 1|0,23,25,1,77,2,22,37,69,54,8,95,96,12,5,65,11,61,99,33,51,76,88,4,19,85,89,100,6,41,67,18,72,78,91,29,79
[ 85] Sent Broadcast: 1|0,23,25,1,77,2,22,37,69,54,8,95,96,20,32,84,85,87,19,33,51,76
[ 14] Received message from  35: 1|0,23,25,1,39,62,70,86,15,34,49,57,65,80,92,99,21,28,36,35,42,52,56,68,73,9,14,31,88,89
[ 60] Received message from  55: 1|0,23,25,1,77,2,22,37,69,54,8,95,96,20,32,84,85,87,19,33,51,76,4,40,55,67,100,3,60,74
[ 79] Received message from  72: 1|0,23,25,1,77,2,22,37,69,54,8,95,96,12,5,65,11,61,99,33,51,76,88,4,19,85,89,100,6,41,67,18,72,78,91,29,64,79
[ 10] Sent Broadcast: 1|0,23,25,1,77,2,22,37,69,54,8,95,96,20,32,84,85,87,19,33,51,76,4,40,55,67,100,3,30,46,60,74,10,48,66,58
[ 58] Received message from  48: 1|0,23,25,1,77,2,22,37,69,54,8,95,96,20,32,84,85,87,19,33,51,76,4,40,55,67,100,3,30,46,60,74,10,48,66,58
[ 62] Received message from  99: 1|0,23,25,1,77,2,22,37,69,54,8,95,96,12,5,65,11,61,99,21,28,34,57,62,86
[ 31] Received message from  89: 1|0,23,25,1,77,2,22,37,69,54,8,95,96,12,5,65,11,61,99,33,51,76,88,85,89,9,14,31,35,41,73,100
[ 14] Received message from 100: 1|0,23,25,1,77,2,22,37,69,54,8,95,96,12,5,65,11,61,99,33,51,76,88,4,19,85,89,100,6,14,41,67
[ 88] Received message from  73: 1|0,23,25,1,39,62,70,86,15,34,49,57,65,80,92,99,21,28,36,52,68,73,9,35,56,88,89
[ 46] Received message from  40: 1|0,23,25,1,77,2,22,37,69,54,8,95,96,20,32,84,85,87,19,33,51,76,4,40,55,67,100,3,30,46,60,74
[100] Received message from  19: 1|0,23,25,1,77,2,22,37,69,54,8,95,96,20,32,84,85,87,19,33,51,76,4,40,55,67,100
[ 55] Received message from  67: 1|0,23,25,1,77,2,22,37,69,54,8,95,96,12,5,65,11,61,99,33,51,76,88,4,19,85,89,100,6,41,67,18,40,55
[ 81] Received message from  52: 1|0,23,25,1,39,62,70,86,15,34,49,57,65,80,92,99,38,52,7,21,28,36,63,68,81
[ 31] Received message from  35: 1|0,23,25,1,39,62,70,86,15,34,49,57,65,80,92,99,21,28,36,35,42,52,56,68,73,9,14,31,88,89
[ 50] Received message from  63: 1|0,23,25,1,39,62,70,86,15,34,49,57,65,80,92,99,38,52,7,21,28,36,63,68,81,42,50,98
[ 56] Received message from  36: 1|0,23,25,1,39,62,70,86,15,34,49,57,65,80,92,99,21,28,36,35,42,52,56,68,73
[ 73] Received message from  88: 1|0,23,25,1,77,2,22,37,69,54,8,95,96,12,5,65,11,61,99,33,51,76,88,9,14,35,73,89
[ 35] Received message from  14: 1|0,23,25,1,77,2,22,37,69,54,8,95,96,12,5,65,11,61,99,33,51,76,88,4,19,85,89,100,6,41,67,14,91,9,31,35
[ 72] Sent Broadcast: 1|0,23,25,1,77,2,22,37,69,54,8,95,96,12,5,65,11,61,99,33,51,76,88,4,19,85,89,100,6,41,67,18,72,78,91,29,64,79
[ 48] Received message from  30: 1|0,23,25,1,77,2,22,37,69,54,8,95,96,20,32,84,85,87,19,33,51,76,4,40,55,67,100,3,30,46,60,74,10,48,58,66
[100] Received message from  76: 1|0,23,25,1,77,2,22,37,69,54,8,95,96,12,5,65,11,61,99,33,51,76,88,4,19,85,89,100
[ 94] Received message from  13: 1|25,1,77,2,22,37,69,54,8,95,96,12,5,65,11,61,99,33,51,76,88,9,14,35,73,89,31,56,59,13,71,83,27,94
[ 78] Received message from  91: 1|0,23,25,1,77,2,22,37,69,54,8,95,96,12,5,65,11,61,99,33,51,76,88,4,19,85,89,100,6,41,67,14,91,18,72,78
[ 83] Received message from  59: 1|25,1,77,2,22,37,69,54,8,95,96,12,5,65,11,61,99,33,51,76,88,9,14,35,73,89,31,56,59,13,71,83
[ 42] Received message from  56: 1|23,25,1,77,2,22,37,69,54,8,95,96,12,5,65,11,61,99,33,51,76,88,9,14,35,73,89,31,56,36,42,43,47,53,97,98
[ 66] Received message from   3: 1|0,23,25,1,77,2,22,37,69,54,8,95,96,20,32,84,85,87,19,33,51,76,4,40,55,67,100,3,30,46,60,74,10,48,66
[ 30] Received message from  60: 1|23,25,1,77,2,22,37,69,54,8,95,96,20,32,84,85,87,19,33,51,76,4,40,55,67,100,3,60,74,30,46,48,66
[ 16] Received message from  43: 1|0,23,25,1,39,62,70,86,15,34,49,57,65,80,92,99,21,28,36,52,68,73,7,42,63,81,98,35,43,47,50,53,56,97,16
[ 92] Received message from  86: 1|0,23,25,1,39,62,70,86,15,34,49,57,65,80,92,99
[ 48] Sent Broadcast: 1|0,23,25,1,77,2,22,37,69,54,8,95,96,20,32,84,85,87,19,33,51,76,4,40,55,67,100,3,30,46,60,74,10,48,66,58
[ 98] Received message from  68: 1|0,23,25,1,39,62,70,86,15,34,49,57,65,80,92,99,21,28,36,52,68,73,7,42,63,81,98
[ 55] Received message from  74: 1|0,23,25,1,77,2,22,37,69,54,8,95,96,12,5,65,11,61,99,33,51,76,88,4,19,85,89,100,6,41,67,18,72,78,91,29,74,40,45,55,60,82,90
[ 47] Received message from  42: 1|0,23,25,1,39,62,70,86,15,34,49,57,65,80,92,99,21,28,36,52,68,73,7,42,63,81,98,35,43,47,50,53,56,97
[ 74] Received message from  55: 1|0,23,25,1,77,2,22,37,69,54,8,95,96,20,32,84,85,87,19,33,51,76,4,40,55,67,100,3,60,74
[ 35] Received message from  89: 1|0,23,25,1,77,2,22,37,69,54,8,95,96,12,5,65,11,61,99,33,51,76,88,85,89,9,14,31,35,41,73,100
[ 19] Sent Broadcast: 1|0,23,25,1,77,2,22,37,69,54,8,95,96,20,32,84,85,87,19,33,51,76,4,40,55,67,100
[ 76] Sent Broadcast: 1|0,23,25,1,77,2,22,37,69,54,8,95,96,12,5,65,11,61,99,33,51,76,88,4,19,85,89,100
[ 67] Sent Broadcast: 1|0,23,25,1,77,2,22,37,69,54,8,95,96,12,5,65,11,61,99,33,51,76,88,4,19,85,89,100,6,41,67,18,40,55
[ 52] Sent Broadcast: 1|0,23,25,1,39,62,70,86,15,34,49,57,65,80,92,99,38,52,7,21,28,36,63,68,81
[ 68] Sent Broadcast: 1|0,23,25,1,39,62,70,86,15,34,49,57,65,80,92,99,21,28,36,52,68,73,7,42,63,81,98
[ 86] Received message from  99: 1|0,23,25,1,77,2,22,37,69,54,8,95,96,12,5,65,11,61,99,21,28,34,57,62,86
[ 16] Received message from  50: 1|0,23,25,1,39,62,70,86,15,34,49,57,65,80,92,99,38,52,7,21,28,36,63,68,81,42,50,98,16,43,47,53,97
[ 10] Received message from  46: 1|0,23,25,1,77,2,22,37,69,54,8,95,96,20,32,84,85,87,19,33,51,76,4,40,55,67,100,3,30,46,60,74,10,48,58,66
[ 94] Received message from  71: 1|25,1,77,2,22,37,69,54,8,95,96,12,5,65,11,61,99,33,51,76,88,9,14,35,73,89,31,56,59,13,71,83,94
[ 14] Sent Broadcast: 1|0,23,25,1,77,2,22,37,69,54,8,95,96,12,5,65,11,61,99,33,51,76,88,4,19,85,89,100,6,41,67,14,91,9,31,35
[ 91] Sent Broadcast: 1|0,23,25,1,77,2,22,37,69,54,8,95,96,12,5,65,11,61,99,33,51,76,88,4,19,85,89,100,6,41,67,14,91,18,72,78
[ 99] Sent Broadcast: 1|0,23,25,1,77,2,22,37,69,54,8,95,96,12,5,65,11,61,99,21,28,34,57,62,86
[ 59] Sent Broadcast: 1|25,1,77,2,22,37,69,54,8,95,96,12,5,65,11,61,99,33,51,76,88,9,14,35,73,89,31,56,59,13,71,83
[ 43] Sent Broadcast: 1|0,23,25,1,39,62,70,86,15,34,49,57,65,80,92,99,21,28,36,52,68,73,7,42,63,81,98,35,43,47,50,53,56,97,16
[  3] Sent Broadcast: 1|0,23,25,1,77,2,22,37,69,54,8,95,96,20,32,84,85,87,19,33,51,76,4,40,55,67,100,3,30,46,60,74,10,48,66
[ 88] Received message from  35: 1|0,23,25,1,39,62,70,86,15,34,49,57,65,80,92,99,21,28,36,35,42,52,56,68,73,9,14,31,88,89
[ 94] Received message from  83: 1|25,1,77,2,22,37,69,54,8,95,96,12,5,65,11,61,99,33,51,76,88,9,14,35,73,89,31,56,59,13,71,83,94
[ 16] Received message from  47: 1|0,23,25,1,39,62,70,86,15,34,49,57,65,80,92,99,21,28,36,52,68,73,7,42,63,81,98,35,43,47,50,53,56,97,16
[ 16] Received message from  98: 1|0,23,25,1,39,62,70,86,15,34,49,57,65,80,92,99,21,28,36,52,68,73,7,42,63,81,98,16,43,47,50,53,56,97
[ 89] Received message from  73: 1|0,23,25,1,39,62,70,86,15,34,49,57,65,80,92,99,21,28,36,52,68,73,9,35,56,88,89
[ 68] Received message from  36: 1|0,23,25,1,39,62,70,86,15,34,49,57,65,80,92,99,21,28,36,35,42,52,56,68,73
[ 98] Received message from  63: 1|0,23,25,1,39,62,70,86,15,34,49,57,65,80,92,99,38,52,7,21,28,36,63,68,81,42,50,98
[ 58] Received message from  30: 1|0,23,25,1,77,2,22,37,69,54,8,95,96,20,32,84,85,87,19,33,51,76,4,40,55,67,100,3,30,46,60,74,10,48,58,66
[ 41] Received message from 100: 1|0,23,25,1,77,2,22,37,69,54,8,95,96,12,5,65,11,61,99,33,51,76,88,4,19,85,89,100,6,14,41,67
[ 13] Sent Broadcast: 1|25,1,77,2,22,37,69,54,8,95,96,12,5,65,11,61,99,33,51,76,88,9,14,35,73,89,31,56,59,13,71,83,27,94
[ 71] Sent Broadcast: 1|25,1,77,2,22,37,69,54,8,95,96,12,5,65,11,61,99,33,51,76,88,9,14,35,73,89,31,56,59,13,71,83,94
[ 55] Sent Broadcast: 1|0,23,25,1,77,2,22,37,69,54,8,95,96,20,32,84,85,87,19,33,51,76,4,40,55,67,100,3,60,74
[ 60] Received message from  40: 1|0,23,25,1,77,2,22,37,69,54,8,95,96,20,32,84,85,87,19,33,51,76,4,40,55,67,100,3,30,46,60,74
[ 41] Received message from  89: 1|0,23,25,1,77,2,22,37,69,54,8,95,96,12,5,65,11,61,99,33,51,76,88,85,89,9,14,31,35,41,73,100
[ 46] Received message from  60: 1|23,25,1,77,2,22,37,69,54,8,95,96,20,32,84,85,87,19,33,51,76,4,40,55,67,100,3,60,74,30,46,48,66
[ 47] Sent Broadcast: 1|0,23,25,1,39,62,70,86,15,34,49,57,65,80,92,99,21,28,36,52,68,73,7,42,63,81,98,35,43,47,50,53,56,97,16
[ 43] Received message from  56: 1|23,25,1,77,2,22,37,69,54,8,95,96,12,5,65,11,61,99,33,51,76,88,9,14,35,73,89,31,56,36,42,43,47,53,97,98
[ 99] Received message from  86: 1|0,23,25,1,39,62,70,86,15,34,49,57,65,80,92,99
[ 60] Received message from  74: 1|0,23,25,1,77,2,22,37,69,54,8,95,96,12,5,65,11,61,99,33,51,76,88,4,19,85,89,100,6,41,67,18,72,78,91,29,74,40,45,55,60,82,90
[ 89] Received message from  88: 1|0,23,25,1,77,2,22,37,69,54,8,95,96,12,5,65,11,61,99,33,51,76,88,9,14,35,73,89
[ 73] Sent Broadcast: 1|0,23,25,1,39,62,70,86,15,34,49,57,65,80,92,99,21,28,36,52,68,73,9,35,56,88,89
[ 63] Sent Broadcast: 1|0,23,25,1,39,62,70,86,15,34,49,57,65,80,92,99,38,52,7,21,28,36,63,68,81,42,50,98
[ 83] Sent Broadcast: 1|25,1,77,2,22,37,69,54,8,95,96,12,5,65,11,61,99,33,51,76,88,9,14,35,73,89,31,56,59,13,71,83,94
[ 86] Sent Broadcast: 1|0,23,25,1,39,62,70,86,15,34,49,57,65,80,92,99
[ 50] Received message from  42: 1|0,23,25,1,39,62,70,86,15,34,49,57,65,80,92,99,21,28,36,52,68,73,7,42,63,81,98,35,43,47,50,53,56,97
[ 43] Received message from  50: 1|0,23,25,1,39,62,70,86,15,34,49,57,65,80,92,99,38,52,7,21,28,36,63,68,81,42,50,98,16,43,47,53,97
[ 48] Received message from  46: 1|0,23,25,1,77,2,22,37,69,54,8,95,96,20,32,84,85,87,19,33,51,76,4,40,55,67,100,3,30,46,60,74,10,48,58,66
[ 88] Sent Broadcast: 1|0,23,25,1,77,2,22,37,69,54,8,95,96,12,5,65,11,61,99,33,51,76,88,9,14,35,73,89
[ 58] Received message from  66: 1|0,23,25,1,77,2,22,37,69,54,8,95,96,20,32,84,85,87,19,33,51,76,4,40,55,67,100,3,30,46,60,74,10,48,66,58
[ 73] Received message from  89: 1|0,23,25,1,77,2,22,37,69,54,8,95,96,12,5,65,11,61,99,33,51,76,88,85,89,9,14,31,35,41,73,100
[ 67] Received message from 100: 1|0,23,25,1,77,2,22,37,69,54,8,95,96,12,5,65,11,61,99,33,51,76,88,4,19,85,89,100,6,14,41,67
[ 66] Sent Broadcast: 1|0,23,25,1,77,2,22,37,69,54,8,95,96,20,32,84,85,87,19,33,51,76,4,40,55,67,100,3,30,46,60,74,10,48,66,58
[ 53] Received message from  42: 1|0,23,25,1,39,62,70,86,15,34,49,57,65,80,92,99,21,28,36,52,68,73,7,42,63,81,98,35,43,47,50,53,56,97
[ 48] Received message from  60: 1|23,25,1,77,2,22,37,69,54,8,95,96,20,32,84,85,87,19,33,51,76,4,40,55,67,100,3,60,74,30,46,48,66
[ 43] Received message from  98: 1|0,23,25,1,39,62,70,86,15,34,49,57,65,80,92,99,21,28,36,52,68,73,7,42,63,81,98,16,43,47,50,53,56,97
[ 82] Received message from  74: 1|0,23,25,1,77,2,22,37,69,54,8,95,96,12,5,65,11,61,99,33,51,76,88,4,19,85,89,100,6,41,67,18,72,78,91,29,74,40,45,55,60,82,90
[ 89] Received message from  35: 1|0,23,25,1,39,62,70,86,15,34,49,57,65,80,92,99,21,28,36,35,42,52,56,68,73,9,14,31,88,89
[100] Sent Broadcast: 1|0,23,25,1,77,2,22,37,69,54,8,95,96,12,5,65,11,61,99,33,51,76,88,4,19,85,89,100,6,14,41,67
[ 74] Received message from  40: 1|0,23,25,1,77,2,22,37,69,54,8,95,96,20,32,84,85,87,19,33,51,76,4,40,55,67,100,3,30,46,60,74
[ 16] Received message from  53: 1|0,23,25,1,39,62,70,86,15,34,49,57,65,80,92,99,21,28,36,52,68,73,7,42,63,81,98,35,43,47,50,53,56,97,16
[ 47] Received message from  56: 1|23,25,1,77,2,22,37,69,54,8,95,96,12,5,65,11,61,99,33,51,76,88,9,14,35,73,89,31,56,36,42,43,47,53,97,98
[ 73] Received message from  36: 1|0,23,25,1,39,62,70,86,15,34,49,57,65,80,92,99,21,28,36,35,42,52,56,68,73
[ 47] Received message from  50: 1|0,23,25,1,39,62,70,86,15,34,49,57,65,80,92,99,38,52,7,21,28,36,63,68,81,42,50,98,16,43,47,53,97
[ 66] Received message from  30: 1|0,23,25,1,77,2,22,37,69,54,8,95,96,20,32,84,85,87,19,33,51,76,4,40,55,67,100,3,30,46,60,74,10,48,58,66
[ 53] Sent Broadcast: 1|0,23,25,1,39,62,70,86,15,34,49,57,65,80,92,99,21,28,36,52,68,73,7,42,63,81,98,35,43,47,50,53,56,97,16
[ 35] Sent Broadcast: 1|0,23,25,1,39,62,70,86,15,34,49,57,65,80,92,99,21,28,36,35,42,52,56,68,73,9,14,31,88,89
[ 40] Sent Broadcast: 1|0,23,25,1,77,2,22,37,69,54,8,95,96,20,32,84,85,87,19,33,51,76,4,40,55,67,100,3,30,46,60,74
[ 58] Received message from  46: 1|0,23,25,1,77,2,22,37,69,54,8,95,96,20,32,84,85,87,19,33,51,76,4,40,55,67,100,3,30,46,60,74,10,48,58,66
[ 36] Sent Broadcast: 1|0,23,25,1,39,62,70,86,15,34,49,57,65,80,92,99,21,28,36,35,42,52,56,68,73
[ 30] Sent Broadcast: 1|0,23,25,1,77,2,22,37,69,54,8,95,96,20,32,84,85,87,19,33,51,76,4,40,55,67,100,3,30,46,60,74,10,48,58,66
[ 66] Received message from  60: 1|23,25,1,77,2,22,37,69,54,8,95,96,20,32,84,85,87,19,33,51,76,4,40,55,67,100,3,60,74,30,46,48,66
[ 60] Sent Broadcast: 1|23,25,1,77,2,22,37,69,54,8,95,96,20,32,84,85,87,19,33,51,76,4,40,55,67,100,3,60,74,30,46,48,66
[ 53] Received message from  50: 1|0,23,25,1,39,62,70,86,15,34,49,57,65,80,92,99,38,52,7,21,28,36,63,68,81,42,50,98,16,43,47,53,97
[ 66] Received message from  46: 1|0,23,25,1,77,2,22,37,69,54,8,95,96,20,32,84,85,87,19,33,51,76,4,40,55,67,100,3,30,46,60,74,10,48,58,66
[ 47] Received message from  98: 1|0,23,25,1,39,62,70,86,15,34,49,57,65,80,92,99,21,28,36,52,68,73,7,42,63,81,98,16,43,47,50,53,56,97
[ 56] Received message from  42: 1|0,23,25,1,39,62,70,86,15,34,49,57,65,80,92,99,21,28,36,52,68,73,7,42,63,81,98,35,43,47,50,53,56,97
[ 46] Sent Broadcast: 1|0,23,25,1,77,2,22,37,69,54,8,95,96,20,32,84,85,87,19,33,51,76,4,40,55,67,100,3,30,46,60,74,10,48,58,66
[100] Received message from  89: 1|0,23,25,1,77,2,22,37,69,54,8,95,96,12,5,65,11,61,99,33,51,76,88,85,89,9,14,31,35,41,73,100
[ 53] Received message from  56: 1|23,25,1,77,2,22,37,69,54,8,95,96,12,5,65,11,61,99,33,51,76,88,9,14,35,73,89,31,56,36,42,43,47,53,97,98
[ 89] Sent Broadcast: 1|0,23,25,1,77,2,22,37,69,54,8,95,96,12,5,65,11,61,99,33,51,76,88,85,89,9,14,31,35,41,73,100
[ 90] Received message from  74: 1|0,23,25,1,77,2,22,37,69,54,8,95,96,12,5,65,11,61,99,33,51,76,88,4,19,85,89,100,6,41,67,18,72,78,91,29,74,40,45,55,60,82,90
[ 74] Sent Broadcast: 1|0,23,25,1,77,2,22,37,69,54,8,95,96,12,5,65,11,61,99,33,51,76,88,4,19,85,89,100,6,41,67,18,72,78,91,29,74,40,45,55,60,82,90
[ 50] Received message from  98: 1|0,23,25,1,39,62,70,86,15,34,49,57,65,80,92,99,21,28,36,52,68,73,7,42,63,81,98,16,43,47,50,53,56,97
[ 53] Received message from  98: 1|0,23,25,1,39,62,70,86,15,34,49,57,65,80,92,99,21,28,36,52,68,73,7,42,63,81,98,16,43,47,50,53,56,97
[ 97] Received message from  50: 1|0,23,25,1,39,62,70,86,15,34,49,57,65,80,92,99,38,52,7,21,28,36,63,68,81,42,50,98,16,43,47,53,97
[ 50] Sent Broadcast: 1|0,23,25,1,39,62,70,86,15,34,49,57,65,80,92,99,38,52,7,21,28,36,63,68,81,42,50,98,16,43,47,53,97
[ 97] Received message from  42: 1|0,23,25,1,39,62,70,86,15,34,49,57,65,80,92,99,21,28,36,52,68,73,7,42,63,81,98,35,43,47,50,53,56,97
[ 42] Sent Broadcast: 1|0,23,25,1,39,62,70,86,15,34,49,57,65,80,92,99,21,28,36,52,68,73,7,42,63,81,98,35,43,47,50,53,56,97
[ 97] Received message from  56: 1|23,25,1,77,2,22,37,69,54,8,95,96,12,5,65,11,61,99,33,51,76,88,9,14,35,73,89,31,56,36,42,43,47,53,97,98
[ 98] Received message from  56: 1|23,25,1,77,2,22,37,69,54,8,95,96,12,5,65,11,61,99,33,51,76,88,9,14,35,73,89,31,56,36,42,43,47,53,97,98
[ 56] Sent Broadcast: 1|23,25,1,77,2,22,37,69,54,8,95,96,12,5,65,11,61,99,33,51,76,88,9,14,35,73,89,31,56,36,42,43,47,53,97,98
[ 56] Received message from  98: 1|0,23,25,1,39,62,70,86,15,34,49,57,65,80,92,99,21,28,36,52,68,73,7,42,63,81,98,16,43,47,50,53,56,97
[ 97] Received message from  98: 1|0,23,25,1,39,62,70,86,15,34,49,57,65,80,92,99,21,28,36,52,68,73,7,42,63,81,98,16,43,47,50,53,56,97
[ 56] Received message from  97: 1|0,23,25,1,39,62,70,86,15,34,49,57,65,80,92,99,38,52,7,21,28,36,63,68,81,42,50,98,16,43,47,53,97,56
[ 98] Sent Broadcast: 1|0,23,25,1,39,62,70,86,15,34,49,57,65,80,92,99,21,28,36,52,68,73,7,42,63,81,98,16,43,47,50,53,56,97
[ 97] Sent Broadcast: 1|0,23,25,1,39,62,70,86,15,34,49,57,65,80,92,99,38,52,7,21,28,36,63,68,81,42,50,98,16,43,47,53,97,56
