[ 22] Received message from   1: 1|0,22,65,93,95
[ 65] Received message from   1: 1|0,22,65,93,95
[ 36] Received message from  22: 1|0,22,65,93,95,1,36,79
[ 79] Received message from  22: 1|0,22,65,93,95,1,36,79
[ 44] Received message from  36: 1|0,22,65,93,95,1,36,79,44,56,70
[ 93] Received message from   1: 1|0,22,65,93,95
[ 22] Sent Broadcast: 1|0,22,65,93,95,1,36,79
[ 56] Received message from  36: 1|0,22,65,93,95,1,36,79,44,56,70
[ 67] Received message from  44: 1|0,22,65,93,95,1,36,79,44,56,70,67
[ 44] Received message from  79: 1|0,22,65,93,95,1,36,79,44,56,70
[ 44] Sent Broadcast: 1|0,22,65,93,95,1,36,79,44,56,70,67
[ 70] Received message from  36: 1|0,22,65,93,95,1,36,79,44,56,70
[ 67] Received message from  56: 1|0,22,65,93,95,1,36,79,44,56,70,67
[ 95] Received message from   1: 1|0,22,65,93,95
[ 56] Sent Broadcast: 1|0,22,65,93,95,1,36,79,44,56,70,67
[ 36] Sent Broadcast: 1|0,22,65,93,95,1,36,79,44,56,70
[ 56] Received message from  79: 1|0,22,65,93,95,1,36,79,44,56,70
[  1] Sent Broadcast: 1|0,22,65,93,95
[ 16] Received message from  67: 1|0,22,65,93,95,1,36,79,44,56,70,67,16,17,47,69,96
[ 17] Received message from  95: 1|0,22,65,93,95,1,17,36,44,70,79
[ 30] Received message from  16: 1|0,22,65,93,95,1,36,79,44,56,70,67,16,17,47,69,96,30,32
[ 70] Received message from  79: 1|0,22,65,93,95,1,36,79,44,56,70
[ 17] Received message from  67: 1|0,22,65,93,95,1,36,79,44,56,70,67,16,17,47,69,96
[ 32] Received message from  16: 1|0,22,65,93,95,1,36,79,44,56,70,67,16,17,47,69,96,30,32
[ 36] Received message from  95: 1|0,22,65,93,95,1,17,36,44,70,79
[ 79] Sent Broadcast: 1|0,22,65,93,95,1,36,79,44,56,70
[ 51] Received message from  30: 1|0,22,65,93,95,1,36,79,44,56,70,67,16,17,47,69,96,30,32,51
[ 16] Received message from  17: 1|0,22,65,93,95,1,17,36,44,70,79,16,30,32,47,67,69,96
[ 16] Sent Broadcast: 1|0,22,65,93,95,1,36,79,44,56,70,67,16,17,47,69,96,30,32
[ 30] Sent Broadcast: 1|0,22,65,93,95,1,36,79,44,56,70,67,16,17,47,69,96,30,32,51
[ 44] Received message from  95: 1|0,22,65,93,95,1,17,36,44,70,79
[ 47] Received message from  67: 1|0,22,65,93,95,1,36,79,44,56,70,67,16,17,47,69,96
[ 30] Received message from  17: 1|0,22,65,93,95,1,17,36,44,70,79,16,30,32,47,67,69,96
[ 11] Received message from  51: 1|0,22,65,93,95,1,36,79,44,56,70,67,16,17,47,69,96,30,32,51,11,18,52,86,100
[ 70] Received message from  95: 1|0,22,65,93,95,1,17,36,44,70,79
[ 69] Received message from  67: 1|0,22,65,93,95,1,36,79,44,56,70,67,16,17,47,69,96
[ 33] Received message from  11: 1|0,22,65,93,95,1,36,79,44,56,70,67,16,17,47,69,96,30,32,51,11,18,52,86,100,33,40,41,55,57,78
[ 18] Received message from  51: 1|0,22,65,93,95,1,36,79,44,56,70,67,16,17,47,69,96,30,32,51,11,18,52,86,100
[ 30] Received message from  47: 1|0,22,65,93,95,1,36,79,44,56,70,67,16,17,47,69,96,30,32
[ 32] Received message from  17: 1|0,22,65,93,95,1,17,36,44,70,79,16,30,32,47,67,69,96
[ 79] Received message from  95: 1|0,22,65,93,95,1,17,36,44,70,79
[ 96] Received message from  67: 1|0,22,65,93,95,1,36,79,44,56,70,67,16,17,47,69,96
[ 47] Received message from  17: 1|0,22,65,93,95,1,17,36,44,70,79,16,30,32,47,67,69,96
[ 95] Sent Broadcast: 1|0,22,65,93,95,1,17,36,44,70,79
[ 30] Received message from  69: 1|0,22,65,93,95,1,36,79,44,56,70,67,16,17,47,69,96,30,32
[ 32] Received message from  47: 1|0,22,65,93,95,1,36,79,44,56,70,67,16,17,47,69,96,30,32
[ 52] Received message from  51: 1|0,22,65,93,95,1,36,79,44,56,70,67,16,17,47,69,96,30,32,51,11,18,52,86,100
[ 67] Sent Broadcast: 1|0,22,65,93,95,1,36,79,44,56,70,67,16,17,47,69,96
[ 14] Received message from  18: 1|0,22,65,93,95,1,36,79,44,56,70,67,16,17,47,69,96,30,32,51,11,18,52,86,100,14,33,40,55,57,78
[ 40] Received message from  11: 1|0,22,65,93,95,1,36,79,44,56,70,67,16,17,47,69,96,30,32,51,11,18,52,86,100,33,40,41,55,57,78
[ 23] Received message from  33: 1|0,22,65,93,95,1,36,79,44,56,70,67,16,17,47,69,96,30,32,51,11,18,52,86,100,33,40,41,55,57,78,23,34,85,94
[ 47] Sent Broadcast: 1|0,22,65,93,95,1,36,79,44,56,70,67,16,17,47,69,96,30,32
[ 30] Received message from  96: 1|0,22,65,93,95,1,36,79,44,56,70,67,16,17,47,69,96,30,32
[ 67] Received message from  17: 1|0,22,65,93,95,1,17,36,44,70,79,16,30,32,47,67,69,96
[ 86] Received message from  51: 1|0,22,65,93,95,1,36,79,44,56,70,67,16,17,47,69,96,30,32,51,11,18,52,86,100
[ 33] Received message from  18: 1|0,22,65,93,95,1,36,79,44,56,70,67,16,17,47,69,96,30,32,51,11,18,52,86,100,14,33,40,55,57,78
[ 20] Received message from  14: 1|0,22,65,93,95,1,36,79,44,56,70,67,16,17,47,69,96,30,32,51,11,18,52,86,100,14,33,40,55,57,78,20,28
[ 32] Received message from  69: 1|0,22,65,93,95,1,36,79,44,56,70,67,16,17,47,69,96,30,32
[ 33] Received message from  52: 1|0,22,65,93,95,1,36,79,44,56,70,67,16,17,47,69,96,30,32,51,11,18,52,86,100,33,40,41,55,57,78
[ 69] Sent Broadcast: 1|0,22,65,93,95,1,36,79,44,56,70,67,16,17,47,69,96,30,32
[ 41] Received message from  11: 1|0,22,65,93,95,1,36,79,44,56,70,67,16,17,47,69,96,30,32,51,11,18,52,86,100,33,40,41,55,57,78
[  3] Received message from  23: 1|0,22,65,93,95,1,36,79,44,56,70,67,16,17,47,69,96,30,32,51,11,18,52,86,100,33,40,41,55,57,78,23,34,85,94,3,4,6,31,91
[ 69] Received message from  17: 1|0,22,65,93,95,1,17,36,44,70,79,16,30,32,47,67,69,96
[ 40] Received message from  18: 1|0,22,65,93,95,1,36,79,44,56,70,67,16,17,47,69,96,30,32,51,11,18,52,86,100,14,33,40,55,57,78
[100] Received message from  51: 1|0,22,65,93,95,1,36,79,44,56,70,67,16,17,47,69,96,30,32,51,11,18,52,86,100
[ 41] Received message from  86: 1|0,22,65,93,95,1,36,79,44,56,70,67,16,17,47,69,96,30,32,51,11,18,52,86,100,41,78,82
[ 28] Received message from  14: 1|0,22,65,93,95,1,36,79,44,56,70,67,16,17,47,69,96,30,32,51,11,18,52,86,100,14,33,40,55,57,78,20,28
[ 32] Received message from  96: 1|0,22,65,93,95,1,36,79,44,56,70,67,16,17,47,69,96,30,32
[ 55] Received message from  11: 1|0,22,65,93,95,1,36,79,44,56,70,67,16,17,47,69,96,30,32,51,11,18,52,86,100,33,40,41,55,57,78
[ 34] Received message from  33: 1|0,22,65,93,95,1,36,79,44,56,70,67,16,17,47,69,96,30,32,51,11,18,52,86,100,33,40,41,55,57,78,23,34,85,94
[ 14] Received message from  40: 1|0,22,65,93,95,1,36,79,44,56,70,67,16,17,47,69,96,30,32,51,11,18,52,86,100,33,40,41,55,57,78,14,20,28,94
[ 51] Sent Broadcast: 1|0,22,65,93,95,1,36,79,44,56,70,67,16,17,47,69,96,30,32,51,11,18,52,86,100
[  7] Received message from  41: 1|0,22,65,93,95,1,36,79,44,56,70,67,16,17,47,69,96,30,32,51,11,18,52,86,100,33,40,41,55,57,78,7,13,38,50,59,82,85,90,92
[ 96] Sent Broadcast: 1|0,22,65,93,95,1,36,79,44,56,70,67,16,17,47,69,96,30,32
[ 14] Sent Broadcast: 1|0,22,65,93,95,1,36,79,44,56,70,67,16,17,47,69,96,30,32,51,11,18,52,86,100,14,33,40,55,57,78,20,28
[ 12] Received message from  20: 1|0,22,65,93,95,1,36,79,44,56,70,67,16,17,47,69,96,30,32,51,11,18,52,86,100,14,33,40,55,57,78,20,28,12,68
[  4] Received message from  23: 1|0,22,65,93,95,1,36,79,44,56,70,67,16,17,47,69,96,30,32,51,11,18,52,86,100,33,40,41,55,57,78,23,34,85,94,3,4,6,31,91
[ 40] Received message from  52: 1|0,22,65,93,95,1,36,79,44,56,70,67,16,17,47,69,96,30,32,51,11,18,52,86,100,33,40,41,55,57,78
[ 64] Received message from   3: 1|0,22,65,93,95,1,36,79,44,56,70,67,16,17,47,69,96,30,32,51,11,18,52,86,100,33,40,41,55,57,78,23,34,85,94,3,4,6,31,91,64,66,92
[ 96] Received message from  17: 1|0,22,65,93,95,1,17,36,44,70,79,16,30,32,47,67,69,96
[ 78] Received message from  86: 1|0,22,65,93,95,1,36,79,44,56,70,67,16,17,47,69,96,30,32,51,11,18,52,86,100,41,78,82
[ 57] Received message from  11: 1|0,22,65,93,95,1,36,79,44,56,70,67,16,17,47,69,96,30,32,51,11,18,52,86,100,33,40,41,55,57,78
[ 85] Received message from  33: 1|0,22,65,93,95,1,36,79,44,56,70,67,16,17,47,69,96,30,32,51,11,18,52,86,100,33,40,41,55,57,78,23,34,85,94
[  3] Received message from  34: 1|0,22,65,93,95,1,36,79,44,56,70,67,16,17,47,69,96,30,32,51,11,18,52,86,100,33,40,41,55,57,78,23,34,85,94,3,6,31,91,92
[ 33] Received message from 100: 1|0,22,65,93,95,1,36,79,44,56,70,67,16,17,47,69,96,30,32,51,11,18,52,86,100,33,40,41,55,78,85
[ 14] Received message from  55: 1|0,22,65,93,95,1,36,79,44,56,70,67,16,17,47,69,96,30,32,51,11,18,52,86,100,33,40,41,55,57,78,14,20,28,94
[ 55] Received message from  18: 1|0,22,65,93,95,1,36,79,44,56,70,67,16,17,47,69,96,30,32,51,11,18,52,86,100,14,33,40,55,57,78
[ 66] Received message from   3: 1|0,22,65,93,95,1,36,79,44,56,70,67,16,17,47,69,96,30,32,51,11,18,52,86,100,33,40,41,55,57,78,23,34,85,94,3,4,6,31,91,64,66,92
[ 17] Sent Broadcast: 1|0,22,65,93,95,1,17,36,44,70,79,16,30,32,47,67,69,96
[ 12] Received message from  28: 1|0,22,65,93,95,1,36,79,44,56,70,67,16,17,47,69,96,30,32,51,11,18,52,86,100,14,33,40,55,57,78,20,28,12,68,94
[ 48] Received message from  12: 1|0,22,65,93,95,1,36,79,44,56,70,67,16,17,47,69,96,30,32,51,11,18,52,86,100,14,33,40,55,57,78,20,28,12,68,48,94
[ 45] Received message from   4: 1|0,22,65,93,95,1,36,79,44,56,70,67,16,17,47,69,96,30,32,51,11,18,52,86,100,33,40,41,55,57,78,23,34,85,94,3,4,6,31,91,45,74
[ 19] Received message from  64: 1|0,22,65,93,95,1,36,79,44,56,70,67,16,17,47,69,96,30,32,51,11,18,52,86,100,33,40,41,55,57,78,23,34,85,94,3,4,6,31,91,64,66,92,19,60,75
[ 20] Received message from  40: 1|0,22,65,93,95,1,36,79,44,56,70,67,16,17,47,69,96,30,32,51,11,18,52,86,100,33,40,41,55,57,78,14,20,28,94
[ 49] Received message from   7: 1|0,22,65,93,95,1,36,79,44,56,70,67,16,17,47,69,96,30,32,51,11,18,52,86,100,33,40,41,55,57,78,7,13,38,50,59,82,85,90,92,49,80
[ 78] Received message from  11: 1|0,22,65,93,95,1,36,79,44,56,70,67,16,17,47,69,96,30,32,51,11,18,52,86,100,33,40,41,55,57,78
[ 82] Received message from  86: 1|0,22,65,93,95,1,36,79,44,56,70,67,16,17,47,69,96,30,32,51,11,18,52,86,100,41,78,82
[ 13] Received message from  41: 1|0,22,65,93,95,1,36,79,44,56,70,67,16,17,47,69,96,30,32,51,11,18,52,86,100,33,40,41,55,57,78,7,13,38,50,59,82,85,90,92
[ 14] Received message from  57: 1|0,22,65,93,95,1,36,79,44,56,70,67,16,17,47,69,96,30,32,51,11,18,52,86,100,33,40,41,55,57,78,14,20,28,94
[ 11] Sent Broadcast: 1|0,22,65,93,95,1,36,79,44,56,70,67,16,17,47,69,96,30,32,51,11,18,52,86,100,33,40,41,55,57,78
[ 20] Received message from  55: 1|0,22,65,93,95,1,36,79,44,56,70,67,16,17,47,69,96,30,32,51,11,18,52,86,100,33,40,41,55,57,78,14,20,28,94
[  6] Received message from  23: 1|0,22,65,93,95,1,36,79,44,56,70,67,16,17,47,69,96,30,32,51,11,18,52,86,100,33,40,41,55,57,78,23,34,85,94,3,4,6,31,91
[ 41] Received message from  52: 1|0,22,65,93,95,1,36,79,44,56,70,67,16,17,47,69,96,30,32,51,11,18,52,86,100,33,40,41,55,57,78
[ 92] Received message from   3: 1|0,22,65,93,95,1,36,79,44,56,70,67,16,17,47,69,96,30,32,51,11,18,52,86,100,33,40,41,55,57,78,23,34,85,94,3,4,6,31,91,64,66,92
[  3] Received message from  85: 1|0,22,65,93,95,1,36,79,44,56,70,67,16,17,47,69,96,30,32,51,11,18,52,86,100,33,40,41,55,57,78,23,34,85,94,3,6,92
[ 88] Received message from  48: 1|0,22,65,93,95,1,36,79,44,56,70,67,16,17,47,69,96,30,32,51,11,18,52,86,100,14,33,40,55,57,78,20,28,12,68,48,94,88
[ 68] Received message from  20: 1|0,22,65,93,95,1,36,79,44,56,70,67,16,17,47,69,96,30,32,51,11,18,52,86,100,14,33,40,55,57,78,20,28,12,68
[ 19] Received message from  66: 1|0,22,65,93,95,1,36,79,44,56,70,67,16,17,47,69,96,30,32,51,11,18,52,86,100,33,40,41,55,57,78,23,34,85,94,3,4,6,31,91,64,66,92,19,25,60,75
[  7] Received message from  78: 1|0,22,65,93,95,1,36,79,44,56,70,67,16,17,47,69,96,30,32,51,11,18,52,86,100,41,78,82,7,13,50,59,85,90,92
[ 60] Received message from  64: 1|0,22,65,93,95,1,36,79,44,56,70,67,16,17,47,69,96,30,32,51,11,18,52,86,100,33,40,41,55,57,78,23,34,85,94,3,4,6,31,91,64,66,92,19,60,75
[ 40] Received message from 100: 1|0,22,65,93,95,1,36,79,44,56,70,67,16,17,47,69,96,30,32,51,11,18,52,86,100,33,40,41,55,78,85
[ 74] Received message from   4: 1|0,22,65,93,95,1,36,79,44,56,70,67,16,17,47,69,96,30,32,51,11,18,52,86,100,33,40,41,55,57,78,23,34,85,94,3,4,6,31,91,45,74
[ 86] Sent Broadcast: 1|0,22,65,93,95,1,36,79,44,56,70,67,16,17,47,69,96,30,32,51,11,18,52,86,100,41,78,82
[ 28] Received message from  40: 1|0,22,65,93,95,1,36,79,44,56,70,67,16,17,47,69,96,30,32,51,11,18,52,86,100,33,40,41,55,57,78,14,20,28,94
[ 80] Received message from   7: 1|0,22,65,93,95,1,36,79,44,56,70,67,16,17,47,69,96,30,32,51,11,18,52,86,100,33,40,41,55,57,78,7,13,38,50,59,82,85,90,92,49,80
[  6] Received message from  34: 1|0,22,65,93,95,1,36,79,44,56,70,67,16,17,47,69,96,30,32,51,11,18,52,86,100,33,40,41,55,57,78,23,34,85,94,3,6,31,91,92
[ 57] Received message from  18: 1|0,22,65,93,95,1,36,79,44,56,70,67,16,17,47,69,96,30,32,51,11,18,52,86,100,14,33,40,55,57,78
[ 88] Received message from  45: 1|0,22,65,93,95,1,36,79,44,56,70,67,16,17,47,69,96,30,32,51,11,18,52,86,100,33,40,41,55,57,78,23,34,85,94,3,4,6,31,91,45,74,88
[ 94] Received message from  33: 1|0,22,65,93,95,1,36,79,44,56,70,67,16,17,47,69,96,30,32,51,11,18,52,86,100,33,40,41,55,57,78,23,34,85,94
[ 20] Received message from  57: 1|0,22,65,93,95,1,36,79,44,56,70,67,16,17,47,69,96,30,32,51,11,18,52,86,100,33,40,41,55,57,78,14,20,28,94
[  3] Sent Broadcast: 1|0,22,65,93,95,1,36,79,44,56,70,67,16,17,47,69,96,30,32,51,11,18,52,86,100,33,40,41,55,57,78,23,34,85,94,3,4,6,31,91,64,66,92
[ 28] Received message from  55: 1|0,22,65,93,95,1,36,79,44,56,70,67,16,17,47,69,96,30,32,51,11,18,52,86,100,33,40,41,55,57,78,14,20,28,94
[ 48] Sent Broadcast: 1|0,22,65,93,95,1,36,79,44,56,70,67,16,17,47,69,96,30,32,51,11,18,52,86,100,14,33,40,55,57,78,20,28,12,68,48,94,88
[ 45] Sent Broadcast: 1|0,22,65,93,95,1,36,79,44,56,70,67,16,17,47,69,96,30,32,51,11,18,52,86,100,33,40,41,55,57,78,23,34,85,94,3,4,6,31,91,45,74,88
[ 26] Received message from  19: 1|0,22,65,93,95,1,36,79,44,56,70,67,16,17,47,69,96,30,32,51,11,18,52,86,100,33,40,41,55,57,78,23,34,85,94,3,4,6,31,91,64,66,92,19,60,75,26,35,43,61,84
[ 20] Sent Broadcast: 1|0,22,65,93,95,1,36,79,44,56,70,67,16,17,47,69,96,30,32,51,11,18,52,86,100,14,33,40,55,57,78,20,28,12,68
[ 38] Received message from  41: 1|0,22,65,93,95,1,36,79,44,56,70,67,16,17,47,69,96,30,32,51,11,18,52,86,100,33,40,41,55,57,78,7,13,38,50,59,82,85,90,92
[ 55] Received message from  52: 1|0,22,65,93,95,1,36,79,44,56,70,67,16,17,47,69,96,30,32,51,11,18,52,86,100,33,40,41,55,57,78
[ 94] Received message from  12: 1|0,22,65,93,95,1,36,79,44,56,70,67,16,17,47,69,96,30,32,51,11,18,52,86,100,14,33,40,55,57,78,20,28,12,68,48,94
[ 41] Received message from 100: 1|0,22,65,93,95,1,36,79,44,56,70,67,16,17,47,69,96,30,32,51,11,18,52,86,100,33,40,41,55,78,85
[  7] Sent Broadcast: 1|0,22,65,93,95,1,36,79,44,56,70,67,16,17,47,69,96,30,32,51,11,18,52,86,100,33,40,41,55,57,78,7,13,38,50,59,82,85,90,92,49,80
[ 31] Received message from  23: 1|0,22,65,93,95,1,36,79,44,56,70,67,16,17,47,69,96,30,32,51,11,18,52,86,100,33,40,41,55,57,78,23,34,85,94,3,4,6,31,91
[  2] Received message from  49: 1|0,22,65,93,95,1,36,79,44,56,70,67,16,17,47,69,96,30,32,51,11,18,52,86,100,33,40,41,55,57,78,7,13,38,50,59,82,85,90,92,49,80,2,15,27,29,37,39,42,62,71,76
[  4] Sent Broadcast: 1|0,22,65,93,95,1,36,79,44,56,70,67,16,17,47,69,96,30,32,51,11,18,52,86,100,33,40,41,55,57,78,23,34,85,94,3,4,6,31,91,45,74
[  7] Received message from  82: 1|0,22,65,93,95,1,36,79,44,56,70,67,16,17,47,69,96,30,32,51,11,18,52,86,100,41,78,82,7,13,38,50,59,80,90
[ 68] Received message from  28: 1|0,22,65,93,95,1,36,79,44,56,70,67,16,17,47,69,96,30,32,51,11,18,52,86,100,14,33,40,55,57,78,20,28,12,68,94
[ 37] Received message from  13: 1|0,22,65,93,95,1,36,79,44,56,70,67,16,17,47,69,96,30,32,51,11,18,52,86,100,33,40,41,55,57,78,7,13,38,50,59,82,85,90,92,37,49,63,80
[ 45] Received message from  88: 1|0,22,65,93,95,1,36,79,44,56,70,67,16,17,47,69,96,30,32,51,11,18,52,86,100,14,33,40,55,57,78,20,28,12,68,48,94,88,45,74
[ 78] Received message from  18: 1|0,22,65,93,95,1,36,79,44,56,70,67,16,17,47,69,96,30,32,51,11,18,52,86,100,14,33,40,55,57,78
[ 66] Received message from   6: 1|0,22,65,93,95,1,36,79,44,56,70,67,16,17,47,69,96,30,32,51,11,18,52,86,100,33,40,41,55,57,78,23,34,85,94,3,4,6,31,91,66,92
[ 48] Received message from  68: 1|0,22,65,93,95,1,36,79,44,56,70,67,16,17,47,69,96,30,32,51,11,18,52,86,100,14,33,40,55,57,78,20,28,12,68,48,88,94
[ 18] Sent Broadcast: 1|0,22,65,93,95,1,36,79,44,56,70,67,16,17,47,69,96,30,32,51,11,18,52,86,100,14,33,40,55,57,78
[ 63] Received message from  80: 1|0,22,65,93,95,1,36,79,44,56,70,67,16,17,47,69,96,30,32,51,11,18,52,86,100,33,40,41,55,57,78,7,13,38,50,59,82,85,90,92,49,80,63
[ 33] Sent Broadcast: 1|0,22,65,93,95,1,36,79,44,56,70,67,16,17,47,69,96,30,32,51,11,18,52,86,100,33,40,41,55,57,78,23,34,85,94
[  7] Received message from  92: 1|0,22,65,93,95,1,36,79,44,56,70,67,16,17,47,69,96,30,32,51,11,18,52,86,100,33,40,41,55,57,78,23,34,85,94,3,4,6,31,91,64,66,92,7,42,50,59,60,90
[ 28] Received message from  57: 1|0,22,65,93,95,1,36,79,44,56,70,67,16,17,47,69,96,30,32,51,11,18,52,86,100,33,40,41,55,57,78,14,20,28,94
[ 25] Received message from  66: 1|0,22,65,93,95,1,36,79,44,56,70,67,16,17,47,69,96,30,32,51,11,18,52,86,100,33,40,41,55,57,78,23,34,85,94,3,4,6,31,91,64,66,92,19,25,60,75
[  6] Received message from  85: 1|0,22,65,93,95,1,36,79,44,56,70,67,16,17,47,69,96,30,32,51,11,18,52,86,100,33,40,41,55,57,78,23,34,85,94,3,6,92
[ 39] Received message from  60: 1|0,22,65,93,95,1,36,79,44,56,70,67,16,17,47,69,96,30,32,51,11,18,52,86,100,33,40,41,55,57,78,23,34,85,94,3,4,6,31,91,64,66,92,19,60,75,39,42,43,61
[ 12] Sent Broadcast: 1|0,22,65,93,95,1,36,79,44,56,70,67,16,17,47,69,96,30,32,51,11,18,52,86,100,14,33,40,55,57,78,20,28,12,68,48,94
[ 12] Received message from  94: 1|0,22,65,93,95,1,36,79,44,56,70,67,16,17,47,69,96,30,32,51,11,18,52,86,100,33,40,41,55,57,78,23,34,85,94,12,28,68,74
[  9] Received message from  26: 1|0,22,65,93,95,1,36,79,44,56,70,67,16,17,47,69,96,30,32,51,11,18,52,86,100,33,40,41,55,57,78,23,34,85,94,3,4,6,31,91,64,66,92,19,60,75,26,35,43,61,84,9,39,54,73
[ 35] Received message from  19: 1|0,22,65,93,95,1,36,79,44,56,70,67,16,17,47,69,96,30,32,51,11,18,52,86,100,33,40,41,55,57,78,23,34,85,94,3,4,6,31,91,64,66,92,19,60,75,26,35,43,61,84
[ 94] Received message from  40: 1|0,22,65,93,95,1,36,79,44,56,70,67,16,17,47,69,96,30,32,51,11,18,52,86,100,33,40,41,55,57,78,14,20,28,94
[ 88] Received message from  74: 1|0,22,65,93,95,1,36,79,44,56,70,67,16,17,47,69,96,30,32,51,11,18,52,86,100,33,40,41,55,57,78,23,34,85,94,3,4,6,31,91,45,74,88
[ 13] Received message from  78: 1|0,22,65,93,95,1,36,79,44,56,70,67,16,17,47,69,96,30,32,51,11,18,52,86,100,41,78,82,7,13,50,59,85,90,92
[ 25] Received message from  31: 1|0,22,65,93,95,1,36,79,44,56,70,67,16,17,47,69,96,30,32,51,11,18,52,86,100,33,40,41,55,57,78,23,34,85,94,3,4,6,31,91,25,64,66
[  8] Received message from   2: 1|0,22,65,93,95,1,36,79,44,56,70,67,16,17,47,69,96,30,32,51,11,18,52,86,100,33,40,41,55,57,78,7,13,38,50,59,82,85,90,92,49,80,2,15,27,29,37,39,42,62,71,76,8,10,24,53,63,72,77,81,83
[ 37] Received message from  38: 1|0,22,65,93,95,1,36,79,44,56,70,67,16,17,47,69,96,30,32,51,11,18,52,86,100,33,40,41,55,57,78,7,13,38,50,59,82,85,90,92,37,49,63,80
[ 91] Received message from  23: 1|0,22,65,93,95,1,36,79,44,56,70,67,16,17,47,69,96,30,32,51,11,18,52,86,100,33,40,41,55,57,78,23,34,85,94,3,4,6,31,91
[ 15] Received message from  49: 1|0,22,65,93,95,1,36,79,44,56,70,67,16,17,47,69,96,30,32,51,11,18,52,86,100,33,40,41,55,57,78,7,13,38,50,59,82,85,90,92,49,80,2,15,27,29,37,39,42,62,71,76
[ 75] Received message from  64: 1|0,22,65,93,95,1,36,79,44,56,70,67,16,17,47,69,96,30,32,51,11,18,52,86,100,33,40,41,55,57,78,23,34,85,94,3,4,6,31,91,64,66,92,19,60,75
[ 94] Received message from  55: 1|0,22,65,93,95,1,36,79,44,56,70,67,16,17,47,69,96,30,32,51,11,18,52,86,100,33,40,41,55,57,78,14,20,28,94
[ 50] Received message from  41: 1|0,22,65,93,95,1,36,79,44,56,70,67,16,17,47,69,96,30,32,51,11,18,52,86,100,33,40,41,55,57,78,7,13,38,50,59,82,85,90,92
[ 13] Received message from  82: 1|0,22,65,93,95,1,36,79,44,56,70,67,16,17,47,69,96,30,32,51,11,18,52,86,100,41,78,82,7,13,38,50,59,80,90
[ 49] Received message from  13: 1|0,22,65,93,95,1,36,79,44,56,70,67,16,17,47,69,96,30,32,51,11,18,52,86,100,33,40,41,55,57,78,7,13,38,50,59,82,85,90,92,37,49,63,80
[  2] Received message from  37: 1|0,22,65,93,95,1,36,79,44,56,70,67,16,17,47,69,96,30,32,51,11,18,52,86,100,33,40,41,55,57,78,7,13,38,50,59,82,85,90,92,37,49,63,80,2,8,15,24,27,29,53,62,71,72,77
[  9] Received message from  35: 1|0,22,65,93,95,1,36,79,44,56,70,67,16,17,47,69,96,30,32,51,11,18,52,86,100,33,40,41,55,57,78,23,34,85,94,3,4,6,31,91,64,66,92,19,60,75,26,35,43,61,84,9,39,54,73
[ 31] Received message from  34: 1|0,22,65,93,95,1,36,79,44,56,70,67,16,17,47,69,96,30,32,51,11,18,52,86,100,33,40,41,55,57,78,23,34,85,94,3,6,31,91,92
[ 94] Received message from  57: 1|0,22,65,93,95,1,36,79,44,56,70,67,16,17,47,69,96,30,32,51,11,18,52,86,100,33,40,41,55,57,78,14,20,28,94
[ 43] Received message from  19: 1|0,22,65,93,95,1,36,79,44,56,70,67,16,17,47,69,96,30,32,51,11,18,52,86,100,33,40,41,55,57,78,23,34,85,94,3,4,6,31,91,64,66,92,19,60,75,26,35,43,61,84
[ 57] Received message from  52: 1|0,22,65,93,95,1,36,79,44,56,70,67,16,17,47,69,96,30,32,51,11,18,52,86,100,33,40,41,55,57,78
[ 80] Sent Broadcast: 1|0,22,65,93,95,1,36,79,44,56,70,67,16,17,47,69,96,30,32,51,11,18,52,86,100,33,40,41,55,57,78,7,13,38,50,59,82,85,90,92,49,80,63
[ 55] Received message from 100: 1|0,22,65,93,95,1,36,79,44,56,70,67,16,17,47,69,96,30,32,51,11,18,52,86,100,33,40,41,55,78,85
[  5] Received message from   9: 1|0,22,65,93,95,1,36,79,44,56,70,67,16,17,47,69,96,30,32,51,11,18,52,86,100,33,40,41,55,57,78,23,34,85,94,3,4,6,31,91,64,66,92,19,60,75,26,35,43,61,84,9,39,54,73,5
[ 92] Received message from   6: 1|0,22,65,93,95,1,36,79,44,56,70,67,16,17,47,69,96,30,32,51,11,18,52,86,100,33,40,41,55,57,78,23,34,85,94,3,4,6,31,91,66,92
[ 49] Received message from  38: 1|0,22,65,93,95,1,36,79,44,56,70,67,16,17,47,69,96,30,32,51,11,18,52,86,100,33,40,41,55,57,78,7,13,38,50,59,82,85,90,92,37,49,63,80
[  2] Received message from  63: 1|0,22,65,93,95,1,36,79,44,56,70,67,16,17,47,69,96,30,32,51,11,18,52,86,100,33,40,41,55,57,78,7,13,38,50,59,82,85,90,92,49,80,63,2,8,15,27,37,72,77,81,89
[ 80] Received message from  50: 1|0,22,65,93,95,1,36,79,44,56,70,67,16,17,47,69,96,30,32,51,11,18,52,86,100,33,40,41,55,57,78,7,13,38,50,59,82,85,90,92,80
[ 27] Received message from  49: 1|0,22,65,93,95,1,36,79,44,56,70,67,16,17,47,69,96,30,32,51,11,18,52,86,100,33,40,41,55,57,78,7,13,38,50,59,82,85,90,92,49,80,2,15,27,29,37,39,42,62,71,76
[ 40] Sent Broadcast: 1|0,22,65,93,95,1,36,79,44,56,70,67,16,17,47,69,96,30,32,51,11,18,52,86,100,33,40,41,55,57,78,14,20,28,94
[ 55] Sent Broadcast: 1|0,22,65,93,95,1,36,79,44,56,70,67,16,17,47,69,96,30,32,51,11,18,52,86,100,33,40,41,55,57,78,14,20,28,94
[ 74] Sent Broadcast: 1|0,22,65,93,95,1,36,79,44,56,70,67,16,17,47,69,96,30,32,51,11,18,52,86,100,33,40,41,55,57,78,23,34,85,94,3,4,6,31,91,45,74,88
[ 23] Sent Broadcast: 1|0,22,65,93,95,1,36,79,44,56,70,67,16,17,47,69,96,30,32,51,11,18,52,86,100,33,40,41,55,57,78,23,34,85,94,3,4,6,31,91
[ 57] Sent Broadcast: 1|0,22,65,93,95,1,36,79,44,56,70,67,16,17,47,69,96,30,32,51,11,18,52,86,100,33,40,41,55,57,78,14,20,28,94
[ 74] Received message from  88: 1|0,22,65,93,95,1,36,79,44,56,70,67,16,17,47,69,96,30,32,51,11,18,52,86,100,14,33,40,55,57,78,20,28,12,68,48,94,88,45,74
[ 64] Sent Broadcast: 1|0,22,65,93,95,1,36,79,44,56,70,67,16,17,47,69,96,30,32,51,11,18,52,86,100,33,40,41,55,57,78,23,34,85,94,3,4,6,31,91,64,66,92,19,60,75
[ 58] Received message from   8: 1|0,22,65,93,95,1,36,79,44,56,70,67,16,17,47,69,96,30,32,51,11,18,52,86,100,33,40,41,55,57,78,7,13,38,50,59,82,85,90,92,49,80,2,15,27,29,37,39,42,62,71,76,8,10,24,53,63,72,77,81,83,58,89,98
[ 26] Received message from  39: 1|0,22,65,93,95,1,36,79,44,56,70,67,16,17,47,69,96,30,32,51,11,18,52,86,100,33,40,41,55,57,78,23,34,85,94,3,4,6,31,91,64,66,92,19,60,75,39,42,43,61,26,29,35,46,49,62,73,76,84,97
[ 88] Sent Broadcast: 1|0,22,65,93,95,1,36,79,44,56,70,67,16,17,47,69,96,30,32,51,11,18,52,86,100,14,33,40,55,57,78,20,28,12,68,48,94,88,45,74
[  9] Sent Broadcast: 1|0,22,65,93,95,1,36,79,44,56,70,67,16,17,47,69,96,30,32,51,11,18,52,86,100,33,40,41,55,57,78,23,34,85,94,3,4,6,31,91,64,66,92,19,60,75,26,35,43,61,84,9,39,54,73,5
[  6] Sent Broadcast: 1|0,22,65,93,95,1,36,79,44,56,70,67,16,17,47,69,96,30,32,51,11,18,52,86,100,33,40,41,55,57,78,23,34,85,94,3,4,6,31,91,66,92
[ 46] Received message from   5: 1|0,22,65,93,95,1,36,79,44,56,70,67,16,17,47,69,96,30,32,51,11,18,52,86,100,33,40,41,55,57,78,23,34,85,94,3,4,6,31,91,64,66,92,19,60,75,26,35,43,61,84,9,39,54,73,5,46,97
[ 39] Received message from  26: 1|0,22,65,93,95,1,36,79,44,56,70,67,16,17,47,69,96,30,32,51,11,18,52,86,100,33,40,41,55,57,78,23,34,85,94,3,4,6,31,91,64,66,92,19,60,75,26,35,43,61,84,9,39,54,73
[ 50] Sent Broadcast: 1|0,22,65,93,95,1,36,79,44,56,70,67,16,17,47,69,96,30,32,51,11,18,52,86,100,33,40,41,55,57,78,7,13,38,50,59,82,85,90,92,80
[ 88] Received message from  68: 1|0,22,65,93,95,1,36,79,44,56,70,67,16,17,47,69,96,30,32,51,11,18,52,86,100,14,33,40,55,57,78,20,28,12,68,48,88,94
[  8] Received message from  15: 1|0,22,65,93,95,1,36,79,44,56,70,67,16,17,47,69,96,30,32,51,11,18,52,86,100,33,40,41,55,57,78,7,13,38,50,59,82,85,90,92,49,80,2,15,27,29,37,39,42,62,71,76,8,10,24,46,53,63,77
[ 64] Received message from  31: 1|0,22,65,93,95,1,36,79,44,56,70,67,16,17,47,69,96,30,32,51,11,18,52,86,100,33,40,41,55,57,78,23,34,85,94,3,4,6,31,91,25,64,66
[ 61] Received message from  19: 1|0,22,65,93,95,1,36,79,44,56,70,67,16,17,47,69,96,30,32,51,11,18,52,86,100,33,40,41,55,57,78,23,34,85,94,3,4,6,31,91,64,66,92,19,60,75,26,35,43,61,84
[ 28] Received message from  94: 1|0,22,65,93,95,1,36,79,44,56,70,67,16,17,47,69,96,30,32,51,11,18,52,86,100,33,40,41,55,57,78,23,34,85,94,12,28,68,74
[ 29] Received message from  43: 1|0,22,65,93,95,1,36,79,44,56,70,67,16,17,47,69,96,30,32,51,11,18,52,86,100,33,40,41,55,57,78,23,34,85,94,3,4,6,31,91,64,66,92,19,60,75,26,35,43,61,84,29,39,42,46,62,73,76,97
[ 94] Received message from  28: 1|0,22,65,93,95,1,36,79,44,56,70,67,16,17,47,69,96,30,32,51,11,18,52,86,100,14,33,40,55,57,78,20,28,12,68,94
[ 60] Received message from  66: 1|0,22,65,93,95,1,36,79,44,56,70,67,16,17,47,69,96,30,32,51,11,18,52,86,100,33,40,41,55,57,78,23,34,85,94,3,4,6,31,91,64,66,92,19,25,60,75
[ 42] Received message from  60: 1|0,22,65,93,95,1,36,79,44,56,70,67,16,17,47,69,96,30,32,51,11,18,52,86,100,33,40,41,55,57,78,23,34,85,94,3,4,6,31,91,64,66,92,19,60,75,39,42,43,61
[ 92] Received message from  85: 1|0,22,65,93,95,1,36,79,44,56,70,67,16,17,47,69,96,30,32,51,11,18,52,86,100,33,40,41,55,57,78,23,34,85,94,3,6,92
[ 25] Received message from  91: 1|0,22,65,93,95,1,36,79,44,56,70,67,16,17,47,69,96,30,32,51,11,18,52,86,100,33,40,41,55,57,78,23,34,85,94,3,4,6,31,91,25,66
[ 28] Sent Broadcast: 1|0,22,65,93,95,1,36,79,44,56,70,67,16,17,47,69,96,30,32,51,11,18,52,86,100,14,33,40,55,57,78,20,28,12,68,94
[ 78] Received message from  52: 1|0,22,65,93,95,1,36,79,44,56,70,67,16,17,47,69,96,30,32,51,11,18,52,86,100,33,40,41,55,57,78
[ 59] Received message from  41: 1|0,22,65,93,95,1,36,79,44,56,70,67,16,17,47,69,96,30,32,51,11,18,52,86,100,33,40,41,55,57,78,7,13,38,50,59,82,85,90,92
[ 42] Received message from  92: 1|0,22,65,93,95,1,36,79,44,56,70,67,16,17,47,69,96,30,32,51,11,18,52,86,100,33,40,41,55,57,78,23,34,85,94,3,4,6,31,91,64,66,92,7,42,50,59,60,90
[ 91] Received message from  34: 1|0,22,65,93,95,1,36,79,44,56,70,67,16,17,47,69,96,30,32,51,11,18,52,86,100,33,40,41,55,57,78,23,34,85,94,3,6,31,91,92
[ 78] Received message from 100: 1|0,22,65,93,95,1,36,79,44,56,70,67,16,17,47,69,96,30,32,51,11,18,52,86,100,33,40,41,55,78,85
[  8] Received message from  37: 1|0,22,65,93,95,1,36,79,44,56,70,67,16,17,47,69,96,30,32,51,11,18,52,86,100,33,40,41,55,57,78,7,13,38,50,59,82,85,90,92,37,49,63,80,2,8,15,24,27,29,53,62,71,72,77
[ 10] Received message from   2: 1|0,22,65,93,95,1,36,79,44,56,70,67,16,17,47,69,96,30,32,51,11,18,52,86,100,33,40,41,55,57,78,7,13,38,50,59,82,85,90,92,49,80,2,15,27,29,37,39,42,62,71,76,8,10,24,53,63,72,77,81,83
[ 38] Received message from  82: 1|0,22,65,93,95,1,36,79,44,56,70,67,16,17,47,69,96,30,32,51,11,18,52,86,100,41,78,82,7,13,38,50,59,80,90
[ 50] Received message from  78: 1|0,22,65,93,95,1,36,79,44,56,70,67,16,17,47,69,96,30,32,51,11,18,52,86,100,41,78,82,7,13,50,59,85,90,92
[ 29] Received message from  49: 1|0,22,65,93,95,1,36,79,44,56,70,67,16,17,47,69,96,30,32,51,11,18,52,86,100,33,40,41,55,57,78,7,13,38,50,59,82,85,90,92,49,80,2,15,27,29,37,39,42,62,71,76
[ 63] Received message from  13: 1|0,22,65,93,95,1,36,79,44,56,70,67,16,17,47,69,96,30,32,51,11,18,52,86,100,33,40,41,55,57,78,7,13,38,50,59,82,85,90,92,37,49,63,80
[ 39] Received message from  35: 1|0,22,65,93,95,1,36,79,44,56,70,67,16,17,47,69,96,30,32,51,11,18,52,86,100,33,40,41,55,57,78,23,34,85,94,3,4,6,31,91,64,66,92,19,60,75,26,35,43,61,84,9,39,54,73
[  8] Received message from  63: 1|0,22,65,93,95,1,36,79,44,56,70,67,16,17,47,69,96,30,32,51,11,18,52,86,100,33,40,41,55,57,78,7,13,38,50,59,82,85,90,92,49,80,63,2,8,15,27,37,72,77,81,89
[ 89] Received message from   8: 1|0,22,65,93,95,1,36,79,44,56,70,67,16,17,47,69,96,30,32,51,11,18,52,86,100,33,40,41,55,57,78,7,13,38,50,59,82,85,90,92,49,80,2,15,27,29,37,39,42,62,71,76,8,10,24,53,63,72,77,81,83,58,89,98
[ 85] Sent Broadcast: 1|0,22,65,93,95,1,36,79,44,56,70,67,16,17,47,69,96,30,32,51,11,18,52,86,100,33,40,41,55,57,78,23,34,85,94,3,6,92
[ 52] Sent Broadcast: 1|0,22,65,93,95,1,36,79,44,56,70,67,16,17,47,69,96,30,32,51,11,18,52,86,100,33,40,41,55,57,78
[ 63] Received message from  38: 1|0,22,65,93,95,1,36,79,44,56,70,67,16,17,47,69,96,30,32,51,11,18,52,86,100,33,40,41,55,57,78,7,13,38,50,59,82,85,90,92,37,49,63,80
[ 25] Received message from  75: 1|0,22,65,93,95,1,36,79,44,56,70,67,16,17,47,69,96,30,32,51,11,18,52,86,100,33,40,41,55,57,78,23,34,85,94,3,4,6,31,91,64,66,92,19,60,75,25
[ 39] Received message from  61: 1|0,22,65,93,95,1,36,79,44,56,70,67,16,17,47,69,96,30,32,51,11,18,52,86,100,33,40,41,55,57,78,23,34,85,94,3,4,6,31,91,64,66,92,19,60,75,26,35,43,61,84,39,42,54,73,76
[ 29] Received message from  39: 1|0,22,65,93,95,1,36,79,44,56,70,67,16,17,47,69,96,30,32,51,11,18,52,86,100,33,40,41,55,57,78,23,34,85,94,3,4,6,31,91,64,66,92,19,60,75,39,42,43,61,26,29,35,46,49,62,73,76,84,97
[ 75] Received message from  66: 1|0,22,65,93,95,1,36,79,44,56,70,67,16,17,47,69,96,30,32,51,11,18,52,86,100,33,40,41,55,57,78,23,34,85,94,3,4,6,31,91,64,66,92,19,25,60,75
[ 29] Received message from  42: 1|0,22,65,93,95,1,36,79,44,56,70,67,16,17,47,69,96,30,32,51,11,18,52,86,100,33,40,41,55,57,78,23,34,85,94,3,4,6,31,91,64,66,92,7,42,50,59,60,90,29,39,43,49,61,62,76,84
[ 54] Received message from  26: 1|0,22,65,93,95,1,36,79,44,56,70,67,16,17,47,69,96,30,32,51,11,18,52,86,100,33,40,41,55,57,78,23,34,85,94,3,4,6,31,91,64,66,92,19,60,75,26,35,43,61,84,9,39,54,73
[ 10] Received message from  27: 1|0,22,65,93,95,1,36,79,44,56,70,67,16,17,47,69,96,30,32,51,11,18,52,86,100,33,40,41,55,57,78,7,13,38,50,59,82,85,90,92,49,80,2,15,27,29,37,39,42,62,71,76,10,24,46,53,63,77
[ 39] Received message from  43: 1|0,22,65,93,95,1,36,79,44,56,70,67,16,17,47,69,96,30,32,51,11,18,52,86,100,33,40,41,55,57,78,23,34,85,94,3,4,6,31,91,64,66,92,19,60,75,26,35,43,61,84,29,39,42,46,62,73,76,97
[  2] Received message from  29: 1|0,22,65,93,95,1,36,79,44,56,70,67,16,17,47,69,96,30,32,51,11,18,52,86,100,33,40,41,55,57,78,23,34,85,94,3,4,6,31,91,64,66,92,19,60,75,26,35,43,61,84,29,39,42,46,62,73,76,97,2,15,24,27,37,49,53,71
[ 80] Received message from  13: 1|0,22,65,93,95,1,36,79,44,56,70,67,16,17,47,69,96,30,32,51,11,18,52,86,100,33,40,41,55,57,78,7,13,38,50,59,82,85,90,92,37,49,63,80
[ 66] Received message from  91: 1|0,22,65,93,95,1,36,79,44,56,70,67,16,17,47,69,96,30,32,51,11,18,52,86,100,33,40,41,55,57,78,23,34,85,94,3,4,6,31,91,25,66
[ 15] Received message from  37: 1|0,22,65,93,95,1,36,79,44,56,70,67,16,17,47,69,96,30,32,51,11,18,52,86,100,33,40,41,55,57,78,7,13,38,50,59,82,85,90,92,37,49,63,80,2,8,15,24,27,29,53,62,71,72,77
[ 94] Received message from  68: 1|0,22,65,93,95,1,36,79,44,56,70,67,16,17,47,69,96,30,32,51,11,18,52,86,100,14,33,40,55,57,78,20,28,12,68,48,88,94
[ 91] Sent Broadcast: 1|0,22,65,93,95,1,36,79,44,56,70,67,16,17,47,69,96,30,32,51,11,18,52,86,100,33,40,41,55,57,78,23,34,85,94,3,4,6,31,91,25,66
[ 97] Received message from   5: 1|0,22,65,93,95,1,36,79,44,56,70,67,16,17,47,69,96,30,32,51,11,18,52,86,100,33,40,41,55,57,78,23,34,85,94,3,4,6,31,91,64,66,92,19,60,75,26,35,43,61,84,9,39,54,73,5,46,97
[ 80] Received message from  59: 1|0,22,65,93,95,1,36,79,44,56,70,67,16,17,47,69,96,30,32,51,11,18,52,86,100,33,40,41,55,57,78,7,13,38,50,59,82,85,90,92,80
[ 46] Received message from  10: 1|0,22,65,93,95,1,36,79,44,56,70,67,16,17,47,69,96,30,32,51,11,18,52,86,100,33,40,41,55,57,78,7,13,38,50,59,82,85,90,92,49,80,2,15,27,29,37,39,42,62,71,76,8,10,24,53,63,72,77,81,83,46,58
[ 68] Received message from  94: 1|0,22,65,93,95,1,36,79,44,56,70,67,16,17,47,69,96,30,32,51,11,18,52,86,100,33,40,41,55,57,78,23,34,85,94,12,28,68,74
[ 10] Received message from  46: 1|0,22,65,93,95,1,36,79,44,56,70,67,16,17,47,69,96,30,32,51,11,18,52,86,100,33,40,41,55,57,78,23,34,85,94,3,4,6,31,91,64,66,92,19,60,75,26,35,43,61,84,9,39,54,73,5,46,97,10,15,24,27,29,53,62,71,76
[ 10] Received message from  15: 1|0,22,65,93,95,1,36,79,44,56,70,67,16,17,47,69,96,30,32,51,11,18,52,86,100,33,40,41,55,57,78,7,13,38,50,59,82,85,90,92,49,80,2,15,27,29,37,39,42,62,71,76,8,10,24,46,53,63,77
[ 43] Received message from  60: 1|0,22,65,93,95,1,36,79,44,56,70,67,16,17,47,69,96,30,32,51,11,18,52,86,100,33,40,41,55,57,78,23,34,85,94,3,4,6,31,91,64,66,92,19,60,75,39,42,43,61
[ 92] Received message from  34: 1|0,22,65,93,95,1,36,79,44,56,70,67,16,17,47,69,96,30,32,51,11,18,52,86,100,33,40,41,55,57,78,23,34,85,94,3,6,31,91,92
[ 80] Received message from  38: 1|0,22,65,93,95,1,36,79,44,56,70,67,16,17,47,69,96,30,32,51,11,18,52,86,100,33,40,41,55,57,78,7,13,38,50,59,82,85,90,92,37,49,63,80
[ 66] Received message from  31: 1|0,22,65,93,95,1,36,79,44,56,70,67,16,17,47,69,96,30,32,51,11,18,52,86,100,33,40,41,55,57,78,23,34,85,94,3,4,6,31,91,25,64,66
[ 84] Received message from  19: 1|0,22,65,93,95,1,36,79,44,56,70,67,16,17,47,69,96,30,32,51,11,18,52,86,100,33,40,41,55,57,78,23,34,85,94,3,4,6,31,91,64,66,92,19,60,75,26,35,43,61,84
[  5] Received message from  54: 1|0,22,65,93,95,1,36,79,44,56,70,67,16,17,47,69,96,30,32,51,11,18,52,86,100,33,40,41,55,57,78,23,34,85,94,3,4,6,31,91,64,66,92,19,60,75,26,35,43,61,84,9,39,54,73,5
[ 68] Sent Broadcast: 1|0,22,65,93,95,1,36,79,44,56,70,67,16,17,47,69,96,30,32,51,11,18,52,86,100,14,33,40,55,57,78,20,28,12,68,48,88,94
[ 75] Sent Broadcast: 1|0,22,65,93,95,1,36,79,44,56,70,67,16,17,47,69,96,30,32,51,11,18,52,86,100,33,40,41,55,57,78,23,34,85,94,3,4,6,31,91,64,66,92,19,60,75,25
[ 13] Sent Broadcast: 1|0,22,65,93,95,1,36,79,44,56,70,67,16,17,47,69,96,30,32,51,11,18,52,86,100,33,40,41,55,57,78,7,13,38,50,59,82,85,90,92,37,49,63,80
[ 66] Sent Broadcast: 1|0,22,65,93,95,1,36,79,44,56,70,67,16,17,47,69,96,30,32,51,11,18,52,86,100,33,40,41,55,57,78,23,34,85,94,3,4,6,31,91,64,66,92,19,25,60,75
[ 59] Sent Broadcast: 1|0,22,65,93,95,1,36,79,44,56,70,67,16,17,47,69,96,30,32,51,11,18,52,86,100,33,40,41,55,57,78,7,13,38,50,59,82,85,90,92,80
[ 15] Received message from  63: 1|0,22,65,93,95,1,36,79,44,56,70,67,16,17,47,69,96,30,32,51,11,18,52,86,100,33,40,41,55,57,78,7,13,38,50,59,82,85,90,92,49,80,63,2,8,15,27,37,72,77,81,89
[ 34] Sent Broadcast: 1|0,22,65,93,95,1,36,79,44,56,70,67,16,17,47,69,96,30,32,51,11,18,52,86,100,33,40,41,55,57,78,23,34,85,94,3,6,31,91,92
[  5] Sent Broadcast: 1|0,22,65,93,95,1,36,79,44,56,70,67,16,17,47,69,96,30,32,51,11,18,52,86,100,33,40,41,55,57,78,23,34,85,94,3,4,6,31,91,64,66,92,19,60,75,26,35,43,61,84,9,39,54,73,5,46,97
[ 50] Received message from  82: 1|0,22,65,93,95,1,36,79,44,56,70,67,16,17,47,69,96,30,32,51,11,18,52,86,100,41,78,82,7,13,38,50,59,80,90
[ 85] Received message from 100: 1|0,22,65,93,95,1,36,79,44,56,70,67,16,17,47,69,96,30,32,51,11,18,52,86,100,33,40,41,55,78,85
[ 24] Received message from   2: 1|0,22,65,93,95,1,36,79,44,56,70,67,16,17,47,69,96,30,32,51,11,18,52,86,100,33,40,41,55,57,78,7,13,38,50,59,82,85,90,92,49,80,2,15,27,29,37,39,42,62,71,76,8,10,24,53,63,72,77,81,83
[ 59] Received message from  78: 1|0,22,65,93,95,1,36,79,44,56,70,67,16,17,47,69,96,30,32,51,11,18,52,86,100,41,78,82,7,13,50,59,85,90,92
[ 38] Sent Broadcast: 1|0,22,65,93,95,1,36,79,44,56,70,67,16,17,47,69,96,30,32,51,11,18,52,86,100,33,40,41,55,57,78,7,13,38,50,59,82,85,90,92,37,49,63,80
[ 73] Received message from  26: 1|0,22,65,93,95,1,36,79,44,56,70,67,16,17,47,69,96,30,32,51,11,18,52,86,100,33,40,41,55,57,78,23,34,85,94,3,4,6,31,91,64,66,92,19,60,75,26,35,43,61,84,9,39,54,73
[ 58] Received message from  10: 1|0,22,65,93,95,1,36,79,44,56,70,67,16,17,47,69,96,30,32,51,11,18,52,86,100,33,40,41,55,57,78,7,13,38,50,59,82,85,90,92,49,80,2,15,27,29,37,39,42,62,71,76,8,10,24,53,63,72,77,81,83,46,58
[ 21] Received message from  89: 1|0,22,65,93,95,1,36,79,44,56,70,67,16,17,47,69,96,30,32,51,11,18,52,86,100,33,40,41,55,57,78,7,13,38,50,59,82,85,90,92,49,80,2,15,27,29,37,39,42,62,71,76,8,10,24,53,63,72,77,81,83,58,89,98,21,87,99
[ 82] Received message from  41: 1|0,22,65,93,95,1,36,79,44,56,70,67,16,17,47,69,96,30,32,51,11,18,52,86,100,33,40,41,55,57,78,7,13,38,50,59,82,85,90,92
[ 54] Received message from  35: 1|0,22,65,93,95,1,36,79,44,56,70,67,16,17,47,69,96,30,32,51,11,18,52,86,100,33,40,41,55,57,78,23,34,85,94,3,4,6,31,91,64,66,92,19,60,75,26,35,43,61,84,9,39,54,73
[ 74] Received message from  94: 1|0,22,65,93,95,1,36,79,44,56,70,67,16,17,47,69,96,30,32,51,11,18,52,86,100,33,40,41,55,57,78,23,34,85,94,12,28,68,74
[ 24] Received message from  27: 1|0,22,65,93,95,1,36,79,44,56,70,67,16,17,47,69,96,30,32,51,11,18,52,86,100,33,40,41,55,57,78,7,13,38,50,59,82,85,90,92,49,80,2,15,27,29,37,39,42,62,71,76,10,24,46,53,63,77
[ 98] Received message from   8: 1|0,22,65,93,95,1,36,79,44,56,70,67,16,17,47,69,96,30,32,51,11,18,52,86,100,33,40,41,55,57,78,7,13,38,50,59,82,85,90,92,49,80,2,15,27,29,37,39,42,62,71,76,8,10,24,53,63,72,77,81,83,58,89,98
[ 59] Received message from  82: 1|0,22,65,93,95,1,36,79,44,56,70,67,16,17,47,69,96,30,32,51,11,18,52,86,100,41,78,82,7,13,38,50,59,80,90
[ 39] Received message from  42: 1|0,22,65,93,95,1,36,79,44,56,70,67,16,17,47,69,96,30,32,51,11,18,52,86,100,33,40,41,55,57,78,23,34,85,94,3,4,6,31,91,64,66,92,7,42,50,59,60,90,29,39,43,49,61,62,76,84
[ 35] Received message from  39: 1|0,22,65,93,95,1,36,79,44,56,70,67,16,17,47,69,96,30,32,51,11,18,52,86,100,33,40,41,55,57,78,23,34,85,94,3,4,6,31,91,64,66,92,19,60,75,39,42,43,61,26,29,35,46,49,62,73,76,84,97
[ 50] Received message from  92: 1|0,22,65,93,95,1,36,79,44,56,70,67,16,17,47,69,96,30,32,51,11,18,52,86,100,33,40,41,55,57,78,23,34,85,94,3,4,6,31,91,64,66,92,7,42,50,59,60,90
[ 24] Received message from  37: 1|0,22,65,93,95,1,36,79,44,56,70,67,16,17,47,69,96,30,32,51,11,18,52,86,100,33,40,41,55,57,78,7,13,38,50,59,82,85,90,92,37,49,63,80,2,8,15,24,27,29,53,62,71,72,77
[ 37] Received message from  49: 1|0,22,65,93,95,1,36,79,44,56,70,67,16,17,47,69,96,30,32,51,11,18,52,86,100,33,40,41,55,57,78,7,13,38,50,59,82,85,90,92,49,80,2,15,27,29,37,39,42,62,71,76
[ 46] Received message from  24: 1|0,22,65,93,95,1,36,79,44,56,70,67,16,17,47,69,96,30,32,51,11,18,52,86,100,33,40,41,55,57,78,7,13,38,50,59,82,85,90,92,49,80,2,15,27,29,37,39,42,62,71,76,8,10,24,53,63,72,77,81,83,46,97
[  5] Received message from  84: 1|0,22,65,93,95,1,36,79,44,56,70,67,16,17,47,69,96,30,32,51,11,18,52,86,100,33,40,41,55,57,78,23,34,85,94,3,4,6,31,91,64,66,92,19,60,75,26,35,43,61,84,5,29,39,42,46,54,62,73,76,97
[ 61] Received message from  60: 1|0,22,65,93,95,1,36,79,44,56,70,67,16,17,47,69,96,30,32,51,11,18,52,86,100,33,40,41,55,57,78,23,34,85,94,3,4,6,31,91,64,66,92,19,60,75,39,42,43,61
[ 42] Received message from  43: 1|0,22,65,93,95,1,36,79,44,56,70,67,16,17,47,69,96,30,32,51,11,18,52,86,100,33,40,41,55,57,78,23,34,85,94,3,4,6,31,91,64,66,92,19,60,75,26,35,43,61,84,29,39,42,46,62,73,76,97
[ 42] Received message from  61: 1|0,22,65,93,95,1,36,79,44,56,70,67,16,17,47,69,96,30,32,51,11,18,52,86,100,33,40,41,55,57,78,23,34,85,94,3,4,6,31,91,64,66,92,19,60,75,26,35,43,61,84,39,42,54,73,76
[  8] Sent Broadcast: 1|0,22,65,93,95,1,36,79,44,56,70,67,16,17,47,69,96,30,32,51,11,18,52,86,100,33,40,41,55,57,78,7,13,38,50,59,82,85,90,92,49,80,2,15,27,29,37,39,42,62,71,76,8,10,24,53,63,72,77,81,83,58,89,98
[ 19] Sent Broadcast: 1|0,22,65,93,95,1,36,79,44,56,70,67,16,17,47,69,96,30,32,51,11,18,52,86,100,33,40,41,55,57,78,23,34,85,94,3,4,6,31,91,64,66,92,19,60,75,26,35,43,61,84
[ 31] Sent Broadcast: 1|0,22,65,93,95,1,36,79,44,56,70,67,16,17,47,69,96,30,32,51,11,18,52,86,100,33,40,41,55,57,78,23,34,85,94,3,4,6,31,91,25,64,66
[ 54] Sent Broadcast: 1|0,22,65,93,95,1,36,79,44,56,70,67,16,17,47,69,96,30,32,51,11,18,52,86,100,33,40,41,55,57,78,23,34,85,94,3,4,6,31,91,64,66,92,19,60,75,26,35,43,61,84,9,39,54,73,5
[ 15] Received message from  29: 1|0,22,65,93,95,1,36,79,44,56,70,67,16,17,47,69,96,30,32,51,11,18,52,86,100,33,40,41,55,57,78,23,34,85,94,3,4,6,31,91,64,66,92,19,60,75,26,35,43,61,84,29,39,42,46,62,73,76,97,2,15,24,27,37,49,53,71
[100] Sent Broadcast: 1|0,22,65,93,95,1,36,79,44,56,70,67,16,17,47,69,96,30,32,51,11,18,52,86,100,33,40,41,55,78,85
[ 24] Received message from  97: 1|0,22,65,93,95,1,36,79,44,56,70,67,16,17,47,69,96,30,32,51,11,18,52,86,100,33,40,41,55,57,78,23,34,85,94,3,4,6,31,91,64,66,92,19,60,75,26,35,43,61,84,9,39,54,73,5,46,97,24,29,53,62,76
[ 27] Received message from  63: 1|0,22,65,93,95,1,36,79,44,56,70,67,16,17,47,69,96,30,32,51,11,18,52,86,100,33,40,41,55,57,78,7,13,38,50,59,82,85,90,92,49,80,63,2,8,15,27,37,72,77,81,89
[ 10] Sent Broadcast: 1|0,22,65,93,95,1,36,79,44,56,70,67,16,17,47,69,96,30,32,51,11,18,52,86,100,33,40,41,55,57,78,7,13,38,50,59,82,85,90,92,49,80,2,15,27,29,37,39,42,62,71,76,8,10,24,53,63,72,77,81,83,46,58
[ 94] Sent Broadcast: 1|0,22,65,93,95,1,36,79,44,56,70,67,16,17,47,69,96,30,32,51,11,18,52,86,100,33,40,41,55,57,78,23,34,85,94,12,28,68,74
[ 24] Received message from  15: 1|0,22,65,93,95,1,36,79,44,56,70,67,16,17,47,69,96,30,32,51,11,18,52,86,100,33,40,41,55,57,78,7,13,38,50,59,82,85,90,92,49,80,2,15,27,29,37,39,42,62,71,76,8,10,24,46,53,63,77
[ 21] Received message from  98: 1|0,22,65,93,95,1,36,79,44,56,70,67,16,17,47,69,96,30,32,51,11,18,52,86,100,33,40,41,55,57,78,7,13,38,50,59,82,85,90,92,49,80,2,15,27,29,37,39,42,62,71,76,8,10,24,53,63,72,77,81,83,58,89,98,21,87,99
[ 26] Sent Broadcast: 1|0,22,65,93,95,1,36,79,44,56,70,67,16,17,47,69,96,30,32,51,11,18,52,86,100,33,40,41,55,57,78,23,34,85,94,3,4,6,31,91,64,66,92,19,60,75,26,35,43,61,84,9,39,54,73
[  5] Received message from  73: 1|0,22,65,93,95,1,36,79,44,56,70,67,16,17,47,69,96,30,32,51,11,18,52,86,100,33,40,41,55,57,78,23,34,85,94,3,4,6,31,91,64,66,92,19,60,75,26,35,43,61,84,9,39,54,73,5,46,76,97
[ 60] Sent Broadcast: 1|0,22,65,93,95,1,36,79,44,56,70,67,16,17,47,69,96,30,32,51,11,18,52,86,100,33,40,41,55,57,78,23,34,85,94,3,4,6,31,91,64,66,92,19,60,75,39,42,43,61
[ 29] Received message from  97: 1|0,22,65,93,95,1,36,79,44,56,70,67,16,17,47,69,96,30,32,51,11,18,52,86,100,33,40,41,55,57,78,23,34,85,94,3,4,6,31,91,64,66,92,19,60,75,26,35,43,61,84,9,39,54,73,5,46,97,24,29,53,62,76
[ 59] Received message from  92: 1|0,22,65,93,95,1,36,79,44,56,70,67,16,17,47,69,96,30,32,51,11,18,52,86,100,33,40,41,55,57,78,23,34,85,94,3,4,6,31,91,64,66,92,7,42,50,59,60,90
[ 46] Received message from  27: 1|0,22,65,93,95,1,36,79,44,56,70,67,16,17,47,69,96,30,32,51,11,18,52,86,100,33,40,41,55,57,78,7,13,38,50,59,82,85,90,92,49,80,2,15,27,29,37,39,42,62,71,76,10,24,46,53,63,77
[ 24] Received message from  29: 1|0,22,65,93,95,1,36,79,44,56,70,67,16,17,47,69,96,30,32,51,11,18,52,86,100,33,40,41,55,57,78,23,34,85,94,3,4,6,31,91,64,66,92,19,60,75,26,35,43,61,84,29,39,42,46,62,73,76,97,2,15,24,27,37,49,53,71
[ 15] Received message from  46: 1|0,22,65,93,95,1,36,79,44,56,70,67,16,17,47,69,96,30,32,51,11,18,52,86,100,33,40,41,55,57,78,23,34,85,94,3,4,6,31,91,64,66,92,19,60,75,26,35,43,61,84,9,39,54,73,5,46,97,10,15,24,27,29,53,62,71,76
[ 80] Received message from  82: 1|0,22,65,93,95,1,36,79,44,56,70,67,16,17,47,69,96,30,32,51,11,18,52,86,100,41,78,82,7,13,38,50,59,80,90
[ 85] Received message from  78: 1|0,22,65,93,95,1,36,79,44,56,70,67,16,17,47,69,96,30,32,51,11,18,52,86,100,41,78,82,7,13,50,59,85,90,92
[ 53] Received message from   2: 1|0,22,65,93,95,1,36,79,44,56,70,67,16,17,47,69,96,30,32,51,11,18,52,86,100,33,40,41,55,57,78,7,13,38,50,59,82,85,90,92,49,80,2,15,27,29,37,39,42,62,71,76,8,10,24,53,63,72,77,81,83
[ 43] Received message from  42: 1|0,22,65,93,95,1,36,79,44,56,70,67,16,17,47,69,96,30,32,51,11,18,52,86,100,33,40,41,55,57,78,23,34,85,94,3,4,6,31,91,64,66,92,7,42,50,59,60,90,29,39,43,49,61,62,76,84
[ 27] Received message from  37: 1|0,22,65,93,95,1,36,79,44,56,70,67,16,17,47,69,96,30,32,51,11,18,52,86,100,33,40,41,55,57,78,7,13,38,50,59,82,85,90,92,37,49,63,80,2,8,15,24,27,29,53,62,71,72,77
[ 73] Received message from  35: 1|0,22,65,93,95,1,36,79,44,56,70,67,16,17,47,69,96,30,32,51,11,18,52,86,100,33,40,41,55,57,78,23,34,85,94,3,4,6,31,91,64,66,92,19,60,75,26,35,43,61,84,9,39,54,73
[ 29] Received message from  84: 1|0,22,65,93,95,1,36,79,44,56,70,67,16,17,47,69,96,30,32,51,11,18,52,86,100,33,40,41,55,57,78,23,34,85,94,3,4,6,31,91,64,66,92,19,60,75,26,35,43,61,84,5,29,39,42,46,54,62,73,76,97
[ 46] Received message from  39: 1|0,22,65,93,95,1,36,79,44,56,70,67,16,17,47,69,96,30,32,51,11,18,52,86,100,33,40,41,55,57,78,23,34,85,94,3,4,6,31,91,64,66,92,19,60,75,39,42,43,61,26,29,35,46,49,62,73,76,84,97
[ 97] Received message from  24: 1|0,22,65,93,95,1,36,79,44,56,70,67,16,17,47,69,96,30,32,51,11,18,52,86,100,33,40,41,55,57,78,7,13,38,50,59,82,85,90,92,49,80,2,15,27,29,37,39,42,62,71,76,8,10,24,53,63,72,77,81,83,46,97
[ 46] Received message from  43: 1|0,22,65,93,95,1,36,79,44,56,70,67,16,17,47,69,96,30,32,51,11,18,52,86,100,33,40,41,55,57,78,23,34,85,94,3,4,6,31,91,64,66,92,19,60,75,26,35,43,61,84,29,39,42,46,62,73,76,97
[ 39] Received message from  49: 1|0,22,65,93,95,1,36,79,44,56,70,67,16,17,47,69,96,30,32,51,11,18,52,86,100,33,40,41,55,57,78,7,13,38,50,59,82,85,90,92,49,80,2,15,27,29,37,39,42,62,71,76
[ 54] Received message from  61: 1|0,22,65,93,95,1,36,79,44,56,70,67,16,17,47,69,96,30,32,51,11,18,52,86,100,33,40,41,55,57,78,23,34,85,94,3,4,6,31,91,64,66,92,19,60,75,26,35,43,61,84,39,42,54,73,76
[ 87] Received message from  89: 1|0,22,65,93,95,1,36,79,44,56,70,67,16,17,47,69,96,30,32,51,11,18,52,86,100,33,40,41,55,57,78,7,13,38,50,59,82,85,90,92,49,80,2,15,27,29,37,39,42,62,71,76,8,10,24,53,63,72,77,81,83,58,89,98,21,87,99
[ 27] Received message from  29: 1|0,22,65,93,95,1,36,79,44,56,70,67,16,17,47,69,96,30,32,51,11,18,52,86,100,33,40,41,55,57,78,23,34,85,94,3,4,6,31,91,64,66,92,19,60,75,26,35,43,61,84,29,39,42,46,62,73,76,97,2,15,24,27,37,49,53,71
[ 24] Received message from  46: 1|0,22,65,93,95,1,36,79,44,56,70,67,16,17,47,69,96,30,32,51,11,18,52,86,100,33,40,41,55,57,78,23,34,85,94,3,4,6,31,91,64,66,92,19,60,75,26,35,43,61,84,9,39,54,73,5,46,97,10,15,24,27,29,53,62,71,76
[ 37] Received message from  63: 1|0,22,65,93,95,1,36,79,44,56,70,67,16,17,47,69,96,30,32,51,11,18,52,86,100,33,40,41,55,57,78,7,13,38,50,59,82,85,90,92,49,80,63,2,8,15,27,37,72,77,81,89
[ 24] Sent Broadcast: 1|0,22,65,93,95,1,36,79,44,56,70,67,16,17,47,69,96,30,32,51,11,18,52,86,100,33,40,41,55,57,78,7,13,38,50,59,82,85,90,92,49,80,2,15,27,29,37,39,42,62,71,76,8,10,24,53,63,72,77,81,83,46,97
[ 46] Received message from  15: 1|0,22,65,93,95,1,36,79,44,56,70,67,16,17,47,69,96,30,32,51,11,18,52,86,100,33,40,41,55,57,78,7,13,38,50,59,82,85,90,92,49,80,2,15,27,29,37,39,42,62,71,76,8,10,24,46,53,63,77
[ 63] Received message from   2: 1|0,22,65,93,95,1,36,79,44,56,70,67,16,17,47,69,96,30,32,51,11,18,52,86,100,33,40,41,55,57,78,7,13,38,50,59,82,85,90,92,49,80,2,15,27,29,37,39,42,62,71,76,8,10,24,53,63,72,77,81,83
[ 85] Received message from  41: 1|0,22,65,93,95,1,36,79,44,56,70,67,16,17,47,69,96,30,32,51,11,18,52,86,100,33,40,41,55,57,78,7,13,38,50,59,82,85,90,92
[ 35] Sent Broadcast: 1|0,22,65,93,95,1,36,79,44,56,70,67,16,17,47,69,96,30,32,51,11,18,52,86,100,33,40,41,55,57,78,23,34,85,94,3,4,6,31,91,64,66,92,19,60,75,26,35,43,61,84,9,39,54,73
[ 53] Received message from  97: 1|0,22,65,93,95,1,36,79,44,56,70,67,16,17,47,69,96,30,32,51,11,18,52,86,100,33,40,41,55,57,78,23,34,85,94,3,4,6,31,91,64,66,92,19,60,75,26,35,43,61,84,9,39,54,73,5,46,97,24,29,53,62,76
[ 87] Received message from  98: 1|0,22,65,93,95,1,36,79,44,56,70,67,16,17,47,69,96,30,32,51,11,18,52,86,100,33,40,41,55,57,78,7,13,38,50,59,82,85,90,92,49,80,2,15,27,29,37,39,42,62,71,76,8,10,24,53,63,72,77,81,83,58,89,98,21,87,99
[ 46] Received message from  73: 1|0,22,65,93,95,1,36,79,44,56,70,67,16,17,47,69,96,30,32,51,11,18,52,86,100,33,40,41,55,57,78,23,34,85,94,3,4,6,31,91,64,66,92,19,60,75,26,35,43,61,84,9,39,54,73,5,46,76,97
[ 53] Received message from  27: 1|0,22,65,93,95,1,36,79,44,56,70,67,16,17,47,69,96,30,32,51,11,18,52,86,100,33,40,41,55,57,78,7,13,38,50,59,82,85,90,92,49,80,2,15,27,29,37,39,42,62,71,76,10,24,46,53,63,77
[ 49] Received message from  42: 1|0,22,65,93,95,1,36,79,44,56,70,67,16,17,47,69,96,30,32,51,11,18,52,86,100,33,40,41,55,57,78,23,34,85,94,3,4,6,31,91,64,66,92,7,42,50,59,60,90,29,39,43,49,61,62,76,84
[ 60] Received message from  92: 1|0,22,65,93,95,1,36,79,44,56,70,67,16,17,47,69,96,30,32,51,11,18,52,86,100,33,40,41,55,57,78,23,34,85,94,3,4,6,31,91,64,66,92,7,42,50,59,60,90
[ 46] Received message from  53: 1|0,22,65,93,95,1,36,79,44,56,70,67,16,17,47,69,96,30,32,51,11,18,52,86,100,33,40,41,55,57,78,7,13,38,50,59,82,85,90,92,49,80,2,15,27,29,37,39,42,62,71,76,8,10,24,53,63,72,77,81,83,46,97
[ 49] Received message from  39: 1|0,22,65,93,95,1,36,79,44,56,70,67,16,17,47,69,96,30,32,51,11,18,52,86,100,33,40,41,55,57,78,23,34,85,94,3,4,6,31,91,64,66,92,19,60,75,39,42,43,61,26,29,35,46,49,62,73,76,84,97
[ 37] Received message from  29: 1|0,22,65,93,95,1,36,79,44,56,70,67,16,17,47,69,96,30,32,51,11,18,52,86,100,33,40,41,55,57,78,23,34,85,94,3,4,6,31,91,64,66,92,19,60,75,26,35,43,61,84,29,39,42,46,62,73,76,97,2,15,24,27,37,49,53,71
[ 76] Received message from  73: 1|0,22,65,93,95,1,36,79,44,56,70,67,16,17,47,69,96,30,32,51,11,18,52,86,100,33,40,41,55,57,78,23,34,85,94,3,4,6,31,91,64,66,92,19,60,75,26,35,43,61,84,9,39,54,73,5,46,76,97
[ 73] Received message from  61: 1|0,22,65,93,95,1,36,79,44,56,70,67,16,17,47,69,96,30,32,51,11,18,52,86,100,33,40,41,55,57,78,23,34,85,94,3,4,6,31,91,64,66,92,19,60,75,26,35,43,61,84,39,42,54,73,76
[ 42] Received message from  49: 1|0,22,65,93,95,1,36,79,44,56,70,67,16,17,47,69,96,30,32,51,11,18,52,86,100,33,40,41,55,57,78,7,13,38,50,59,82,85,90,92,49,80,2,15,27,29,37,39,42,62,71,76
[ 29] Received message from  37: 1|0,22,65,93,95,1,36,79,44,56,70,67,16,17,47,69,96,30,32,51,11,18,52,86,100,33,40,41,55,57,78,7,13,38,50,59,82,85,90,92,37,49,63,80,2,8,15,24,27,29,53,62,71,72,77
[ 39] Received message from  84: 1|0,22,65,93,95,1,36,79,44,56,70,67,16,17,47,69,96,30,32,51,11,18,52,86,100,33,40,41,55,57,78,23,34,85,94,3,4,6,31,91,64,66,92,19,60,75,26,35,43,61,84,5,29,39,42,46,54,62,73,76,97
[ 62] Received message from  43: 1|0,22,65,93,95,1,36,79,44,56,70,67,16,17,47,69,96,30,32,51,11,18,52,86,100,33,40,41,55,57,78,23,34,85,94,3,4,6,31,91,64,66,92,19,60,75,26,35,43,61,84,29,39,42,46,62,73,76,97
[ 27] Received message from  46: 1|0,22,65,93,95,1,36,79,44,56,70,67,16,17,47,69,96,30,32,51,11,18,52,86,100,33,40,41,55,57,78,23,34,85,94,3,4,6,31,91,64,66,92,19,60,75,26,35,43,61,84,9,39,54,73,5,46,97,10,15,24,27,29,53,62,71,76
[ 72] Received message from   2: 1|0,22,65,93,95,1,36,79,44,56,70,67,16,17,47,69,96,30,32,51,11,18,52,86,100,33,40,41,55,57,78,7,13,38,50,59,82,85,90,92,49,80,2,15,27,29,37,39,42,62,71,76,8,10,24,53,63,72,77,81,83
[ 15] Received message from  76: 1|0,22,65,93,95,1,36,79,44,56,70,67,16,17,47,69,96,30,32,51,11,18,52,86,100,33,40,41,55,57,78,23,34,85,94,3,4,6,31,91,64,66,92,19,60,75,26,35,43,61,84,9,39,54,73,5,46,76,97,15,27,29,42,49,53,62,71
[ 90] Received message from  82: 1|0,22,65,93,95,1,36,79,44,56,70,67,16,17,47,69,96,30,32,51,11,18,52,86,100,41,78,82,7,13,38,50,59,80,90
[ 62] Received message from  97: 1|0,22,65,93,95,1,36,79,44,56,70,67,16,17,47,69,96,30,32,51,11,18,52,86,100,33,40,41,55,57,78,23,34,85,94,3,4,6,31,91,64,66,92,19,60,75,26,35,43,61,84,9,39,54,73,5,46,97,24,29,53,62,76
[ 53] Received message from  15: 1|0,22,65,93,95,1,36,79,44,56,70,67,16,17,47,69,96,30,32,51,11,18,52,86,100,33,40,41,55,57,78,7,13,38,50,59,82,85,90,92,49,80,2,15,27,29,37,39,42,62,71,76,8,10,24,46,53,63,77
[ 90] Received message from  78: 1|0,22,65,93,95,1,36,79,44,56,70,67,16,17,47,69,96,30,32,51,11,18,52,86,100,41,78,82,7,13,50,59,85,90,92
[ 62] Received message from  39: 1|0,22,65,93,95,1,36,79,44,56,70,67,16,17,47,69,96,30,32,51,11,18,52,86,100,33,40,41,55,57,78,23,34,85,94,3,4,6,31,91,64,66,92,19,60,75,39,42,43,61,26,29,35,46,49,62,73,76,84,97
[ 76] Received message from  61: 1|0,22,65,93,95,1,36,79,44,56,70,67,16,17,47,69,96,30,32,51,11,18,52,86,100,33,40,41,55,57,78,23,34,85,94,3,4,6,31,91,64,66,92,19,60,75,26,35,43,61,84,39,42,54,73,76
[ 90] Received message from  41: 1|0,22,65,93,95,1,36,79,44,56,70,67,16,17,47,69,96,30,32,51,11,18,52,86,100,33,40,41,55,57,78,7,13,38,50,59,82,85,90,92
[  2] Received message from  62: 1|0,22,65,93,95,1,36,79,44,56,70,67,16,17,47,69,96,30,32,51,11,18,52,86,100,33,40,41,55,57,78,23,34,85,94,3,4,6,31,91,64,66,92,19,60,75,26,35,43,61,84,29,39,42,46,62,73,76,97,2,15,24,27,37,49,53,71
[ 99] Received message from  89: 1|0,22,65,93,95,1,36,79,44,56,70,67,16,17,47,69,96,30,32,51,11,18,52,86,100,33,40,41,55,57,78,7,13,38,50,59,82,85,90,92,49,80,2,15,27,29,37,39,42,62,71,76,8,10,24,53,63,72,77,81,83,58,89,98,21,87,99
[ 62] Received message from  49: 1|0,22,65,93,95,1,36,79,44,56,70,67,16,17,47,69,96,30,32,51,11,18,52,86,100,33,40,41,55,57,78,7,13,38,50,59,82,85,90,92,49,80,2,15,27,29,37,39,42,62,71,76
[ 97] Received message from  53: 1|0,22,65,93,95,1,36,79,44,56,70,67,16,17,47,69,96,30,32,51,11,18,52,86,100,33,40,41,55,57,78,7,13,38,50,59,82,85,90,92,49,80,2,15,27,29,37,39,42,62,71,76,8,10,24,53,63,72,77,81,83,46,97
[ 72] Received message from  63: 1|0,22,65,93,95,1,36,79,44,56,70,67,16,17,47,69,96,30,32,51,11,18,52,86,100,33,40,41,55,57,78,7,13,38,50,59,82,85,90,92,49,80,63,2,8,15,27,37,72,77,81,89
[ 61] Received message from  42: 1|0,22,65,93,95,1,36,79,44,56,70,67,16,17,47,69,96,30,32,51,11,18,52,86,100,33,40,41,55,57,78,23,34,85,94,3,4,6,31,91,64,66,92,7,42,50,59,60,90,29,39,43,49,61,62,76,84
[ 89] Received message from  72: 1|0,22,65,93,95,1,36,79,44,56,70,67,16,17,47,69,96,30,32,51,11,18,52,86,100,33,40,41,55,57,78,7,13,38,50,59,82,85,90,92,49,80,2,15,27,29,37,39,42,62,71,76,8,10,24,53,63,72,77,81,83,89,98
[ 99] Received message from  98: 1|0,22,65,93,95,1,36,79,44,56,70,67,16,17,47,69,96,30,32,51,11,18,52,86,100,33,40,41,55,57,78,7,13,38,50,59,82,85,90,92,49,80,2,15,27,29,37,39,42,62,71,76,8,10,24,53,63,72,77,81,83,58,89,98,21,87,99
[ 90] Received message from  92: 1|0,22,65,93,95,1,36,79,44,56,70,67,16,17,47,69,96,30,32,51,11,18,52,86,100,33,40,41,55,57,78,23,34,85,94,3,4,6,31,91,64,66,92,7,42,50,59,60,90
[ 49] Received message from  29: 1|0,22,65,93,95,1,36,79,44,56,70,67,16,17,47,69,96,30,32,51,11,18,52,86,100,33,40,41,55,57,78,23,34,85,94,3,4,6,31,91,64,66,92,19,60,75,26,35,43,61,84,29,39,42,46,62,73,76,97,2,15,24,27,37,49,53,71
[ 82] Sent Broadcast: 1|0,22,65,93,95,1,36,79,44,56,70,67,16,17,47,69,96,30,32,51,11,18,52,86,100,41,78,82,7,13,38,50,59,80,90
[ 63] Received message from  27: 1|0,22,65,93,95,1,36,79,44,56,70,67,16,17,47,69,96,30,32,51,11,18,52,86,100,33,40,41,55,57,78,7,13,38,50,59,82,85,90,92,49,80,2,15,27,29,37,39,42,62,71,76,10,24,46,53,63,77
[ 53] Received message from  37: 1|0,22,65,93,95,1,36,79,44,56,70,67,16,17,47,69,96,30,32,51,11,18,52,86,100,33,40,41,55,57,78,7,13,38,50,59,82,85,90,92,37,49,63,80,2,8,15,24,27,29,53,62,71,72,77
[ 92] Received message from  90: 1|0,22,65,93,95,1,36,79,44,56,70,67,16,17,47,69,96,30,32,51,11,18,52,86,100,41,78,82,7,13,38,50,59,80,90,92
[ 42] Received message from  84: 1|0,22,65,93,95,1,36,79,44,56,70,67,16,17,47,69,96,30,32,51,11,18,52,86,100,33,40,41,55,57,78,23,34,85,94,3,4,6,31,91,64,66,92,19,60,75,26,35,43,61,84,5,29,39,42,46,54,62,73,76,97
[ 77] Received message from   2: 1|0,22,65,93,95,1,36,79,44,56,70,67,16,17,47,69,96,30,32,51,11,18,52,86,100,33,40,41,55,57,78,7,13,38,50,59,82,85,90,92,49,80,2,15,27,29,37,39,42,62,71,76,8,10,24,53,63,72,77,81,83
[ 15] Received message from  62: 1|0,22,65,93,95,1,36,79,44,56,70,67,16,17,47,69,96,30,32,51,11,18,52,86,100,33,40,41,55,57,78,23,34,85,94,3,4,6,31,91,64,66,92,19,60,75,26,35,43,61,84,29,39,42,46,62,73,76,97,2,15,24,27,37,49,53,71
[ 73] Received message from  43: 1|0,22,65,93,95,1,36,79,44,56,70,67,16,17,47,69,96,30,32,51,11,18,52,86,100,33,40,41,55,57,78,23,34,85,94,3,4,6,31,91,64,66,92,19,60,75,26,35,43,61,84,29,39,42,46,62,73,76,97
[ 61] Sent Broadcast: 1|0,22,65,93,95,1,36,79,44,56,70,67,16,17,47,69,96,30,32,51,11,18,52,86,100,33,40,41,55,57,78,23,34,85,94,3,4,6,31,91,64,66,92,19,60,75,26,35,43,61,84,39,42,54,73,76
[ 53] Sent Broadcast: 1|0,22,65,93,95,1,36,79,44,56,70,67,16,17,47,69,96,30,32,51,11,18,52,86,100,33,40,41,55,57,78,7,13,38,50,59,82,85,90,92,49,80,2,15,27,29,37,39,42,62,71,76,8,10,24,53,63,72,77,81,83,46,97
[ 89] Sent Broadcast: 1|0,22,65,93,95,1,36,79,44,56,70,67,16,17,47,69,96,30,32,51,11,18,52,86,100,33,40,41,55,57,78,7,13,38,50,59,82,85,90,92,49,80,2,15,27,29,37,39,42,62,71,76,8,10,24,53,63,72,77,81,83,58,89,98,21,87,99
[ 98] Sent Broadcast: 1|0,22,65,93,95,1,36,79,44,56,70,67,16,17,47,69,96,30,32,51,11,18,52,86,100,33,40,41,55,57,78,7,13,38,50,59,82,85,90,92,49,80,2,15,27,29,37,39,42,62,71,76,8,10,24,53,63,72,77,81,83,58,89,98,21,87,99
[ 77] Received message from  63: 1|0,22,65,93,95,1,36,79,44,56,70,67,16,17,47,69,96,30,32,51,11,18,52,86,100,33,40,41,55,57,78,7,13,38,50,59,82,85,90,92,49,80,63,2,8,15,27,37,72,77,81,89
[ 62] Received message from  42: 1|0,22,65,93,95,1,36,79,44,56,70,67,16,17,47,69,96,30,32,51,11,18,52,86,100,33,40,41,55,57,78,23,34,85,94,3,4,6,31,91,64,66,92,7,42,50,59,60,90,29,39,43,49,61,62,76,84
[ 27] Received message from  76: 1|0,22,65,93,95,1,36,79,44,56,70,67,16,17,47,69,96,30,32,51,11,18,52,86,100,33,40,41,55,57,78,23,34,85,94,3,4,6,31,91,64,66,92,19,60,75,26,35,43,61,84,9,39,54,73,5,46,76,97,15,27,29,42,49,53,62,71
[ 98] Received message from  72: 1|0,22,65,93,95,1,36,79,44,56,70,67,16,17,47,69,96,30,32,51,11,18,52,86,100,33,40,41,55,57,78,7,13,38,50,59,82,85,90,92,49,80,2,15,27,29,37,39,42,62,71,76,8,10,24,53,63,72,77,81,83,89,98
[ 63] Received message from  15: 1|0,22,65,93,95,1,36,79,44,56,70,67,16,17,47,69,96,30,32,51,11,18,52,86,100,33,40,41,55,57,78,7,13,38,50,59,82,85,90,92,49,80,2,15,27,29,37,39,42,62,71,76,8,10,24,46,53,63,77
[ 29] Received message from  46: 1|0,22,65,93,95,1,36,79,44,56,70,67,16,17,47,69,96,30,32,51,11,18,52,86,100,33,40,41,55,57,78,23,34,85,94,3,4,6,31,91,64,66,92,19,60,75,26,35,43,61,84,9,39,54,73,5,46,97,10,15,24,27,29,53,62,71,76
[ 73] Received message from  39: 1|0,22,65,93,95,1,36,79,44,56,70,67,16,17,47,69,96,30,32,51,11,18,52,86,100,33,40,41,55,57,78,23,34,85,94,3,4,6,31,91,64,66,92,19,60,75,39,42,43,61,26,29,35,46,49,62,73,76,84,97
[ 97] Received message from  73: 1|0,22,65,93,95,1,36,79,44,56,70,67,16,17,47,69,96,30,32,51,11,18,52,86,100,33,40,41,55,57,78,23,34,85,94,3,4,6,31,91,64,66,92,19,60,75,26,35,43,61,84,9,39,54,73,5,46,76,97
[ 90] Sent Broadcast: 1|0,22,65,93,95,1,36,79,44,56,70,67,16,17,47,69,96,30,32,51,11,18,52,86,100,41,78,82,7,13,38,50,59,80,90,92
[ 92] Sent Broadcast: 1|0,22,65,93,95,1,36,79,44,56,70,67,16,17,47,69,96,30,32,51,11,18,52,86,100,33,40,41,55,57,78,23,34,85,94,3,4,6,31,91,64,66,92,7,42,50,59,60,90
[ 76] Received message from  97: 1|0,22,65,93,95,1,36,79,44,56,70,67,16,17,47,69,96,30,32,51,11,18,52,86,100,33,40,41,55,57,78,23,34,85,94,3,4,6,31,91,64,66,92,19,60,75,26,35,43,61,84,9,39,54,73,5,46,97,24,29,53,62,76
[ 77] Received message from  27: 1|0,22,65,93,95,1,36,79,44,56,70,67,16,17,47,69,96,30,32,51,11,18,52,86,100,33,40,41,55,57,78,7,13,38,50,59,82,85,90,92,49,80,2,15,27,29,37,39,42,62,71,76,10,24,46,53,63,77
[ 71] Received message from  49: 1|0,22,65,93,95,1,36,79,44,56,70,67,16,17,47,69,96,30,32,51,11,18,52,86,100,33,40,41,55,57,78,7,13,38,50,59,82,85,90,92,49,80,2,15,27,29,37,39,42,62,71,76
[ 58] Received message from  77: 1|0,22,65,93,95,1,36,79,44,56,70,67,16,17,47,69,96,30,32,51,11,18,52,86,100,33,40,41,55,57,78,7,13,38,50,59,82,85,90,92,49,80,2,15,27,29,37,39,42,62,71,76,8,10,24,53,63,72,77,81,83,58
[ 62] Received message from  37: 1|0,22,65,93,95,1,36,79,44,56,70,67,16,17,47,69,96,30,32,51,11,18,52,86,100,33,40,41,55,57,78,7,13,38,50,59,82,85,90,92,37,49,63,80,2,8,15,24,27,29,53,62,71,72,77
[ 97] Sent Broadcast: 1|0,22,65,93,95,1,36,79,44,56,70,67,16,17,47,69,96,30,32,51,11,18,52,86,100,33,40,41,55,57,78,23,34,85,94,3,4,6,31,91,64,66,92,19,60,75,26,35,43,61,84,9,39,54,73,5,46,97,24,29,53,62,76
[ 53] Received message from  29: 1|0,22,65,93,95,1,36,79,44,56,70,67,16,17,47,69,96,30,32,51,11,18,52,86,100,33,40,41,55,57,78,23,34,85,94,3,4,6,31,91,64,66,92,19,60,75,26,35,43,61,84,29,39,42,46,62,73,76,97,2,15,24,27,37,49,53,71
[ 72] Sent Broadcast: 1|0,22,65,93,95,1,36,79,44,56,70,67,16,17,47,69,96,30,32,51,11,18,52,86,100,33,40,41,55,57,78,7,13,38,50,59,82,85,90,92,49,80,2,15,27,29,37,39,42,62,71,76,8,10,24,53,63,72,77,81,83,89,98
[ 73] Sent Broadcast: 1|0,22,65,93,95,1,36,79,44,56,70,67,16,17,47,69,96,30,32,51,11,18,52,86,100,33,40,41,55,57,78,23,34,85,94,3,4,6,31,91,64,66,92,19,60,75,26,35,43,61,84,9,39,54,73,5,46,76,97
[ 27] Sent Broadcast: 1|0,22,65,93,95,1,36,79,44,56,70,67,16,17,47,69,96,30,32,51,11,18,52,86,100,33,40,41,55,57,78,7,13,38,50,59,82,85,90,92,49,80,2,15,27,29,37,39,42,62,71,76,10,24,46,53,63,77
[ 92] Received message from  78: 1|0,22,65,93,95,1,36,79,44,56,70,67,16,17,47,69,96,30,32,51,11,18,52,86,100,41,78,82,7,13,50,59,85,90,92
[ 77] Sent Broadcast: 1|0,22,65,93,95,1,36,79,44,56,70,67,16,17,47,69,96,30,32,51,11,18,52,86,100,33,40,41,55,57,78,7,13,38,50,59,82,85,90,92,49,80,2,15,27,29,37,39,42,62,71,76,8,10,24,53,63,72,77,81,83,58
[ 29] Received message from  76: 1|0,22,65,93,95,1,36,79,44,56,70,67,16,17,47,69,96,30,32,51,11,18,52,86,100,33,40,41,55,57,78,23,34,85,94,3,4,6,31,91,64,66,92,19,60,75,26,35,43,61,84,9,39,54,73,5,46,76,97,15,27,29,42,49,53,62,71
[ 24] Received message from  62: 1|0,22,65,93,95,1,36,79,44,56,70,67,16,17,47,69,96,30,32,51,11,18,52,86,100,33,40,41,55,57,78,23,34,85,94,3,4,6,31,91,64,66,92,19,60,75,26,35,43,61,84,29,39,42,46,62,73,76,97,2,15,24,27,37,49,53,71
[ 81] Received message from  63: 1|0,22,65,93,95,1,36,79,44,56,70,67,16,17,47,69,96,30,32,51,11,18,52,86,100,33,40,41,55,57,78,7,13,38,50,59,82,85,90,92,49,80,63,2,8,15,27,37,72,77,81,89
[ 46] Received message from  84: 1|0,22,65,93,95,1,36,79,44,56,70,67,16,17,47,69,96,30,32,51,11,18,52,86,100,33,40,41,55,57,78,23,34,85,94,3,4,6,31,91,64,66,92,19,60,75,26,35,43,61,84,5,29,39,42,46,54,62,73,76,97
[ 76] Received message from  49: 1|0,22,65,93,95,1,36,79,44,56,70,67,16,17,47,69,96,30,32,51,11,18,52,86,100,33,40,41,55,57,78,7,13,38,50,59,82,85,90,92,49,80,2,15,27,29,37,39,42,62,71,76
[ 78] Sent Broadcast: 1|0,22,65,93,95,1,36,79,44,56,70,67,16,17,47,69,96,30,32,51,11,18,52,86,100,41,78,82,7,13,50,59,85,90,92
[ 81] Received message from   2: 1|0,22,65,93,95,1,36,79,44,56,70,67,16,17,47,69,96,30,32,51,11,18,52,86,100,33,40,41,55,57,78,7,13,38,50,59,82,85,90,92,49,80,2,15,27,29,37,39,42,62,71,76,8,10,24,53,63,72,77,81,83
[ 24] Received message from  71: 1|0,22,65,93,95,1,36,79,44,56,70,67,16,17,47,69,96,30,32,51,11,18,52,86,100,33,40,41,55,57,78,7,13,38,50,59,82,85,90,92,49,80,2,15,27,29,37,39,42,62,71,76,24,46,53,77
[ 71] Received message from  29: 1|0,22,65,93,95,1,36,79,44,56,70,67,16,17,47,69,96,30,32,51,11,18,52,86,100,33,40,41,55,57,78,23,34,85,94,3,4,6,31,91,64,66,92,19,60,75,26,35,43,61,84,29,39,42,46,62,73,76,97,2,15,24,27,37,49,53,71
[ 77] Received message from  15: 1|0,22,65,93,95,1,36,79,44,56,70,67,16,17,47,69,96,30,32,51,11,18,52,86,100,33,40,41,55,57,78,7,13,38,50,59,82,85,90,92,49,80,2,15,27,29,37,39,42,62,71,76,8,10,24,46,53,63,77
[ 76] Received message from  43: 1|0,22,65,93,95,1,36,79,44,56,70,67,16,17,47,69,96,30,32,51,11,18,52,86,100,33,40,41,55,57,78,23,34,85,94,3,4,6,31,91,64,66,92,19,60,75,26,35,43,61,84,29,39,42,46,62,73,76,97
[ 49] Sent Broadcast: 1|0,22,65,93,95,1,36,79,44,56,70,67,16,17,47,69,96,30,32,51,11,18,52,86,100,33,40,41,55,57,78,7,13,38,50,59,82,85,90,92,49,80,2,15,27,29,37,39,42,62,71,76
[ 58] Received message from  81: 1|0,22,65,93,95,1,36,79,44,56,70,67,16,17,47,69,96,30,32,51,11,18,52,86,100,33,40,41,55,57,78,7,13,38,50,59,82,85,90,92,49,80,2,15,27,29,37,39,42,62,71,76,8,10,24,53,63,72,77,81,83,58,89,98,99
[ 92] Received message from  41: 1|0,22,65,93,95,1,36,79,44,56,70,67,16,17,47,69,96,30,32,51,11,18,52,86,100,33,40,41,55,57,78,7,13,38,50,59,82,85,90,92
[ 41] Sent Broadcast: 1|0,22,65,93,95,1,36,79,44,56,70,67,16,17,47,69,96,30,32,51,11,18,52,86,100,33,40,41,55,57,78,7,13,38,50,59,82,85,90,92
[ 29] Sent Broadcast: 1|0,22,65,93,95,1,36,79,44,56,70,67,16,17,47,69,96,30,32,51,11,18,52,86,100,33,40,41,55,57,78,23,34,85,94,3,4,6,31,91,64,66,92,19,60,75,26,35,43,61,84,29,39,42,46,62,73,76,97,2,15,24,27,37,49,53,71
[ 15] Sent Broadcast: 1|0,22,65,93,95,1,36,79,44,56,70,67,16,17,47,69,96,30,32,51,11,18,52,86,100,33,40,41,55,57,78,7,13,38,50,59,82,85,90,92,49,80,2,15,27,29,37,39,42,62,71,76,8,10,24,46,53,63,77
[ 71] Received message from  37: 1|0,22,65,93,95,1,36,79,44,56,70,67,16,17,47,69,96,30,32,51,11,18,52,86,100,33,40,41,55,57,78,7,13,38,50,59,82,85,90,92,37,49,63,80,2,8,15,24,27,29,53,62,71,72,77
[ 53] Received message from  46: 1|0,22,65,93,95,1,36,79,44,56,70,67,16,17,47,69,96,30,32,51,11,18,52,86,100,33,40,41,55,57,78,23,34,85,94,3,4,6,31,91,64,66,92,19,60,75,26,35,43,61,84,9,39,54,73,5,46,97,10,15,24,27,29,53,62,71,76
[ 76] Received message from  42: 1|0,22,65,93,95,1,36,79,44,56,70,67,16,17,47,69,96,30,32,51,11,18,52,86,100,33,40,41,55,57,78,23,34,85,94,3,4,6,31,91,64,66,92,7,42,50,59,60,90,29,39,43,49,61,62,76,84
[ 83] Received message from   2: 1|0,22,65,93,95,1,36,79,44,56,70,67,16,17,47,69,96,30,32,51,11,18,52,86,100,33,40,41,55,57,78,7,13,38,50,59,82,85,90,92,49,80,2,15,27,29,37,39,42,62,71,76,8,10,24,53,63,72,77,81,83
[ 97] Received message from  43: 1|0,22,65,93,95,1,36,79,44,56,70,67,16,17,47,69,96,30,32,51,11,18,52,86,100,33,40,41,55,57,78,23,34,85,94,3,4,6,31,91,64,66,92,19,60,75,26,35,43,61,84,29,39,42,46,62,73,76,97
[ 89] Received message from  63: 1|0,22,65,93,95,1,36,79,44,56,70,67,16,17,47,69,96,30,32,51,11,18,52,86,100,33,40,41,55,57,78,7,13,38,50,59,82,85,90,92,49,80,63,2,8,15,27,37,72,77,81,89
[ 42] Received message from  76: 1|0,22,65,93,95,1,36,79,44,56,70,67,16,17,47,69,96,30,32,51,11,18,52,86,100,33,40,41,55,57,78,23,34,85,94,3,4,6,31,91,64,66,92,19,60,75,26,35,43,61,84,9,39,54,73,5,46,76,97,15,27,29,42,49,53,62,71
[ 76] Received message from  39: 1|0,22,65,93,95,1,36,79,44,56,70,67,16,17,47,69,96,30,32,51,11,18,52,86,100,33,40,41,55,57,78,23,34,85,94,3,4,6,31,91,64,66,92,19,60,75,39,42,43,61,26,29,35,46,49,62,73,76,84,97
[  2] Sent Broadcast: 1|0,22,65,93,95,1,36,79,44,56,70,67,16,17,47,69,96,30,32,51,11,18,52,86,100,33,40,41,55,57,78,7,13,38,50,59,82,85,90,92,49,80,2,15,27,29,37,39,42,62,71,76,8,10,24,53,63,72,77,81,83
[ 43] Sent Broadcast: 1|0,22,65,93,95,1,36,79,44,56,70,67,16,17,47,69,96,30,32,51,11,18,52,86,100,33,40,41,55,57,78,23,34,85,94,3,4,6,31,91,64,66,92,19,60,75,26,35,43,61,84,29,39,42,46,62,73,76,97
[ 46] Received message from  71: 1|0,22,65,93,95,1,36,79,44,56,70,67,16,17,47,69,96,30,32,51,11,18,52,86,100,33,40,41,55,57,78,7,13,38,50,59,82,85,90,92,49,80,2,15,27,29,37,39,42,62,71,76,24,46,53,77
[ 63] Sent Broadcast: 1|0,22,65,93,95,1,36,79,44,56,70,67,16,17,47,69,96,30,32,51,11,18,52,86,100,33,40,41,55,57,78,7,13,38,50,59,82,85,90,92,49,80,63,2,8,15,27,37,72,77,81,89
[ 89] Received message from  81: 1|0,22,65,93,95,1,36,79,44,56,70,67,16,17,47,69,96,30,32,51,11,18,52,86,100,33,40,41,55,57,78,7,13,38,50,59,82,85,90,92,49,80,2,15,27,29,37,39,42,62,71,76,8,10,24,53,63,72,77,81,83,58,89,98,99
[ 84] Received message from  42: 1|0,22,65,93,95,1,36,79,44,56,70,67,16,17,47,69,96,30,32,51,11,18,52,86,100,33,40,41,55,57,78,23,34,85,94,3,4,6,31,91,64,66,92,7,42,50,59,60,90,29,39,43,49,61,62,76,84
[ 27] Received message from  62: 1|0,22,65,93,95,1,36,79,44,56,70,67,16,17,47,69,96,30,32,51,11,18,52,86,100,33,40,41,55,57,78,23,34,85,94,3,4,6,31,91,64,66,92,19,60,75,26,35,43,61,84,29,39,42,46,62,73,76,97,2,15,24,27,37,49,53,71
[ 58] Received message from  83: 1|0,22,65,93,95,1,36,79,44,56,70,67,16,17,47,69,96,30,32,51,11,18,52,86,100,33,40,41,55,57,78,7,13,38,50,59,82,85,90,92,49,80,2,15,27,29,37,39,42,62,71,76,8,10,24,53,63,72,77,81,83,58
[ 72] Received message from  37: 1|0,22,65,93,95,1,36,79,44,56,70,67,16,17,47,69,96,30,32,51,11,18,52,86,100,33,40,41,55,57,78,7,13,38,50,59,82,85,90,92,37,49,63,80,2,8,15,24,27,29,53,62,71,72,77
[ 54] Received message from  84: 1|0,22,65,93,95,1,36,79,44,56,70,67,16,17,47,69,96,30,32,51,11,18,52,86,100,33,40,41,55,57,78,23,34,85,94,3,4,6,31,91,64,66,92,19,60,75,26,35,43,61,84,5,29,39,42,46,54,62,73,76,97
[ 83] Sent Broadcast: 1|0,22,65,93,95,1,36,79,44,56,70,67,16,17,47,69,96,30,32,51,11,18,52,86,100,33,40,41,55,57,78,7,13,38,50,59,82,85,90,92,49,80,2,15,27,29,37,39,42,62,71,76,8,10,24,53,63,72,77,81,83,58
[ 62] Received message from  46: 1|0,22,65,93,95,1,36,79,44,56,70,67,16,17,47,69,96,30,32,51,11,18,52,86,100,33,40,41,55,57,78,23,34,85,94,3,4,6,31,91,64,66,92,19,60,75,26,35,43,61,84,9,39,54,73,5,46,97,10,15,24,27,29,53,62,71,76
[ 53] Received message from  71: 1|0,22,65,93,95,1,36,79,44,56,70,67,16,17,47,69,96,30,32,51,11,18,52,86,100,33,40,41,55,57,78,7,13,38,50,59,82,85,90,92,49,80,2,15,27,29,37,39,42,62,71,76,24,46,53,77
[ 49] Received message from  76: 1|0,22,65,93,95,1,36,79,44,56,70,67,16,17,47,69,96,30,32,51,11,18,52,86,100,33,40,41,55,57,78,23,34,85,94,3,4,6,31,91,64,66,92,19,60,75,26,35,43,61,84,9,39,54,73,5,46,76,97,15,27,29,42,49,53,62,71
[ 84] Received message from  39: 1|0,22,65,93,95,1,36,79,44,56,70,67,16,17,47,69,96,30,32,51,11,18,52,86,100,33,40,41,55,57,78,23,34,85,94,3,4,6,31,91,64,66,92,19,60,75,39,42,43,61,26,29,35,46,49,62,73,76,84,97
[ 42] Sent Broadcast: 1|0,22,65,93,95,1,36,79,44,56,70,67,16,17,47,69,96,30,32,51,11,18,52,86,100,33,40,41,55,57,78,23,34,85,94,3,4,6,31,91,64,66,92,7,42,50,59,60,90,29,39,43,49,61,62,76,84
[ 71] Received message from  46: 1|0,22,65,93,95,1,36,79,44,56,70,67,16,17,47,69,96,30,32,51,11,18,52,86,100,33,40,41,55,57,78,23,34,85,94,3,4,6,31,91,64,66,92,19,60,75,26,35,43,61,84,9,39,54,73,5,46,97,10,15,24,27,29,53,62,71,76
[ 62] Received message from  84: 1|0,22,65,93,95,1,36,79,44,56,70,67,16,17,47,69,96,30,32,51,11,18,52,86,100,33,40,41,55,57,78,23,34,85,94,3,4,6,31,91,64,66,92,19,60,75,26,35,43,61,84,5,29,39,42,46,54,62,73,76,97
[ 97] Received message from  39: 1|0,22,65,93,95,1,36,79,44,56,70,67,16,17,47,69,96,30,32,51,11,18,52,86,100,33,40,41,55,57,78,23,34,85,94,3,4,6,31,91,64,66,92,19,60,75,39,42,43,61,26,29,35,46,49,62,73,76,84,97
[ 77] Received message from  37: 1|0,22,65,93,95,1,36,79,44,56,70,67,16,17,47,69,96,30,32,51,11,18,52,86,100,33,40,41,55,57,78,7,13,38,50,59,82,85,90,92,37,49,63,80,2,8,15,24,27,29,53,62,71,72,77
[ 77] Received message from  71: 1|0,22,65,93,95,1,36,79,44,56,70,67,16,17,47,69,96,30,32,51,11,18,52,86,100,33,40,41,55,57,78,7,13,38,50,59,82,85,90,92,49,80,2,15,27,29,37,39,42,62,71,76,24,46,53,77
[ 98] Received message from  81: 1|0,22,65,93,95,1,36,79,44,56,70,67,16,17,47,69,96,30,32,51,11,18,52,86,100,33,40,41,55,57,78,7,13,38,50,59,82,85,90,92,49,80,2,15,27,29,37,39,42,62,71,76,8,10,24,53,63,72,77,81,83,58,89,98,99
[ 39] Sent Broadcast: 1|0,22,65,93,95,1,36,79,44,56,70,67,16,17,47,69,96,30,32,51,11,18,52,86,100,33,40,41,55,57,78,23,34,85,94,3,4,6,31,91,64,66,92,19,60,75,39,42,43,61,26,29,35,46,49,62,73,76,84,97
[ 76] Received message from  46: 1|0,22,65,93,95,1,36,79,44,56,70,67,16,17,47,69,96,30,32,51,11,18,52,86,100,33,40,41,55,57,78,23,34,85,94,3,4,6,31,91,64,66,92,19,60,75,26,35,43,61,84,9,39,54,73,5,46,97,10,15,24,27,29,53,62,71,76
[ 37] Received message from  62: 1|0,22,65,93,95,1,36,79,44,56,70,67,16,17,47,69,96,30,32,51,11,18,52,86,100,33,40,41,55,57,78,23,34,85,94,3,4,6,31,91,64,66,92,19,60,75,26,35,43,61,84,29,39,42,46,62,73,76,97,2,15,24,27,37,49,53,71
[ 53] Received message from  76: 1|0,22,65,93,95,1,36,79,44,56,70,67,16,17,47,69,96,30,32,51,11,18,52,86,100,33,40,41,55,57,78,23,34,85,94,3,4,6,31,91,64,66,92,19,60,75,26,35,43,61,84,9,39,54,73,5,46,76,97,15,27,29,42,49,53,62,71
[ 37] Sent Broadcast: 1|0,22,65,93,95,1,36,79,44,56,70,67,16,17,47,69,96,30,32,51,11,18,52,86,100,33,40,41,55,57,78,7,13,38,50,59,82,85,90,92,37,49,63,80,2,8,15,24,27,29,53,62,71,72,77
[ 71] Sent Broadcast: 1|0,22,65,93,95,1,36,79,44,56,70,67,16,17,47,69,96,30,32,51,11,18,52,86,100,33,40,41,55,57,78,7,13,38,50,59,82,85,90,92,49,80,2,15,27,29,37,39,42,62,71,76,24,46,53,77
[ 46] Sent Broadcast: 1|0,22,65,93,95,1,36,79,44,56,70,67,16,17,47,69,96,30,32,51,11,18,52,86,100,33,40,41,55,57,78,23,34,85,94,3,4,6,31,91,64,66,92,19,60,75,26,35,43,61,84,9,39,54,73,5,46,97,10,15,24,27,29,53,62,71,76
[ 99] Received message from  81: 1|0,22,65,93,95,1,36,79,44,56,70,67,16,17,47,69,96,30,32,51,11,18,52,86,100,33,40,41,55,57,78,7,13,38,50,59,82,85,90,92,49,80,2,15,27,29,37,39,42,62,71,76,8,10,24,53,63,72,77,81,83,58,89,98,99
[ 73] Received message from  84: 1|0,22,65,93,95,1,36,79,44,56,70,67,16,17,47,69,96,30,32,51,11,18,52,86,100,33,40,41,55,57,78,23,34,85,94,3,4,6,31,91,64,66,92,19,60,75,26,35,43,61,84,5,29,39,42,46,54,62,73,76,97
[ 81] Sent Broadcast: 1|0,22,65,93,95,1,36,79,44,56,70,67,16,17,47,69,96,30,32,51,11,18,52,86,100,33,40,41,55,57,78,7,13,38,50,59,82,85,90,92,49,80,2,15,27,29,37,39,42,62,71,76,8,10,24,53,63,72,77,81,83,58,89,98,99
[ 62] Received message from  76: 1|0,22,65,93,95,1,36,79,44,56,70,67,16,17,47,69,96,30,32,51,11,18,52,86,100,33,40,41,55,57,78,23,34,85,94,3,4,6,31,91,64,66,92,19,60,75,26,35,43,61,84,9,39,54,73,5,46,76,97,15,27,29,42,49,53,62,71
[ 76] Received message from  84: 1|0,22,65,93,95,1,36,79,44,56,70,67,16,17,47,69,96,30,32,51,11,18,52,86,100,33,40,41,55,57,78,23,34,85,94,3,4,6,31,91,64,66,92,19,60,75,26,35,43,61,84,5,29,39,42,46,54,62,73,76,97
[ 49] Received message from  62: 1|0,22,65,93,95,1,36,79,44,56,70,67,16,17,47,69,96,30,32,51,11,18,52,86,100,33,40,41,55,57,78,23,34,85,94,3,4,6,31,91,64,66,92,19,60,75,26,35,43,61,84,29,39,42,46,62,73,76,97,2,15,24,27,37,49,53,71
[ 71] Received message from  76: 1|0,22,65,93,95,1,36,79,44,56,70,67,16,17,47,69,96,30,32,51,11,18,52,86,100,33,40,41,55,57,78,23,34,85,94,3,4,6,31,91,64,66,92,19,60,75,26,35,43,61,84,9,39,54,73,5,46,76,97,15,27,29,42,49,53,62,71
[ 76] Sent Broadcast: 1|0,22,65,93,95,1,36,79,44,56,70,67,16,17,47,69,96,30,32,51,11,18,52,86,100,33,40,41,55,57,78,23,34,85,94,3,4,6,31,91,64,66,92,19,60,75,26,35,43,61,84,9,39,54,73,5,46,76,97,15,27,29,42,49,53,62,71
[ 53] Received message from  62: 1|0,22,65,93,95,1,36,79,44,56,70,67,16,17,47,69,96,30,32,51,11,18,52,86,100,33,40,41,55,57,78,23,34,85,94,3,4,6,31,91,64,66,92,19,60,75,26,35,43,61,84,29,39,42,46,62,73,76,97,2,15,24,27,37,49,53,71
[ 97] Received message from  84: 1|0,22,65,93,95,1,36,79,44,56,70,67,16,17,47,69,96,30,32,51,11,18,52,86,100,33,40,41,55,57,78,23,34,85,94,3,4,6,31,91,64,66,92,19,60,75,26,35,43,61,84,5,29,39,42,46,54,62,73,76,97
[ 84] Sent Broadcast: 1|0,22,65,93,95,1,36,79,44,56,70,67,16,17,47,69,96,30,32,51,11,18,52,86,100,33,40,41,55,57,78,23,34,85,94,3,4,6,31,91,64,66,92,19,60,75,26,35,43,61,84,5,29,39,42,46,54,62,73,76,97
[ 71] Received message from  62: 1|0,22,65,93,95,1,36,79,44,56,70,67,16,17,47,69,96,30,32,51,11,18,52,86,100,33,40,41,55,57,78,23,34,85,94,3,4,6,31,91,64,66,92,19,60,75,26,35,43,61,84,29,39,42,46,62,73,76,97,2,15,24,27,37,49,53,71
[ 62] Sent Broadcast: 1|0,22,65,93,95,1,36,79,44,56,70,67,16,17,47,69,96,30,32,51,11,18,52,86,100,33,40,41,55,57,78,23,34,85,94,3,4,6,31,91,64,66,92,19,60,75,26,35,43,61,84,29,39,42,46,62,73,76,97,2,15,24,27,37,49,53,71
