[  2] Received message from   1: 1|0,2,8,48,54,77,86,99
[  8] Received message from   1: 1|0,2,8,48,54,77,86,99
[ 13] Received message from   2: 1|0,2,8,48,54,77,86,99,1,13,21,35,49,59,61
[ 48] Received message from   1: 1|0,2,8,48,54,77,86,99
[ 21] Received message from   8: 1|0,2,8,48,54,77,86,99,1,21,59
[ 38] Received message from  13: 1|0,2,8,48,54,77,86,99,1,13,21,35,49,59,61,38,63,81,87,100
[ 21] Received message from   2: 1|0,2,8,48,54,77,86,99,1,13,21,35,49,59,61
[ 13] Received message from  48: 1|0,2,8,48,54,77,86,99,1,13,21,35,49,59,61
[ 95] Received message from  38: 1|0,2,8,48,54,77,86,99,1,13,21,35,49,59,61,38,63,81,87,100,95
[ 59] Received message from   8: 1|0,2,8,48,54,77,86,99,1,21,59
[ 63] Received message from  13: 1|0,2,8,48,54,77,86,99,1,13,21,35,49,59,61,38,63,81,87,100
[ 54] Received message from   1: 1|0,2,8,48,54,77,86,99
[  3] Received message from  21: 1|0,2,8,48,54,77,86,99,1,21,59,3,7,13,35,49,63,81,100
[ 38] Sent Broadcast: 1|0,2,8,48,54,77,86,99,1,13,21,35,49,59,61,38,63,81,87,100,95
[  8] Sent Broadcast: 1|0,2,8,48,54,77,86,99,1,21,59
[ 35] Received message from   2: 1|0,2,8,48,54,77,86,99,1,13,21,35,49,59,61
[ 21] Received message from  48: 1|0,2,8,48,54,77,86,99,1,13,21,35,49,59,61
[ 77] Received message from   1: 1|0,2,8,48,54,77,86,99
[ 35] Received message from  48: 1|0,2,8,48,54,77,86,99,1,13,21,35,49,59,61
[ 81] Received message from  13: 1|0,2,8,48,54,77,86,99,1,13,21,35,49,59,61,38,63,81,87,100
[ 10] Received message from  95: 1|0,2,8,48,54,77,86,99,1,13,21,35,49,59,61,38,63,81,87,100,95,10,20,43,47,96
[  7] Received message from  21: 1|0,2,8,48,54,77,86,99,1,21,59,3,7,13,35,49,63,81,100
[  9] Received message from  77: 1|0,2,8,48,54,77,86,99,1,9,88,90
[ 49] Received message from   2: 1|0,2,8,48,54,77,86,99,1,13,21,35,49,59,61
[ 12] Received message from  54: 1|0,2,8,48,54,77,86,99,1,12,21,34,45,49,59,61,62
[ 86] Received message from   1: 1|0,2,8,48,54,77,86,99
[ 12] Received message from   3: 1|0,2,8,48,54,77,86,99,1,21,59,3,7,13,35,49,63,81,100,12,44,45,47,61,71
[ 49] Received message from  48: 1|0,2,8,48,54,77,86,99,1,13,21,35,49,59,61
[  3] Received message from  63: 1|0,2,8,48,54,77,86,99,1,13,21,35,49,59,61,38,63,81,87,100,3,44,47,95
[ 87] Received message from  13: 1|0,2,8,48,54,77,86,99,1,13,21,35,49,59,61,38,63,81,87,100
[ 13] Received message from  21: 1|0,2,8,48,54,77,86,99,1,21,59,3,7,13,35,49,63,81,100
[ 88] Received message from  77: 1|0,2,8,48,54,77,86,99,1,9,88,90
[ 20] Received message from  95: 1|0,2,8,48,54,77,86,99,1,13,21,35,49,59,61,38,63,81,87,100,95,10,20,43,47,96
[ 59] Received message from   2: 1|0,2,8,48,54,77,86,99,1,13,21,35,49,59,61
[ 44] Received message from   3: 1|0,2,8,48,54,77,86,99,1,21,59,3,7,13,35,49,63,81,100,12,44,45,47,61,71
[  9] Received message from  86: 1|0,2,8,48,54,77,86,99,1,9,80,88,90
[ 26] Received message from  12: 1|0,2,8,48,54,77,86,99,1,21,59,3,7,13,35,49,63,81,100,12,44,45,47,61,71,26,34,62
[ 69] Received message from  10: 1|0,2,8,48,54,77,86,99,1,13,21,35,49,59,61,38,63,81,87,100,95,10,20,43,47,96,69
[  3] Received message from  59: 1|0,2,8,48,54,77,86,99,1,21,59,3,7,12,26,34,35,45,49,61,62
[ 35] Received message from  21: 1|0,2,8,48,54,77,86,99,1,21,59,3,7,13,35,49,63,81,100
[ 21] Received message from  54: 1|0,2,8,48,54,77,86,99,1,12,21,34,45,49,59,61,62
[ 44] Received message from  63: 1|0,2,8,48,54,77,86,99,1,13,21,35,49,59,61,38,63,81,87,100,3,44,47,95
[ 10] Received message from  87: 1|0,2,8,48,54,77,86,99,1,13,21,35,49,59,61,38,63,81,87,100,10,47,95,96
[  3] Received message from  35: 1|0,2,8,48,54,77,86,99,1,13,21,35,49,59,61,3,7,12,44,47,63,100
[  3] Received message from  49: 1|0,2,8,48,54,77,86,99,1,13,21,35,49,59,61,3,7,12,44,45,63
[ 59] Received message from  48: 1|0,2,8,48,54,77,86,99,1,13,21,35,49,59,61
[ 19] Received message from  26: 1|0,2,8,48,54,77,86,99,1,21,59,3,7,13,35,49,63,81,100,12,44,45,47,61,71,26,34,62,19,28,41,68,83,91
[ 25] Received message from  69: 1|0,2,8,48,54,77,86,99,1,13,21,35,49,59,61,38,63,81,87,100,95,10,20,43,47,96,69,25,39,74,79
[ 10] Sent Broadcast: 1|0,2,8,48,54,77,86,99,1,13,21,35,49,59,61,38,63,81,87,100,95,10,20,43,47,96,69
[ 99] Received message from   1: 1|0,2,8,48,54,77,86,99
[100] Received message from  13: 1|0,2,8,48,54,77,86,99,1,13,21,35,49,59,61,38,63,81,87,100
[ 90] Received message from  77: 1|0,2,8,48,54,77,86,99,1,9,88,90
[ 43] Received message from  95: 1|0,2,8,48,54,77,86,99,1,13,21,35,49,59,61,38,63,81,87,100,95,10,20,43,47,96
[ 45] Received message from   3: 1|0,2,8,48,54,77,86,99,1,21,59,3,7,13,35,49,63,81,100,12,44,45,47,61,71
[  7] Received message from  44: 1|0,2,8,48,54,77,86,99,1,13,21,35,49,59,61,38,63,81,87,100,3,44,47,95,7,12,23,71
[ 12] Received message from   7: 1|0,2,8,48,54,77,86,99,1,21,59,3,7,13,35,49,63,81,100,12,26,44,45,61,71
[ 34] Received message from  12: 1|0,2,8,48,54,77,86,99,1,21,59,3,7,13,35,49,63,81,100,12,44,45,47,61,71,26,34,62
[ 39] Received message from  69: 1|0,2,8,48,54,77,86,99,1,13,21,35,49,59,61,38,63,81,87,100,95,10,20,43,47,96,69,25,39,74,79
[ 56] Received message from  19: 1|0,2,8,48,54,77,86,99,1,21,59,3,7,13,35,49,63,81,100,12,44,45,47,61,71,26,34,62,19,28,41,68,83,91,56,57,60,80,89
[  7] Received message from  59: 1|0,2,8,48,54,77,86,99,1,21,59,3,7,12,26,34,35,45,49,61,62
[ 69] Received message from  20: 1|0,2,8,48,54,77,86,99,1,13,21,35,49,59,61,38,63,81,87,100,95,10,20,43,47,96,69
[ 61] Received message from   2: 1|0,2,8,48,54,77,86,99,1,13,21,35,49,59,61
[ 49] Received message from  21: 1|0,2,8,48,54,77,86,99,1,21,59,3,7,13,35,49,63,81,100
[ 32] Received message from  90: 1|0,2,8,48,54,77,86,99,1,9,88,90,32
[ 19] Received message from  45: 1|0,2,8,48,54,77,86,99,1,21,59,3,7,13,35,49,63,81,100,12,44,45,47,61,71,19,26,34,41,62,68
[ 28] Received message from  26: 1|0,2,8,48,54,77,86,99,1,21,59,3,7,13,35,49,63,81,100,12,44,45,47,61,71,26,34,62,19,28,41,68,83,91
[  7] Received message from  35: 1|0,2,8,48,54,77,86,99,1,13,21,35,49,59,61,3,7,12,44,47,63,100
[ 90] Sent Broadcast: 1|0,2,8,48,54,77,86,99,1,9,88,90,32
[ 80] Received message from  86: 1|0,2,8,48,54,77,86,99,1,9,80,88,90
[ 61] Received message from  48: 1|0,2,8,48,54,77,86,99,1,13,21,35,49,59,61
[ 17] Received message from  25: 1|0,2,8,48,54,77,86,99,1,13,21,35,49,59,61,38,63,81,87,100,95,10,20,43,47,96,69,25,39,74,79,17,22,23,31,40,42,55,67
[ 39] Received message from  43: 1|0,2,8,48,54,77,86,99,1,13,21,35,49,59,61,38,63,81,87,100,95,10,20,43,47,96,39,69,79
[ 47] Received message from  87: 1|0,2,8,48,54,77,86,99,1,13,21,35,49,59,61,38,63,81,87,100,10,47,95,96
[ 34] Received message from  54: 1|0,2,8,48,54,77,86,99,1,12,21,34,45,49,59,61,62
[ 19] Received message from  34: 1|0,2,8,48,54,77,86,99,1,21,59,3,7,13,35,49,63,81,100,12,44,45,47,61,71,26,34,62,19,41,68,83,91
[  1] Sent Broadcast: 1|0,2,8,48,54,77,86,99
[ 13] Sent Broadcast: 1|0,2,8,48,54,77,86,99,1,13,21,35,49,59,61,38,63,81,87,100
[ 47] Received message from  63: 1|0,2,8,48,54,77,86,99,1,13,21,35,49,59,61,38,63,81,87,100,3,44,47,95
[  7] Received message from  49: 1|0,2,8,48,54,77,86,99,1,13,21,35,49,59,61,3,7,12,44,45,63
[ 12] Received message from  99: 1|0,2,8,48,54,77,86,99,1,12,19,26,34,45,59,61,62,68,83
[  3] Received message from  61: 1|0,2,8,48,54,77,86,99,1,13,21,35,49,59,61,3,7,12,19,26,34,45,62
[ 42] Received message from  39: 1|0,2,8,48,54,77,86,99,1,13,21,35,49,59,61,38,63,81,87,100,95,10,20,43,47,96,69,25,39,74,79,42,67
[ 37] Received message from  56: 1|0,2,8,48,54,77,86,99,1,21,59,3,7,13,35,49,63,81,100,12,44,45,47,61,71,26,34,62,19,28,41,68,83,91,56,57,60,80,89,37,70,76,78
[  3] Received message from  47: 1|0,2,8,48,54,77,86,99,1,13,21,35,49,59,61,38,63,81,87,100,10,47,95,96,3,20,43,44,69
[ 77] Sent Broadcast: 1|0,2,8,48,54,77,86,99,1,9,88,90
[ 20] Sent Broadcast: 1|0,2,8,48,54,77,86,99,1,13,21,35,49,59,61,38,63,81,87,100,95,10,20,43,47,96,69
[  2] Sent Broadcast: 1|0,2,8,48,54,77,86,99,1,13,21,35,49,59,61
[ 88] Received message from  86: 1|0,2,8,48,54,77,86,99,1,9,80,88,90
[ 11] Received message from  28: 1|0,2,8,48,54,77,86,99,1,21,59,3,7,13,35,49,63,81,100,12,44,45,47,61,71,26,34,62,19,28,41,68,83,91,11,16,33,46,57,70,72,76,89
[ 19] Received message from  80: 1|0,2,8,48,54,77,86,99,1,9,80,88,90,19,56,60,68,78,83,93
[ 48] Sent Broadcast: 1|0,2,8,48,54,77,86,99,1,13,21,35,49,59,61
[ 12] Received message from  44: 1|0,2,8,48,54,77,86,99,1,13,21,35,49,59,61,38,63,81,87,100,3,44,47,95,7,12,23,71
[ 14] Received message from  32: 1|0,2,8,48,54,77,86,99,1,9,88,90,32,14,37,93
[ 47] Received message from  95: 1|0,2,8,48,54,77,86,99,1,13,21,35,49,59,61,38,63,81,87,100,95,10,20,43,47,96
[ 17] Received message from  42: 1|0,2,8,48,54,77,86,99,1,13,21,35,49,59,61,38,63,81,87,100,95,10,20,43,47,96,69,25,39,74,79,42,67,17,22,31,40,55
[ 95] Received message from  87: 1|0,2,8,48,54,77,86,99,1,13,21,35,49,59,61,38,63,81,87,100,10,47,95,96
[ 74] Received message from  69: 1|0,2,8,48,54,77,86,99,1,13,21,35,49,59,61,38,63,81,87,100,95,10,20,43,47,96,69,25,39,74,79
[ 57] Received message from  19: 1|0,2,8,48,54,77,86,99,1,21,59,3,7,13,35,49,63,81,100,12,44,45,47,61,71,26,34,62,19,28,41,68,83,91,56,57,60,80,89
[ 12] Received message from  59: 1|0,2,8,48,54,77,86,99,1,21,59,3,7,12,26,34,35,45,49,61,62
[ 67] Received message from  39: 1|0,2,8,48,54,77,86,99,1,13,21,35,49,59,61,38,63,81,87,100,95,10,20,43,47,96,69,25,39,74,79,42,67
[ 22] Received message from  25: 1|0,2,8,48,54,77,86,99,1,13,21,35,49,59,61,38,63,81,87,100,95,10,20,43,47,96,69,25,39,74,79,17,22,23,31,40,42,55,67
[ 41] Received message from  26: 1|0,2,8,48,54,77,86,99,1,21,59,3,7,13,35,49,63,81,100,12,44,45,47,61,71,26,34,62,19,28,41,68,83,91
[ 26] Received message from   7: 1|0,2,8,48,54,77,86,99,1,21,59,3,7,13,35,49,63,81,100,12,26,44,45,61,71
[ 19] Received message from  99: 1|0,2,8,48,54,77,86,99,1,12,19,26,34,45,59,61,62,68,83
[ 63] Received message from  21: 1|0,2,8,48,54,77,86,99,1,21,59,3,7,13,35,49,63,81,100
[ 47] Received message from   3: 1|0,2,8,48,54,77,86,99,1,21,59,3,7,13,35,49,63,81,100,12,44,45,47,61,71
[ 45] Received message from  54: 1|0,2,8,48,54,77,86,99,1,12,21,34,45,49,59,61,62
[ 62] Received message from  12: 1|0,2,8,48,54,77,86,99,1,21,59,3,7,13,35,49,63,81,100,12,44,45,47,61,71,26,34,62
[  7] Received message from  61: 1|0,2,8,48,54,77,86,99,1,13,21,35,49,59,61,3,7,12,19,26,34,45,62
[ 22] Received message from  42: 1|0,2,8,48,54,77,86,99,1,13,21,35,49,59,61,38,63,81,87,100,95,10,20,43,47,96,69,25,39,74,79,42,67,17,22,31,40,55
[ 70] Received message from  56: 1|0,2,8,48,54,77,86,99,1,21,59,3,7,13,35,49,63,81,100,12,44,45,47,61,71,26,34,62,19,28,41,68,83,91,56,57,60,80,89,37,70,76,78
[ 69] Received message from  43: 1|0,2,8,48,54,77,86,99,1,13,21,35,49,59,61,38,63,81,87,100,95,10,20,43,47,96,39,69,79
[ 12] Received message from  35: 1|0,2,8,48,54,77,86,99,1,13,21,35,49,59,61,3,7,12,44,47,63,100
[ 20] Received message from  47: 1|0,2,8,48,54,77,86,99,1,13,21,35,49,59,61,38,63,81,87,100,10,47,95,96,3,20,43,44,69
[ 26] Received message from  45: 1|0,2,8,48,54,77,86,99,1,21,59,3,7,13,35,49,63,81,100,12,44,45,47,61,71,19,26,34,41,62,68
[ 56] Received message from  80: 1|0,2,8,48,54,77,86,99,1,9,80,88,90,19,56,60,68,78,83,93
[ 14] Received message from  37: 1|0,2,8,48,54,77,86,99,1,21,59,3,7,13,35,49,63,81,100,12,44,45,47,61,71,26,34,62,19,28,41,68,83,91,56,57,60,80,89,37,70,76,78,14,32,93
[  6] Received message from  14: 1|0,2,8,48,54,77,86,99,1,9,88,90,32,14,37,93,6,78
[ 12] Received message from  49: 1|0,2,8,48,54,77,86,99,1,13,21,35,49,59,61,3,7,12,44,45,63
[ 17] Received message from  67: 1|0,2,8,48,54,77,86,99,1,13,21,35,49,59,61,38,63,81,87,100,95,10,20,43,47,96,69,25,39,74,79,42,67,17,22,40,55
[ 41] Received message from  34: 1|0,2,8,48,54,77,86,99,1,21,59,3,7,13,35,49,63,81,100,12,44,45,47,61,71,26,34,62,19,41,68,83,91
[ 39] Sent Broadcast: 1|0,2,8,48,54,77,86,99,1,13,21,35,49,59,61,38,63,81,87,100,95,10,20,43,47,96,69,25,39,74,79,42,67
[ 16] Received message from  28: 1|0,2,8,48,54,77,86,99,1,21,59,3,7,13,35,49,63,81,100,12,44,45,47,61,71,26,34,62,19,28,41,68,83,91,11,16,33,46,57,70,72,76,89
[ 12] Sent Broadcast: 1|0,2,8,48,54,77,86,99,1,21,59,3,7,13,35,49,63,81,100,12,44,45,47,61,71,26,34,62
[ 90] Received message from  86: 1|0,2,8,48,54,77,86,99,1,9,80,88,90
[ 95] Received message from  63: 1|0,2,8,48,54,77,86,99,1,13,21,35,49,59,61,38,63,81,87,100,3,44,47,95
[ 37] Received message from  32: 1|0,2,8,48,54,77,86,99,1,9,88,90,32,14,37,93
[ 61] Received message from   3: 1|0,2,8,48,54,77,86,99,1,21,59,3,7,13,35,49,63,81,100,12,44,45,47,61,71
[ 96] Received message from  87: 1|0,2,8,48,54,77,86,99,1,13,21,35,49,59,61,38,63,81,87,100,10,47,95,96
[ 23] Received message from  44: 1|0,2,8,48,54,77,86,99,1,13,21,35,49,59,61,38,63,81,87,100,3,44,47,95,7,12,23,71
[ 58] Received message from  22: 1|0,2,8,48,54,77,86,99,1,13,21,35,49,59,61,38,63,81,87,100,95,10,20,43,47,96,69,25,39,74,79,42,67,17,22,31,40,55,58,97
[ 19] Received message from  62: 1|0,2,8,48,54,77,86,99,1,21,59,3,7,13,35,49,63,81,100,12,44,45,47,61,71,26,34,62,19,68,83
[ 11] Received message from  70: 1|0,2,8,48,54,77,86,99,1,21,59,3,7,13,35,49,63,81,100,12,44,45,47,61,71,26,34,62,19,28,41,68,83,91,56,57,60,80,89,37,70,76,78,11,33,46,50
[ 60] Received message from  19: 1|0,2,8,48,54,77,86,99,1,21,59,3,7,13,35,49,63,81,100,12,44,45,47,61,71,26,34,62,19,28,41,68,83,91,56,57,60,80,89
[ 23] Received message from  25: 1|0,2,8,48,54,77,86,99,1,13,21,35,49,59,61,38,63,81,87,100,95,10,20,43,47,96,69,25,39,74,79,17,22,23,31,40,42,55,67
[ 44] Received message from   7: 1|0,2,8,48,54,77,86,99,1,21,59,3,7,13,35,49,63,81,100,12,26,44,45,61,71
[ 79] Received message from  69: 1|0,2,8,48,54,77,86,99,1,13,21,35,49,59,61,38,63,81,87,100,95,10,20,43,47,96,69,25,39,74,79
[ 17] Received message from  74: 1|0,2,8,48,54,77,86,99,1,13,21,35,49,59,61,38,63,81,87,100,95,10,20,43,47,96,69,25,39,74,79,17,22,23,40,42,67
[ 49] Received message from  54: 1|0,2,8,48,54,77,86,99,1,12,21,34,45,49,59,61,62
[ 24] Received message from  23: 1|0,2,8,48,54,77,86,99,1,13,21,35,49,59,61,38,63,81,87,100,3,44,47,95,7,12,23,71,24,25,40,72,74,94
[ 26] Received message from  99: 1|0,2,8,48,54,77,86,99,1,12,19,26,34,45,59,61,62,68,83
[ 66] Received message from   6: 1|0,2,8,48,54,77,86,99,1,9,88,90,32,14,37,93,6,78,66
[ 17] Received message from  79: 1|0,2,8,48,54,77,86,99,1,13,21,35,49,59,61,38,63,81,87,100,95,10,20,43,47,96,69,25,39,74,79,17,40,42,67
[ 26] Received message from  59: 1|0,2,8,48,54,77,86,99,1,21,59,3,7,12,26,34,35,45,49,61,62
[ 68] Received message from  26: 1|0,2,8,48,54,77,86,99,1,21,59,3,7,13,35,49,63,81,100,12,44,45,47,61,71,26,34,62,19,28,41,68,83,91
[ 34] Received message from  45: 1|0,2,8,48,54,77,86,99,1,21,59,3,7,13,35,49,63,81,100,12,44,45,47,61,71,19,26,34,41,62,68
[ 11] Received message from  57: 1|0,2,8,48,54,77,86,99,1,21,59,3,7,13,35,49,63,81,100,12,44,45,47,61,71,26,34,62,19,28,41,68,83,91,56,57,60,80,89,11,16,33,46,50,70,76,78
[ 33] Received message from  28: 1|0,2,8,48,54,77,86,99,1,21,59,3,7,13,35,49,63,81,100,12,44,45,47,61,71,26,34,62,19,28,41,68,83,91,11,16,33,46,57,70,72,76,89
[ 86] Sent Broadcast: 1|0,2,8,48,54,77,86,99,1,9,80,88,90
[ 87] Sent Broadcast: 1|0,2,8,48,54,77,86,99,1,13,21,35,49,59,61,38,63,81,87,100,10,47,95,96
[ 63] Sent Broadcast: 1|0,2,8,48,54,77,86,99,1,13,21,35,49,59,61,38,63,81,87,100,3,44,47,95
[ 44] Received message from  35: 1|0,2,8,48,54,77,86,99,1,13,21,35,49,59,61,3,7,12,44,47,63,100
[ 12] Received message from  61: 1|0,2,8,48,54,77,86,99,1,13,21,35,49,59,61,3,7,12,19,26,34,45,62
[ 60] Received message from  80: 1|0,2,8,48,54,77,86,99,1,9,80,88,90,19,56,60,68,78,83,93
[ 76] Received message from  56: 1|0,2,8,48,54,77,86,99,1,21,59,3,7,13,35,49,63,81,100,12,44,45,47,61,71,26,34,62,19,28,41,68,83,91,56,57,60,80,89,37,70,76,78
[ 24] Received message from  16: 1|0,2,8,48,54,77,86,99,1,21,59,3,7,13,35,49,63,81,100,12,44,45,47,61,71,26,34,62,19,28,41,68,83,91,11,16,33,46,57,70,72,76,89,24,51,94
[ 43] Received message from  47: 1|0,2,8,48,54,77,86,99,1,13,21,35,49,59,61,38,63,81,87,100,10,47,95,96,3,20,43,44,69
[ 16] Received message from  24: 1|0,2,8,48,54,77,86,99,1,13,21,35,49,59,61,38,63,81,87,100,3,44,47,95,7,12,23,71,24,25,40,72,74,94,16,51,75
[ 93] Received message from  32: 1|0,2,8,48,54,77,86,99,1,9,88,90,32,14,37,93
[ 81] Received message from  21: 1|0,2,8,48,54,77,86,99,1,21,59,3,7,13,35,49,63,81,100
[ 80] Received message from  19: 1|0,2,8,48,54,77,86,99,1,21,59,3,7,13,35,49,63,81,100,12,44,45,47,61,71,26,34,62,19,28,41,68,83,91,56,57,60,80,89
[ 96] Received message from  95: 1|0,2,8,48,54,77,86,99,1,13,21,35,49,59,61,38,63,81,87,100,95,10,20,43,47,96
[ 56] Received message from  68: 1|0,2,8,48,54,77,86,99,1,21,59,3,7,13,35,49,63,81,100,12,44,45,47,61,71,26,34,62,19,28,41,68,83,91,56,57,60,70,80,89
[ 97] Received message from  22: 1|0,2,8,48,54,77,86,99,1,13,21,35,49,59,61,38,63,81,87,100,95,10,20,43,47,96,69,25,39,74,79,42,67,17,22,31,40,55,58,97
[ 40] Received message from  79: 1|0,2,8,48,54,77,86,99,1,13,21,35,49,59,61,38,63,81,87,100,95,10,20,43,47,96,69,25,39,74,79,17,40,42,67
[ 68] Received message from  34: 1|0,2,8,48,54,77,86,99,1,21,59,3,7,13,35,49,63,81,100,12,44,45,47,61,71,26,34,62,19,41,68,83,91
[ 33] Received message from  60: 1|0,2,8,48,54,77,86,99,1,21,59,3,7,13,35,49,63,81,100,12,44,45,47,61,71,26,34,62,19,28,41,68,83,91,56,57,60,80,89,33,37,70,76,78
[ 71] Received message from  44: 1|0,2,8,48,54,77,86,99,1,13,21,35,49,59,61,38,63,81,87,100,3,44,47,95,7,12,23,71
[ 68] Received message from  62: 1|0,2,8,48,54,77,86,99,1,21,59,3,7,13,35,49,63,81,100,12,44,45,47,61,71,26,34,62,19,68,83
[ 69] Sent Broadcast: 1|0,2,8,48,54,77,86,99,1,13,21,35,49,59,61,38,63,81,87,100,95,10,20,43,47,96,69,25,39,74,79
[ 22] Received message from  67: 1|0,2,8,48,54,77,86,99,1,13,21,35,49,59,61,38,63,81,87,100,95,10,20,43,47,96,69,25,39,74,79,42,67,17,22,40,55
[ 79] Received message from  43: 1|0,2,8,48,54,77,86,99,1,13,21,35,49,59,61,38,63,81,87,100,95,10,20,43,47,96,39,69,79
[ 11] Received message from  41: 1|0,2,8,48,54,77,86,99,1,21,59,3,7,13,35,49,63,81,100,12,44,45,47,61,71,26,34,62,19,28,41,68,83,91,11,16,46,57,70,72,76,89
[ 31] Received message from  42: 1|0,2,8,48,54,77,86,99,1,13,21,35,49,59,61,38,63,81,87,100,95,10,20,43,47,96,69,25,39,74,79,42,67,17,22,31,40,55
[ 53] Received message from  66: 1|0,2,8,48,54,77,86,99,1,9,88,90,32,14,37,93,6,78,66,53,65,82
[  4] Received message from  58: 1|0,2,8,48,54,77,86,99,1,13,21,35,49,59,61,38,63,81,87,100,95,10,20,43,47,96,69,25,39,74,79,42,67,17,22,31,40,55,58,97,4,18,36,73,75
[ 20] Received message from  96: 1|0,2,8,48,54,77,86,99,1,13,21,35,49,59,61,38,63,81,87,100,10,47,95,96,20,43,69
[ 33] Received message from  70: 1|0,2,8,48,54,77,86,99,1,21,59,3,7,13,35,49,63,81,100,12,44,45,47,61,71,26,34,62,19,28,41,68,83,91,56,57,60,80,89,37,70,76,78,11,33,46,50
[ 31] Received message from  25: 1|0,2,8,48,54,77,86,99,1,13,21,35,49,59,61,38,63,81,87,100,95,10,20,43,47,96,69,25,39,74,79,17,22,23,31,40,42,55,67
[ 32] Received message from  37: 1|0,2,8,48,54,77,86,99,1,21,59,3,7,13,35,49,63,81,100,12,44,45,47,61,71,26,34,62,19,28,41,68,83,91,56,57,60,80,89,37,70,76,78,14,32,93
[ 34] Received message from  99: 1|0,2,8,48,54,77,86,99,1,12,19,26,34,45,59,61,62,68,83
[ 11] Received message from  76: 1|0,2,8,48,54,77,86,99,1,21,59,3,7,13,35,49,63,81,100,12,44,45,47,61,71,26,34,62,19,28,41,68,83,91,56,57,60,80,89,37,70,76,78,11,33,46,50,64
[  6] Sent Broadcast: 1|0,2,8,48,54,77,86,99,1,9,88,90,32,14,37,93,6,78,66
[ 78] Received message from  14: 1|0,2,8,48,54,77,86,99,1,9,88,90,32,14,37,93,6,78
[ 32] Sent Broadcast: 1|0,2,8,48,54,77,86,99,1,9,88,90,32,14,37,93
[ 59] Received message from  54: 1|0,2,8,48,54,77,86,99,1,12,21,34,45,49,59,61,62
[  4] Received message from  97: 1|0,2,8,48,54,77,86,99,1,13,21,35,49,59,61,38,63,81,87,100,95,10,20,43,47,96,69,25,39,74,79,42,67,17,22,31,40,55,58,97,4,36,75
[ 44] Received message from  49: 1|0,2,8,48,54,77,86,99,1,13,21,35,49,59,61,3,7,12,44,45,63
[ 14] Sent Broadcast: 1|0,2,8,48,54,77,86,99,1,9,88,90,32,14,37,93,6,78
[ 47] Received message from  35: 1|0,2,8,48,54,77,86,99,1,13,21,35,49,59,61,3,7,12,44,47,63,100
[ 24] Received message from  71: 1|0,2,8,48,54,77,86,99,1,13,21,35,49,59,61,38,63,81,87,100,3,44,47,95,7,12,23,71,24,45,72
[ 29] Received message from  53: 1|0,2,8,48,54,77,86,99,1,9,88,90,32,14,37,93,6,78,66,53,65,82,29,50
[ 22] Received message from  74: 1|0,2,8,48,54,77,86,99,1,13,21,35,49,59,61,38,63,81,87,100,95,10,20,43,47,96,69,25,39,74,79,17,22,23,40,42,67
[ 68] Received message from  80: 1|0,2,8,48,54,77,86,99,1,9,80,88,90,19,56,60,68,78,83,93
[ 22] Received message from  40: 1|0,2,8,48,54,77,86,99,1,13,21,35,49,59,61,38,63,81,87,100,95,10,20,43,47,96,69,25,39,74,79,17,40,42,67,22,23,24,31,72,94
[ 45] Received message from   7: 1|0,2,8,48,54,77,86,99,1,21,59,3,7,13,35,49,63,81,100,12,26,44,45,61,71
[ 16] Received message from  57: 1|0,2,8,48,54,77,86,99,1,21,59,3,7,13,35,49,63,81,100,12,44,45,47,61,71,26,34,62,19,28,41,68,83,91,56,57,60,80,89,11,16,33,46,50,70,76,78
[ 95] Sent Broadcast: 1|0,2,8,48,54,77,86,99,1,13,21,35,49,59,61,38,63,81,87,100,95,10,20,43,47,96
[ 44] Received message from  47: 1|0,2,8,48,54,77,86,99,1,13,21,35,49,59,61,38,63,81,87,100,10,47,95,96,3,20,43,44,69
[ 22] Sent Broadcast: 1|0,2,8,48,54,77,86,99,1,13,21,35,49,59,61,38,63,81,87,100,95,10,20,43,47,96,69,25,39,74,79,42,67,17,22,31,40,55,58,97
[ 44] Sent Broadcast: 1|0,2,8,48,54,77,86,99,1,13,21,35,49,59,61,38,63,81,87,100,3,44,47,95,7,12,23,71
[ 71] Received message from   3: 1|0,2,8,48,54,77,86,99,1,21,59,3,7,13,35,49,63,81,100,12,44,45,47,61,71
[ 25] Received message from  23: 1|0,2,8,48,54,77,86,99,1,13,21,35,49,59,61,38,63,81,87,100,3,44,47,95,7,12,23,71,24,25,40,72,74,94
[ 50] Received message from  33: 1|0,2,8,48,54,77,86,99,1,21,59,3,7,13,35,49,63,81,100,12,44,45,47,61,71,26,34,62,19,28,41,68,83,91,11,16,33,46,57,70,72,76,89,50,60,64,78
[ 43] Sent Broadcast: 1|0,2,8,48,54,77,86,99,1,13,21,35,49,59,61,38,63,81,87,100,95,10,20,43,47,96,39,69,79
[  4] Received message from  31: 1|0,2,8,48,54,77,86,99,1,13,21,35,49,59,61,38,63,81,87,100,95,10,20,43,47,96,69,25,39,74,79,17,22,23,31,40,42,55,67,4,36,58,75,94,97
[ 78] Received message from  56: 1|0,2,8,48,54,77,86,99,1,21,59,3,7,13,35,49,63,81,100,12,44,45,47,61,71,26,34,62,19,28,41,68,83,91,56,57,60,80,89,37,70,76,78
[ 83] Received message from  26: 1|0,2,8,48,54,77,86,99,1,21,59,3,7,13,35,49,63,81,100,12,44,45,47,61,71,26,34,62,19,28,41,68,83,91
[ 40] Received message from  67: 1|0,2,8,48,54,77,86,99,1,13,21,35,49,59,61,38,63,81,87,100,95,10,20,43,47,96,69,25,39,74,79,42,67,17,22,40,55
[ 89] Received message from  19: 1|0,2,8,48,54,77,86,99,1,21,59,3,7,13,35,49,63,81,100,12,44,45,47,61,71,26,34,62,19,28,41,68,83,91,56,57,60,80,89
[  3] Sent Broadcast: 1|0,2,8,48,54,77,86,99,1,21,59,3,7,13,35,49,63,81,100,12,44,45,47,61,71
[ 41] Received message from  45: 1|0,2,8,48,54,77,86,99,1,21,59,3,7,13,35,49,63,81,100,12,44,45,47,61,71,19,26,34,41,62,68
[ 51] Received message from  24: 1|0,2,8,48,54,77,86,99,1,13,21,35,49,59,61,38,63,81,87,100,3,44,47,95,7,12,23,71,24,25,40,72,74,94,16,51,75
[ 51] Received message from  16: 1|0,2,8,48,54,77,86,99,1,21,59,3,7,13,35,49,63,81,100,12,44,45,47,61,71,26,34,62,19,28,41,68,83,91,11,16,33,46,57,70,72,76,89,24,51,94
[ 80] Received message from  93: 1|0,2,8,48,54,77,86,99,1,9,88,90,32,14,37,93,80
[ 46] Received message from  28: 1|0,2,8,48,54,77,86,99,1,21,59,3,7,13,35,49,63,81,100,12,44,45,47,61,71,26,34,62,19,28,41,68,83,91,11,16,33,46,57,70,72,76,89
[ 51] Received message from   4: 1|0,2,8,48,54,77,86,99,1,13,21,35,49,59,61,38,63,81,87,100,95,10,20,43,47,96,69,25,39,74,79,42,67,17,22,31,40,55,58,97,4,18,36,73,75,51,52,94
[ 98] Received message from  29: 1|0,2,8,48,54,77,86,99,1,9,88,90,32,14,37,93,6,78,66,53,65,82,29,50,98
[100] Received message from  21: 1|0,2,8,48,54,77,86,99,1,21,59,3,7,13,35,49,63,81,100
[ 37] Received message from  60: 1|0,2,8,48,54,77,86,99,1,21,59,3,7,13,35,49,63,81,100,12,44,45,47,61,71,26,34,62,19,28,41,68,83,91,56,57,60,80,89,33,37,70,76,78
[ 65] Received message from  66: 1|0,2,8,48,54,77,86,99,1,9,88,90,32,14,37,93,6,78,66,53,65,82
[ 42] Received message from  79: 1|0,2,8,48,54,77,86,99,1,13,21,35,49,59,61,38,63,81,87,100,95,10,20,43,47,96,69,25,39,74,79,17,40,42,67
[ 40] Received message from  42: 1|0,2,8,48,54,77,86,99,1,13,21,35,49,59,61,38,63,81,87,100,95,10,20,43,47,96,69,25,39,74,79,42,67,17,22,31,40,55
[ 57] Received message from  68: 1|0,2,8,48,54,77,86,99,1,21,59,3,7,13,35,49,63,81,100,12,44,45,47,61,71,26,34,62,19,28,41,68,83,91,56,57,60,70,80,89
[ 83] Received message from  34: 1|0,2,8,48,54,77,86,99,1,21,59,3,7,13,35,49,63,81,100,12,44,45,47,61,71,26,34,62,19,41,68,83,91
[ 45] Received message from  99: 1|0,2,8,48,54,77,86,99,1,12,19,26,34,45,59,61,62,68,83
[ 56] Sent Broadcast: 1|0,2,8,48,54,77,86,99,1,21,59,3,7,13,35,49,63,81,100,12,44,45,47,61,71,26,34,62,19,28,41,68,83,91,56,57,60,80,89,37,70,76,78
[ 19] Sent Broadcast: 1|0,2,8,48,54,77,86,99,1,21,59,3,7,13,35,49,63,81,100,12,44,45,47,61,71,26,34,62,19,28,41,68,83,91,56,57,60,80,89
[ 46] Received message from  70: 1|0,2,8,48,54,77,86,99,1,21,59,3,7,13,35,49,63,81,100,12,44,45,47,61,71,26,34,62,19,28,41,68,83,91,56,57,60,80,89,37,70,76,78,11,33,46,50
[ 34] Received message from  59: 1|0,2,8,48,54,77,86,99,1,21,59,3,7,12,26,34,35,45,49,61,62
[ 93] Sent Broadcast: 1|0,2,8,48,54,77,86,99,1,9,88,90,32,14,37,93,80
[ 16] Received message from  41: 1|0,2,8,48,54,77,86,99,1,21,59,3,7,13,35,49,63,81,100,12,44,45,47,61,71,26,34,62,19,28,41,68,83,91,11,16,46,57,70,72,76,89
[ 19] Received message from  61: 1|0,2,8,48,54,77,86,99,1,13,21,35,49,59,61,3,7,12,19,26,34,45,62
[ 43] Received message from  96: 1|0,2,8,48,54,77,86,99,1,13,21,35,49,59,61,38,63,81,87,100,10,47,95,96,20,43,69
[ 36] Received message from  97: 1|0,2,8,48,54,77,86,99,1,13,21,35,49,59,61,38,63,81,87,100,95,10,20,43,47,96,69,25,39,74,79,42,67,17,22,31,40,55,58,97,4,36,75
[ 21] Sent Broadcast: 1|0,2,8,48,54,77,86,99,1,21,59,3,7,13,35,49,63,81,100
[ 29] Sent Broadcast: 1|0,2,8,48,54,77,86,99,1,9,88,90,32,14,37,93,6,78,66,53,65,82,29,50,98
[ 33] Received message from  78: 1|0,2,8,48,54,77,86,99,1,9,88,90,32,14,37,93,6,78,33,50,56,57,60,70,76,80,83,89,91
[ 83] Received message from  62: 1|0,2,8,48,54,77,86,99,1,21,59,3,7,13,35,49,63,81,100,12,44,45,47,61,71,26,34,62,19,68,83
[ 61] Received message from  54: 1|0,2,8,48,54,77,86,99,1,12,21,34,45,49,59,61,62
[ 33] Received message from  76: 1|0,2,8,48,54,77,86,99,1,21,59,3,7,13,35,49,63,81,100,12,44,45,47,61,71,26,34,62,19,28,41,68,83,91,56,57,60,80,89,37,70,76,78,11,33,46,50,64
[ 93] Received message from  37: 1|0,2,8,48,54,77,86,99,1,21,59,3,7,13,35,49,63,81,100,12,44,45,47,61,71,26,34,62,19,28,41,68,83,91,56,57,60,80,89,37,70,76,78,14,32,93
[ 18] Received message from  58: 1|0,2,8,48,54,77,86,99,1,13,21,35,49,59,61,38,63,81,87,100,95,10,20,43,47,96,69,25,39,74,79,42,67,17,22,31,40,55,58,97,4,18,36,73,75
[ 40] Received message from  23: 1|0,2,8,48,54,77,86,99,1,13,21,35,49,59,61,38,63,81,87,100,3,44,47,95,7,12,23,71,24,25,40,72,74,94
[ 53] Received message from  50: 1|0,2,8,48,54,77,86,99,1,21,59,3,7,13,35,49,63,81,100,12,44,45,47,61,71,26,34,62,19,28,41,68,83,91,11,16,33,46,57,70,72,76,89,50,60,64,78,53,65
[ 45] Received message from  49: 1|0,2,8,48,54,77,86,99,1,13,21,35,49,59,61,3,7,12,44,45,63
[ 60] Received message from  33: 1|0,2,8,48,54,77,86,99,1,21,59,3,7,13,35,49,63,81,100,12,44,45,47,61,71,26,34,62,19,28,41,68,83,91,11,16,33,46,57,70,72,76,89,50,60,64,78
[ 37] Sent Broadcast: 1|0,2,8,48,54,77,86,99,1,21,59,3,7,13,35,49,63,81,100,12,44,45,47,61,71,26,34,62,19,28,41,68,83,91,56,57,60,80,89,37,70,76,78,14,32,93
[ 63] Received message from  35: 1|0,2,8,48,54,77,86,99,1,13,21,35,49,59,61,3,7,12,44,47,63,100
[ 29] Received message from  65: 1|0,2,8,48,54,77,86,99,1,9,88,90,32,14,37,93,6,78,66,53,65,82,29,50
[ 36] Received message from  31: 1|0,2,8,48,54,77,86,99,1,13,21,35,49,59,61,38,63,81,87,100,95,10,20,43,47,96,69,25,39,74,79,17,22,23,31,40,42,55,67,4,36,58,75,94,97
[ 61] Received message from   7: 1|0,2,8,48,54,77,86,99,1,21,59,3,7,13,35,49,63,81,100,12,26,44,45,61,71
[ 23] Received message from  40: 1|0,2,8,48,54,77,86,99,1,13,21,35,49,59,61,38,63,81,87,100,95,10,20,43,47,96,69,25,39,74,79,17,40,42,67,22,23,24,31,72,94
[ 50] Received message from  53: 1|0,2,8,48,54,77,86,99,1,9,88,90,32,14,37,93,6,78,66,53,65,82,29,50
[ 78] Received message from  80: 1|0,2,8,48,54,77,86,99,1,9,80,88,90,19,56,60,68,78,83,93
[ 56] Received message from  83: 1|0,2,8,48,54,77,86,99,1,21,59,3,7,13,35,49,63,81,100,12,44,45,47,61,71,26,34,62,19,28,41,68,83,91,56,57,60,70,78,80,89
[ 40] Received message from  25: 1|0,2,8,48,54,77,86,99,1,13,21,35,49,59,61,38,63,81,87,100,95,10,20,43,47,96,69,25,39,74,79,17,22,23,31,40,42,55,67
[ 46] Received message from  76: 1|0,2,8,48,54,77,86,99,1,21,59,3,7,13,35,49,63,81,100,12,44,45,47,61,71,26,34,62,19,28,41,68,83,91,56,57,60,80,89,37,70,76,78,11,33,46,50,64
[ 69] Received message from  47: 1|0,2,8,48,54,77,86,99,1,13,21,35,49,59,61,38,63,81,87,100,10,47,95,96,3,20,43,44,69
[ 16] Received message from  51: 1|0,2,8,48,54,77,86,99,1,13,21,35,49,59,61,38,63,81,87,100,95,10,20,43,47,96,69,25,39,74,79,42,67,17,22,31,40,55,58,97,4,18,36,73,75,51,52,94,16,24,72,85
[ 70] Received message from  60: 1|0,2,8,48,54,77,86,99,1,21,59,3,7,13,35,49,63,81,100,12,44,45,47,61,71,26,34,62,19,28,41,68,83,91,56,57,60,80,89,33,37,70,76,78
[ 33] Received message from  57: 1|0,2,8,48,54,77,86,99,1,21,59,3,7,13,35,49,63,81,100,12,44,45,47,61,71,26,34,62,19,28,41,68,83,91,56,57,60,80,89,11,16,33,46,50,70,76,78
[ 62] Received message from  45: 1|0,2,8,48,54,77,86,99,1,21,59,3,7,13,35,49,63,81,100,12,44,45,47,61,71,19,26,34,41,62,68
[ 57] Received message from  28: 1|0,2,8,48,54,77,86,99,1,21,59,3,7,13,35,49,63,81,100,12,44,45,47,61,71,26,34,62,19,28,41,68,83,91,11,16,33,46,57,70,72,76,89
[ 55] Received message from  67: 1|0,2,8,48,54,77,86,99,1,13,21,35,49,59,61,38,63,81,87,100,95,10,20,43,47,96,69,25,39,74,79,42,67,17,22,40,55
[ 11] Received message from  89: 1|0,2,8,48,54,77,86,99,1,21,59,3,7,13,35,49,63,81,100,12,44,45,47,61,71,26,34,62,19,28,41,68,83,91,56,57,60,80,89,11,16,33,46,50,70,76,78
[ 59] Received message from  99: 1|0,2,8,48,54,77,86,99,1,12,19,26,34,45,59,61,62,68,83
[ 64] Received message from  33: 1|0,2,8,48,54,77,86,99,1,21,59,3,7,13,35,49,63,81,100,12,44,45,47,61,71,26,34,62,19,28,41,68,83,91,11,16,33,46,57,70,72,76,89,50,60,64,78
[ 94] Received message from  16: 1|0,2,8,48,54,77,86,99,1,21,59,3,7,13,35,49,63,81,100,12,44,45,47,61,71,26,34,62,19,28,41,68,83,91,11,16,33,46,57,70,72,76,89,24,51,94
[ 52] Received message from   4: 1|0,2,8,48,54,77,86,99,1,13,21,35,49,59,61,38,63,81,87,100,95,10,20,43,47,96,69,25,39,74,79,42,67,17,22,31,40,55,58,97,4,18,36,73,75,51,52,94
[ 53] Sent Broadcast: 1|0,2,8,48,54,77,86,99,1,9,88,90,32,14,37,93,6,78,66,53,65,82,29,50
[ 91] Received message from  26: 1|0,2,8,48,54,77,86,99,1,21,59,3,7,13,35,49,63,81,100,12,44,45,47,61,71,26,34,62,19,28,41,68,83,91
[ 75] Received message from  24: 1|0,2,8,48,54,77,86,99,1,13,21,35,49,59,61,38,63,81,87,100,3,44,47,95,7,12,23,71,24,25,40,72,74,94,16,51,75
[ 35] Received message from  59: 1|0,2,8,48,54,77,86,99,1,21,59,3,7,12,26,34,35,45,49,61,62
[ 62] Sent Broadcast: 1|0,2,8,48,54,77,86,99,1,21,59,3,7,13,35,49,63,81,100,12,44,45,47,61,71,26,34,62,19,68,83
[ 23] Received message from  74: 1|0,2,8,48,54,77,86,99,1,13,21,35,49,59,61,38,63,81,87,100,95,10,20,43,47,96,69,25,39,74,79,17,22,23,40,42,67
[ 45] Received message from  71: 1|0,2,8,48,54,77,86,99,1,13,21,35,49,59,61,38,63,81,87,100,3,44,47,95,7,12,23,71,24,45,72
[ 51] Received message from  36: 1|0,2,8,48,54,77,86,99,1,13,21,35,49,59,61,38,63,81,87,100,95,10,20,43,47,96,69,25,39,74,79,17,22,23,31,40,42,55,67,4,36,58,75,94,97,51,52,92
[ 67] Received message from  79: 1|0,2,8,48,54,77,86,99,1,13,21,35,49,59,61,38,63,81,87,100,95,10,20,43,47,96,69,25,39,74,79,17,40,42,67
[ 26] Sent Broadcast: 1|0,2,8,48,54,77,86,99,1,21,59,3,7,13,35,49,63,81,100,12,44,45,47,61,71,26,34,62,19,28,41,68,83,91
[ 50] Received message from  46: 1|0,2,8,48,54,77,86,99,1,21,59,3,7,13,35,49,63,81,100,12,44,45,47,61,71,26,34,62,19,28,41,68,83,91,11,16,33,46,57,70,72,76,89,50,64
[ 58] Received message from  31: 1|0,2,8,48,54,77,86,99,1,13,21,35,49,59,61,38,63,81,87,100,95,10,20,43,47,96,69,25,39,74,79,17,22,23,31,40,42,55,67,4,36,58,75,94,97
[ 55] Received message from  42: 1|0,2,8,48,54,77,86,99,1,13,21,35,49,59,61,38,63,81,87,100,95,10,20,43,47,96,69,25,39,74,79,42,67,17,22,31,40,55
[ 60] Received message from  68: 1|0,2,8,48,54,77,86,99,1,21,59,3,7,13,35,49,63,81,100,12,44,45,47,61,71,26,34,62,19,28,41,68,83,91,56,57,60,70,80,89
[ 47] Sent Broadcast: 1|0,2,8,48,54,77,86,99,1,13,21,35,49,59,61,38,63,81,87,100,10,47,95,96,3,20,43,44,69
[ 67] Sent Broadcast: 1|0,2,8,48,54,77,86,99,1,13,21,35,49,59,61,38,63,81,87,100,95,10,20,43,47,96,69,25,39,74,79,42,67,17,22,40,55
[ 42] Sent Broadcast: 1|0,2,8,48,54,77,86,99,1,13,21,35,49,59,61,38,63,81,87,100,95,10,20,43,47,96,69,25,39,74,79,42,67,17,22,31,40,55
[ 94] Received message from   4: 1|0,2,8,48,54,77,86,99,1,13,21,35,49,59,61,38,63,81,87,100,95,10,20,43,47,96,69,25,39,74,79,42,67,17,22,31,40,55,58,97,4,18,36,73,75,51,52,94
[ 24] Sent Broadcast: 1|0,2,8,48,54,77,86,99,1,13,21,35,49,59,61,38,63,81,87,100,3,44,47,95,7,12,23,71,24,25,40,72,74,94,16,51,75
[ 69] Received message from  96: 1|0,2,8,48,54,77,86,99,1,13,21,35,49,59,61,38,63,81,87,100,10,47,95,96,20,43,69
[ 16] Sent Broadcast: 1|0,2,8,48,54,77,86,99,1,21,59,3,7,13,35,49,63,81,100,12,44,45,47,61,71,26,34,62,19,28,41,68,83,91,11,16,33,46,57,70,72,76,89,24,51,94
[ 63] Received message from  49: 1|0,2,8,48,54,77,86,99,1,13,21,35,49,59,61,3,7,12,44,45,63
[ 36] Received message from  58: 1|0,2,8,48,54,77,86,99,1,13,21,35,49,59,61,38,63,81,87,100,95,10,20,43,47,96,69,25,39,74,79,42,67,17,22,31,40,55,58,97,4,18,36,73,75
[  4] Received message from  75: 1|0,2,8,48,54,77,86,99,1,13,21,35,49,59,61,38,63,81,87,100,3,44,47,95,7,12,23,71,24,25,40,72,74,94,16,51,75,4,31,36,52,58,85,97
[ 71] Received message from   7: 1|0,2,8,48,54,77,86,99,1,21,59,3,7,13,35,49,63,81,100,12,26,44,45,61,71
[ 50] Received message from  78: 1|0,2,8,48,54,77,86,99,1,9,88,90,32,14,37,93,6,78,33,50,56,57,60,70,76,80,83,89,91
[ 46] Received message from  41: 1|0,2,8,48,54,77,86,99,1,21,59,3,7,13,35,49,63,81,100,12,44,45,47,61,71,26,34,62,19,28,41,68,83,91,11,16,46,57,70,72,76,89
[ 72] Received message from  23: 1|0,2,8,48,54,77,86,99,1,13,21,35,49,59,61,38,63,81,87,100,3,44,47,95,7,12,23,71,24,25,40,72,74,94
[ 91] Received message from  34: 1|0,2,8,48,54,77,86,99,1,21,59,3,7,13,35,49,63,81,100,12,44,45,47,61,71,26,34,62,19,41,68,83,91
[ 11] Received message from  91: 1|0,2,8,48,54,77,86,99,1,21,59,3,7,13,35,49,63,81,100,12,44,45,47,61,71,26,34,62,19,28,41,68,83,91,11,16,33,46,56,57,60,70,76,78,89
[ 26] Received message from  61: 1|0,2,8,48,54,77,86,99,1,13,21,35,49,59,61,3,7,12,19,26,34,45,62
[ 70] Received message from  28: 1|0,2,8,48,54,77,86,99,1,21,59,3,7,13,35,49,63,81,100,12,44,45,47,61,71,26,34,62,19,28,41,68,83,91,11,16,33,46,57,70,72,76,89
[ 75] Received message from  97: 1|0,2,8,48,54,77,86,99,1,13,21,35,49,59,61,38,63,81,87,100,95,10,20,43,47,96,69,25,39,74,79,42,67,17,22,31,40,55,58,97,4,36,75
[ 62] Received message from  54: 1|0,2,8,48,54,77,86,99,1,12,21,34,45,49,59,61,62
[ 46] Received message from  57: 1|0,2,8,48,54,77,86,99,1,21,59,3,7,13,35,49,63,81,100,12,44,45,47,61,71,26,34,62,19,28,41,68,83,91,56,57,60,80,89,11,16,33,46,50,70,76,78
[ 50] Received message from  70: 1|0,2,8,48,54,77,86,99,1,21,59,3,7,13,35,49,63,81,100,12,44,45,47,61,71,26,34,62,19,28,41,68,83,91,56,57,60,80,89,37,70,76,78,11,33,46,50
[ 82] Received message from  66: 1|0,2,8,48,54,77,86,99,1,9,88,90,32,14,37,93,6,78,66,53,65,82
[ 64] Received message from  46: 1|0,2,8,48,54,77,86,99,1,21,59,3,7,13,35,49,63,81,100,12,44,45,47,61,71,26,34,62,19,28,41,68,83,91,11,16,33,46,57,70,72,76,89,50,64
[ 65] Received message from  50: 1|0,2,8,48,54,77,86,99,1,21,59,3,7,13,35,49,63,81,100,12,44,45,47,61,71,26,34,62,19,28,41,68,83,91,11,16,33,46,57,70,72,76,89,50,60,64,78,53,65
[ 50] Received message from  76: 1|0,2,8,48,54,77,86,99,1,21,59,3,7,13,35,49,63,81,100,12,44,45,47,61,71,26,34,62,19,28,41,68,83,91,56,57,60,80,89,37,70,76,78,11,33,46,50,64
[ 18] Received message from  55: 1|0,2,8,48,54,77,86,99,1,13,21,35,49,59,61,38,63,81,87,100,95,10,20,43,47,96,69,25,39,74,79,42,67,17,22,40,55,18,31
[ 40] Received message from  74: 1|0,2,8,48,54,77,86,99,1,13,21,35,49,59,61,38,63,81,87,100,95,10,20,43,47,96,69,25,39,74,79,17,22,23,40,42,67
[ 42] Received message from  25: 1|0,2,8,48,54,77,86,99,1,13,21,35,49,59,61,38,63,81,87,100,95,10,20,43,47,96,69,25,39,74,79,17,22,23,31,40,42,55,67
[ 96] Sent Broadcast: 1|0,2,8,48,54,77,86,99,1,13,21,35,49,59,61,38,63,81,87,100,10,47,95,96,20,43,69
[ 68] Received message from  45: 1|0,2,8,48,54,77,86,99,1,21,59,3,7,13,35,49,63,81,100,12,44,45,47,61,71,19,26,34,41,62,68
[ 27] Received message from  52: 1|0,2,8,48,54,77,86,99,1,13,21,35,49,59,61,38,63,81,87,100,95,10,20,43,47,96,69,25,39,74,79,42,67,17,22,31,40,55,58,97,4,18,36,73,75,51,52,94,27,85
[ 57] Received message from  83: 1|0,2,8,48,54,77,86,99,1,21,59,3,7,13,35,49,63,81,100,12,44,45,47,61,71,26,34,62,19,28,41,68,83,91,56,57,60,70,78,80,89
[  4] Received message from  94: 1|0,2,8,48,54,77,86,99,1,21,59,3,7,13,35,49,63,81,100,12,44,45,47,61,71,26,34,62,19,28,41,68,83,91,11,16,33,46,57,70,72,76,89,24,51,94,4,23,31,40,75
[ 76] Received message from  60: 1|0,2,8,48,54,77,86,99,1,21,59,3,7,13,35,49,63,81,100,12,44,45,47,61,71,26,34,62,19,28,41,68,83,91,56,57,60,80,89,33,37,70,76,78
[100] Received message from  35: 1|0,2,8,48,54,77,86,99,1,13,21,35,49,59,61,3,7,12,44,47,63,100
[ 24] Received message from  40: 1|0,2,8,48,54,77,86,99,1,13,21,35,49,59,61,38,63,81,87,100,95,10,20,43,47,96,69,25,39,74,79,17,40,42,67,22,23,24,31,72,94
[ 83] Received message from  80: 1|0,2,8,48,54,77,86,99,1,9,80,88,90,19,56,60,68,78,83,93
[ 16] Received message from  89: 1|0,2,8,48,54,77,86,99,1,21,59,3,7,13,35,49,63,81,100,12,44,45,47,61,71,26,34,62,19,28,41,68,83,91,56,57,60,80,89,11,16,33,46,50,70,76,78
[ 50] Received message from  65: 1|0,2,8,48,54,77,86,99,1,9,88,90,32,14,37,93,6,78,66,53,65,82,29,50
[ 61] Received message from  99: 1|0,2,8,48,54,77,86,99,1,12,19,26,34,45,59,61,62,68,83
[ 45] Received message from  59: 1|0,2,8,48,54,77,86,99,1,21,59,3,7,12,26,34,35,45,49,61,62
[ 78] Received message from  33: 1|0,2,8,48,54,77,86,99,1,21,59,3,7,13,35,49,63,81,100,12,44,45,47,61,71,26,34,62,19,28,41,68,83,91,11,16,33,46,57,70,72,76,89,50,60,64,78
[ 79] Sent Broadcast: 1|0,2,8,48,54,77,86,99,1,13,21,35,49,59,61,38,63,81,87,100,95,10,20,43,47,96,69,25,39,74,79,17,40,42,67
[ 49] Sent Broadcast: 1|0,2,8,48,54,77,86,99,1,13,21,35,49,59,61,3,7,12,44,45,63
[  7] Sent Broadcast: 1|0,2,8,48,54,77,86,99,1,21,59,3,7,13,35,49,63,81,100,12,26,44,45,61,71
[ 34] Sent Broadcast: 1|0,2,8,48,54,77,86,99,1,21,59,3,7,13,35,49,63,81,100,12,44,45,47,61,71,26,34,62,19,41,68,83,91
[ 97] Sent Broadcast: 1|0,2,8,48,54,77,86,99,1,13,21,35,49,59,61,38,63,81,87,100,95,10,20,43,47,96,69,25,39,74,79,42,67,17,22,31,40,55,58,97,4,36,75
[ 72] Received message from  71: 1|0,2,8,48,54,77,86,99,1,13,21,35,49,59,61,38,63,81,87,100,3,44,47,95,7,12,23,71,24,45,72
[ 52] Received message from  36: 1|0,2,8,48,54,77,86,99,1,13,21,35,49,59,61,38,63,81,87,100,95,10,20,43,47,96,69,25,39,74,79,17,22,23,31,40,42,55,67,4,36,58,75,94,97,51,52,92
[  4] Sent Broadcast: 1|0,2,8,48,54,77,86,99,1,13,21,35,49,59,61,38,63,81,87,100,95,10,20,43,47,96,69,25,39,74,79,42,67,17,22,31,40,55,58,97,4,18,36,73,75,51,52,94
[ 66] Sent Broadcast: 1|0,2,8,48,54,77,86,99,1,9,88,90,32,14,37,93,6,78,66,53,65,82
[ 50] Sent Broadcast: 1|0,2,8,48,54,77,86,99,1,21,59,3,7,13,35,49,63,81,100,12,44,45,47,61,71,26,34,62,19,28,41,68,83,91,11,16,33,46,57,70,72,76,89,50,60,64,78,53,65
[ 46] Sent Broadcast: 1|0,2,8,48,54,77,86,99,1,21,59,3,7,13,35,49,63,81,100,12,44,45,47,61,71,26,34,62,19,28,41,68,83,91,11,16,33,46,57,70,72,76,89,50,64
[ 54] Sent Broadcast: 1|0,2,8,48,54,77,86,99,1,12,21,34,45,49,59,61,62
[ 45] Sent Broadcast: 1|0,2,8,48,54,77,86,99,1,21,59,3,7,13,35,49,63,81,100,12,44,45,47,61,71,19,26,34,41,62,68
[ 72] Received message from  28: 1|0,2,8,48,54,77,86,99,1,21,59,3,7,13,35,49,63,81,100,12,44,45,47,61,71,26,34,62,19,28,41,68,83,91,11,16,33,46,57,70,72,76,89
[ 24] Received message from  51: 1|0,2,8,48,54,77,86,99,1,13,21,35,49,59,61,38,63,81,87,100,95,10,20,43,47,96,69,25,39,74,79,42,67,17,22,31,40,55,58,97,4,18,36,73,75,51,52,94,16,24,72,85
[ 11] Received message from  72: 1|0,2,8,48,54,77,86,99,1,13,21,35,49,59,61,38,63,81,87,100,3,44,47,95,7,12,23,71,24,25,40,72,74,94,11,16,28,41,46,51
[ 34] Received message from  61: 1|0,2,8,48,54,77,86,99,1,13,21,35,49,59,61,3,7,12,19,26,34,45,62
[ 42] Received message from  74: 1|0,2,8,48,54,77,86,99,1,13,21,35,49,59,61,38,63,81,87,100,95,10,20,43,47,96,69,25,39,74,79,17,22,23,40,42,67
[ 55] Received message from  25: 1|0,2,8,48,54,77,86,99,1,13,21,35,49,59,61,38,63,81,87,100,95,10,20,43,47,96,69,25,39,74,79,17,22,23,31,40,42,55,67
[ 62] Received message from  99: 1|0,2,8,48,54,77,86,99,1,12,19,26,34,45,59,61,62,68,83
[ 16] Received message from  91: 1|0,2,8,48,54,77,86,99,1,21,59,3,7,13,35,49,63,81,100,12,44,45,47,61,71,26,34,62,19,28,41,68,83,91,11,16,33,46,56,57,60,70,76,78,89
[ 75] Received message from  31: 1|0,2,8,48,54,77,86,99,1,13,21,35,49,59,61,38,63,81,87,100,95,10,20,43,47,96,69,25,39,74,79,17,22,23,31,40,42,55,67,4,36,58,75,94,97
[ 85] Received message from  52: 1|0,2,8,48,54,77,86,99,1,13,21,35,49,59,61,38,63,81,87,100,95,10,20,43,47,96,69,25,39,74,79,42,67,17,22,31,40,55,58,97,4,18,36,73,75,51,52,94,27,85
[ 50] Received message from  57: 1|0,2,8,48,54,77,86,99,1,21,59,3,7,13,35,49,63,81,100,12,44,45,47,61,71,26,34,62,19,28,41,68,83,91,56,57,60,80,89,11,16,33,46,50,70,76,78
[ 60] Received message from  83: 1|0,2,8,48,54,77,86,99,1,21,59,3,7,13,35,49,63,81,100,12,44,45,47,61,71,26,34,62,19,28,41,68,83,91,56,57,60,70,78,80,89
[ 70] Received message from  68: 1|0,2,8,48,54,77,86,99,1,21,59,3,7,13,35,49,63,81,100,12,44,45,47,61,71,26,34,62,19,28,41,68,83,91,56,57,60,70,80,89
[ 73] Received message from  58: 1|0,2,8,48,54,77,86,99,1,13,21,35,49,59,61,38,63,81,87,100,95,10,20,43,47,96,69,25,39,74,79,42,67,17,22,31,40,55,58,97,4,18,36,73,75
[ 31] Received message from  75: 1|0,2,8,48,54,77,86,99,1,13,21,35,49,59,61,38,63,81,87,100,3,44,47,95,7,12,23,71,24,25,40,72,74,94,16,51,75,4,31,36,52,58,85,97
[ 16] Received message from  72: 1|0,2,8,48,54,77,86,99,1,13,21,35,49,59,61,38,63,81,87,100,3,44,47,95,7,12,23,71,24,25,40,72,74,94,11,16,28,41,46,51
[ 35] Sent Broadcast: 1|0,2,8,48,54,77,86,99,1,13,21,35,49,59,61,3,7,12,44,47,63,100
[ 29] Received message from  82: 1|0,2,8,48,54,77,86,99,1,9,88,90,32,14,37,93,6,78,66,53,65,82,29
[ 74] Received message from  23: 1|0,2,8,48,54,77,86,99,1,13,21,35,49,59,61,38,63,81,87,100,3,44,47,95,7,12,23,71,24,25,40,72,74,94
[ 56] Received message from  78: 1|0,2,8,48,54,77,86,99,1,9,88,90,32,14,37,93,6,78,33,50,56,57,60,70,76,80,83,89,91
[ 33] Sent Broadcast: 1|0,2,8,48,54,77,86,99,1,21,59,3,7,13,35,49,63,81,100,12,44,45,47,61,71,26,34,62,19,28,41,68,83,91,11,16,33,46,57,70,72,76,89,50,60,64,78
[ 31] Received message from  55: 1|0,2,8,48,54,77,86,99,1,13,21,35,49,59,61,38,63,81,87,100,95,10,20,43,47,96,69,25,39,74,79,42,67,17,22,40,55,18,31
[  5] Received message from  27: 1|0,2,8,48,54,77,86,99,1,13,21,35,49,59,61,38,63,81,87,100,95,10,20,43,47,96,69,25,39,74,79,42,67,17,22,31,40,55,58,97,4,18,36,73,75,51,52,94,27,85,5,15,92
[ 70] Sent Broadcast: 1|0,2,8,48,54,77,86,99,1,21,59,3,7,13,35,49,63,81,100,12,44,45,47,61,71,26,34,62,19,28,41,68,83,91,56,57,60,80,89,37,70,76,78,11,33,46,50
[ 57] Received message from  41: 1|0,2,8,48,54,77,86,99,1,21,59,3,7,13,35,49,63,81,100,12,44,45,47,61,71,26,34,62,19,28,41,68,83,91,11,16,46,57,70,72,76,89
[ 71] Sent Broadcast: 1|0,2,8,48,54,77,86,99,1,13,21,35,49,59,61,38,63,81,87,100,3,44,47,95,7,12,23,71,24,45,72
[ 52] Sent Broadcast: 1|0,2,8,48,54,77,86,99,1,13,21,35,49,59,61,38,63,81,87,100,95,10,20,43,47,96,69,25,39,74,79,42,67,17,22,31,40,55,58,97,4,18,36,73,75,51,52,94,27,85
[ 65] Sent Broadcast: 1|0,2,8,48,54,77,86,99,1,9,88,90,32,14,37,93,6,78,66,53,65,82,29,50
[ 82] Sent Broadcast: 1|0,2,8,48,54,77,86,99,1,9,88,90,32,14,37,93,6,78,66,53,65,82,29
[  5] Received message from  85: 1|0,2,8,48,54,77,86,99,1,13,21,35,49,59,61,38,63,81,87,100,95,10,20,43,47,96,69,25,39,74,79,42,67,17,22,31,40,55,58,97,4,18,36,73,75,51,52,94,27,85,5,15
[ 78] Received message from  60: 1|0,2,8,48,54,77,86,99,1,21,59,3,7,13,35,49,63,81,100,12,44,45,47,61,71,26,34,62,19,28,41,68,83,91,56,57,60,80,89,33,37,70,76,78
[ 55] Sent Broadcast: 1|0,2,8,48,54,77,86,99,1,13,21,35,49,59,61,38,63,81,87,100,95,10,20,43,47,96,69,25,39,74,79,42,67,17,22,40,55,18,31
[ 31] Received message from  40: 1|0,2,8,48,54,77,86,99,1,13,21,35,49,59,61,38,63,81,87,100,95,10,20,43,47,96,69,25,39,74,79,17,40,42,67,22,23,24,31,72,94
[ 45] Received message from  61: 1|0,2,8,48,54,77,86,99,1,13,21,35,49,59,61,3,7,12,19,26,34,45,62
[ 68] Received message from  99: 1|0,2,8,48,54,77,86,99,1,12,19,26,34,45,59,61,62,68,83
[ 49] Received message from  59: 1|0,2,8,48,54,77,86,99,1,21,59,3,7,12,26,34,35,45,49,61,62
[ 33] Received message from  89: 1|0,2,8,48,54,77,86,99,1,21,59,3,7,13,35,49,63,81,100,12,44,45,47,61,71,26,34,62,19,28,41,68,83,91,56,57,60,80,89,11,16,33,46,50,70,76,78
[ 60] Sent Broadcast: 1|0,2,8,48,54,77,86,99,1,21,59,3,7,13,35,49,63,81,100,12,44,45,47,61,71,26,34,62,19,28,41,68,83,91,56,57,60,80,89,33,37,70,76,78
[ 67] Received message from  25: 1|0,2,8,48,54,77,86,99,1,13,21,35,49,59,61,38,63,81,87,100,95,10,20,43,47,96,69,25,39,74,79,17,22,23,31,40,42,55,67
[ 70] Received message from  83: 1|0,2,8,48,54,77,86,99,1,21,59,3,7,13,35,49,63,81,100,12,44,45,47,61,71,26,34,62,19,28,41,68,83,91,56,57,60,70,78,80,89
[ 75] Received message from  58: 1|0,2,8,48,54,77,86,99,1,13,21,35,49,59,61,38,63,81,87,100,95,10,20,43,47,96,69,25,39,74,79,42,67,17,22,31,40,55,58,97,4,18,36,73,75
[ 67] Received message from  74: 1|0,2,8,48,54,77,86,99,1,13,21,35,49,59,61,38,63,81,87,100,95,10,20,43,47,96,69,25,39,74,79,17,22,23,40,42,67
[ 70] Received message from  57: 1|0,2,8,48,54,77,86,99,1,21,59,3,7,13,35,49,63,81,100,12,44,45,47,61,71,26,34,62,19,28,41,68,83,91,56,57,60,80,89,11,16,33,46,50,70,76,78
[ 93] Received message from  80: 1|0,2,8,48,54,77,86,99,1,9,80,88,90,19,56,60,68,78,83,93
[ 80] Received message from  68: 1|0,2,8,48,54,77,86,99,1,21,59,3,7,13,35,49,63,81,100,12,44,45,47,61,71,26,34,62,19,28,41,68,83,91,56,57,60,70,80,89
[ 23] Received message from  94: 1|0,2,8,48,54,77,86,99,1,21,59,3,7,13,35,49,63,81,100,12,44,45,47,61,71,26,34,62,19,28,41,68,83,91,11,16,33,46,57,70,72,76,89,24,51,94,4,23,31,40,75
[ 94] Received message from  31: 1|0,2,8,48,54,77,86,99,1,13,21,35,49,59,61,38,63,81,87,100,95,10,20,43,47,96,69,25,39,74,79,17,22,23,31,40,42,55,67,4,36,58,75,94,97
[ 36] Received message from  75: 1|0,2,8,48,54,77,86,99,1,13,21,35,49,59,61,38,63,81,87,100,3,44,47,95,7,12,23,71,24,25,40,72,74,94,16,51,75,4,31,36,52,58,85,97
[ 76] Received message from  28: 1|0,2,8,48,54,77,86,99,1,21,59,3,7,13,35,49,63,81,100,12,44,45,47,61,71,26,34,62,19,28,41,68,83,91,11,16,33,46,57,70,72,76,89
[ 33] Received message from  91: 1|0,2,8,48,54,77,86,99,1,21,59,3,7,13,35,49,63,81,100,12,44,45,47,61,71,26,34,62,19,28,41,68,83,91,11,16,33,46,56,57,60,70,76,78,89
[ 62] Received message from  61: 1|0,2,8,48,54,77,86,99,1,13,21,35,49,59,61,3,7,12,19,26,34,45,62
[ 15] Received message from  27: 1|0,2,8,48,54,77,86,99,1,13,21,35,49,59,61,38,63,81,87,100,95,10,20,43,47,96,69,25,39,74,79,42,67,17,22,31,40,55,58,97,4,18,36,73,75,51,52,94,27,85,5,15,92
[ 72] Received message from  51: 1|0,2,8,48,54,77,86,99,1,13,21,35,49,59,61,38,63,81,87,100,95,10,20,43,47,96,69,25,39,74,79,42,67,17,22,31,40,55,58,97,4,18,36,73,75,51,52,94,16,24,72,85
[ 94] Received message from  23: 1|0,2,8,48,54,77,86,99,1,13,21,35,49,59,61,38,63,81,87,100,3,44,47,95,7,12,23,71,24,25,40,72,74,94
[ 92] Received message from  36: 1|0,2,8,48,54,77,86,99,1,13,21,35,49,59,61,38,63,81,87,100,95,10,20,43,47,96,69,25,39,74,79,17,22,23,31,40,42,55,67,4,36,58,75,94,97,51,52,92
[ 64] Received message from  76: 1|0,2,8,48,54,77,86,99,1,21,59,3,7,13,35,49,63,81,100,12,44,45,47,61,71,26,34,62,19,28,41,68,83,91,56,57,60,80,89,37,70,76,78,11,33,46,50,64
[ 46] Received message from  89: 1|0,2,8,48,54,77,86,99,1,21,59,3,7,13,35,49,63,81,100,12,44,45,47,61,71,26,34,62,19,28,41,68,83,91,56,57,60,80,89,11,16,33,46,50,70,76,78
[ 80] Sent Broadcast: 1|0,2,8,48,54,77,86,99,1,9,80,88,90,19,56,60,68,78,83,93
[ 58] Sent Broadcast: 1|0,2,8,48,54,77,86,99,1,13,21,35,49,59,61,38,63,81,87,100,95,10,20,43,47,96,69,25,39,74,79,42,67,17,22,31,40,55,58,97,4,18,36,73,75
[ 25] Sent Broadcast: 1|0,2,8,48,54,77,86,99,1,13,21,35,49,59,61,38,63,81,87,100,95,10,20,43,47,96,69,25,39,74,79,17,22,23,31,40,42,55,67
[ 74] Sent Broadcast: 1|0,2,8,48,54,77,86,99,1,13,21,35,49,59,61,38,63,81,87,100,95,10,20,43,47,96,69,25,39,74,79,17,22,23,40,42,67
[ 28] Received message from  72: 1|0,2,8,48,54,77,86,99,1,13,21,35,49,59,61,38,63,81,87,100,3,44,47,95,7,12,23,71,24,25,40,72,74,94,11,16,28,41,46,51
[ 70] Received message from  41: 1|0,2,8,48,54,77,86,99,1,21,59,3,7,13,35,49,63,81,100,12,44,45,47,61,71,26,34,62,19,28,41,68,83,91,11,16,46,57,70,72,76,89
[ 89] Received message from  68: 1|0,2,8,48,54,77,86,99,1,21,59,3,7,13,35,49,63,81,100,12,44,45,47,61,71,26,34,62,19,28,41,68,83,91,56,57,60,70,80,89
[ 57] Received message from  78: 1|0,2,8,48,54,77,86,99,1,9,88,90,32,14,37,93,6,78,33,50,56,57,60,70,76,80,83,89,91
[ 72] Received message from  40: 1|0,2,8,48,54,77,86,99,1,13,21,35,49,59,61,38,63,81,87,100,95,10,20,43,47,96,69,25,39,74,79,17,40,42,67,22,23,24,31,72,94
[ 30] Received message from  15: 1|0,2,8,48,54,77,86,99,1,13,21,35,49,59,61,38,63,81,87,100,95,10,20,43,47,96,69,25,39,74,79,42,67,17,22,31,40,55,58,97,4,18,36,73,75,51,52,94,27,85,5,15,92,30,84
[ 97] Received message from  31: 1|0,2,8,48,54,77,86,99,1,13,21,35,49,59,61,38,63,81,87,100,95,10,20,43,47,96,69,25,39,74,79,17,22,23,31,40,42,55,67,4,36,58,75,94,97
[  5] Received message from  92: 1|0,2,8,48,54,77,86,99,1,13,21,35,49,59,61,38,63,81,87,100,95,10,20,43,47,96,69,25,39,74,79,17,22,23,31,40,42,55,67,4,36,58,75,94,97,51,52,92,5,27
[ 76] Received message from  57: 1|0,2,8,48,54,77,86,99,1,21,59,3,7,13,35,49,63,81,100,12,44,45,47,61,71,26,34,62,19,28,41,68,83,91,56,57,60,80,89,11,16,33,46,50,70,76,78
[ 52] Received message from  75: 1|0,2,8,48,54,77,86,99,1,13,21,35,49,59,61,38,63,81,87,100,3,44,47,95,7,12,23,71,24,25,40,72,74,94,16,51,75,4,31,36,52,58,85,97
[ 61] Sent Broadcast: 1|0,2,8,48,54,77,86,99,1,13,21,35,49,59,61,3,7,12,19,26,34,45,62
[ 36] Sent Broadcast: 1|0,2,8,48,54,77,86,99,1,13,21,35,49,59,61,38,63,81,87,100,95,10,20,43,47,96,69,25,39,74,79,17,22,23,31,40,42,55,67,4,36,58,75,94,97,51,52,92
[ 31] Received message from  94: 1|0,2,8,48,54,77,86,99,1,21,59,3,7,13,35,49,63,81,100,12,44,45,47,61,71,26,34,62,19,28,41,68,83,91,11,16,33,46,57,70,72,76,89,24,51,94,4,23,31,40,75
[ 78] Received message from  83: 1|0,2,8,48,54,77,86,99,1,21,59,3,7,13,35,49,63,81,100,12,44,45,47,61,71,26,34,62,19,28,41,68,83,91,56,57,60,70,78,80,89
[ 15] Received message from  85: 1|0,2,8,48,54,77,86,99,1,13,21,35,49,59,61,38,63,81,87,100,95,10,20,43,47,96,69,25,39,74,79,42,67,17,22,31,40,55,58,97,4,18,36,73,75,51,52,94,27,85,5,15
[ 61] Received message from  59: 1|0,2,8,48,54,77,86,99,1,21,59,3,7,12,26,34,35,45,49,61,62
[ 83] Received message from  99: 1|0,2,8,48,54,77,86,99,1,12,19,26,34,45,59,61,62,68,83
[ 92] Received message from  27: 1|0,2,8,48,54,77,86,99,1,13,21,35,49,59,61,38,63,81,87,100,95,10,20,43,47,96,69,25,39,74,79,42,67,17,22,31,40,55,58,97,4,18,36,73,75,51,52,94,27,85,5,15,92
[ 76] Sent Broadcast: 1|0,2,8,48,54,77,86,99,1,21,59,3,7,13,35,49,63,81,100,12,44,45,47,61,71,26,34,62,19,28,41,68,83,91,56,57,60,80,89,37,70,76,78,11,33,46,50,64
[ 23] Sent Broadcast: 1|0,2,8,48,54,77,86,99,1,13,21,35,49,59,61,38,63,81,87,100,3,44,47,95,7,12,23,71,24,25,40,72,74,94
[ 68] Sent Broadcast: 1|0,2,8,48,54,77,86,99,1,21,59,3,7,13,35,49,63,81,100,12,44,45,47,61,71,26,34,62,19,28,41,68,83,91,56,57,60,70,80,89
[ 31] Sent Broadcast: 1|0,2,8,48,54,77,86,99,1,13,21,35,49,59,61,38,63,81,87,100,95,10,20,43,47,96,69,25,39,74,79,17,22,23,31,40,42,55,67,4,36,58,75,94,97
[ 85] Received message from  51: 1|0,2,8,48,54,77,86,99,1,13,21,35,49,59,61,38,63,81,87,100,95,10,20,43,47,96,69,25,39,74,79,42,67,17,22,31,40,55,58,97,4,18,36,73,75,51,52,94,16,24,72,85
[ 41] Received message from  72: 1|0,2,8,48,54,77,86,99,1,13,21,35,49,59,61,38,63,81,87,100,3,44,47,95,7,12,23,71,24,25,40,72,74,94,11,16,28,41,46,51
[ 46] Received message from  91: 1|0,2,8,48,54,77,86,99,1,21,59,3,7,13,35,49,63,81,100,12,44,45,47,61,71,26,34,62,19,28,41,68,83,91,11,16,33,46,56,57,60,70,76,78,89
[ 89] Received message from  28: 1|0,2,8,48,54,77,86,99,1,21,59,3,7,13,35,49,63,81,100,12,44,45,47,61,71,26,34,62,19,28,41,68,83,91,11,16,33,46,57,70,72,76,89
[ 51] Sent Broadcast: 1|0,2,8,48,54,77,86,99,1,13,21,35,49,59,61,38,63,81,87,100,95,10,20,43,47,96,69,25,39,74,79,42,67,17,22,31,40,55,58,97,4,18,36,73,75,51,52,94,16,24,72,85
[ 85] Sent Broadcast: 1|0,2,8,48,54,77,86,99,1,13,21,35,49,59,61,38,63,81,87,100,95,10,20,43,47,96,69,25,39,74,79,42,67,17,22,31,40,55,58,97,4,18,36,73,75,51,52,94,27,85,5,15
[ 99] Sent Broadcast: 1|0,2,8,48,54,77,86,99,1,12,19,26,34,45,59,61,62,68,83
[ 27] Sent Broadcast: 1|0,2,8,48,54,77,86,99,1,13,21,35,49,59,61,38,63,81,87,100,95,10,20,43,47,96,69,25,39,74,79,42,67,17,22,31,40,55,58,97,4,18,36,73,75,51,52,94,27,85,5,15,92
[ 28] Sent Broadcast: 1|0,2,8,48,54,77,86,99,1,21,59,3,7,13,35,49,63,81,100,12,44,45,47,61,71,26,34,62,19,28,41,68,83,91,11,16,33,46,57,70,72,76,89
[ 27] Received message from  92: 1|0,2,8,48,54,77,86,99,1,13,21,35,49,59,61,38,63,81,87,100,95,10,20,43,47,96,69,25,39,74,79,17,22,23,31,40,42,55,67,4,36,58,75,94,97,51,52,92,5,27
[ 40] Received message from  94: 1|0,2,8,48,54,77,86,99,1,21,59,3,7,13,35,49,63,81,100,12,44,45,47,61,71,26,34,62,19,28,41,68,83,91,11,16,33,46,57,70,72,76,89,24,51,94,4,23,31,40,75
[ 92] Sent Broadcast: 1|0,2,8,48,54,77,86,99,1,13,21,35,49,59,61,38,63,81,87,100,95,10,20,43,47,96,69,25,39,74,79,17,22,23,31,40,42,55,67,4,36,58,75,94,97,51,52,92,5,27
[ 84] Received message from  15: 1|0,2,8,48,54,77,86,99,1,13,21,35,49,59,61,38,63,81,87,100,95,10,20,43,47,96,69,25,39,74,79,42,67,17,22,31,40,55,58,97,4,18,36,73,75,51,52,94,27,85,5,15,92,30,84
[ 60] Received message from  78: 1|0,2,8,48,54,77,86,99,1,9,88,90,32,14,37,93,6,78,33,50,56,57,60,70,76,80,83,89,91
[ 78] Received message from  57: 1|0,2,8,48,54,77,86,99,1,21,59,3,7,13,35,49,63,81,100,12,44,45,47,61,71,26,34,62,19,28,41,68,83,91,56,57,60,80,89,11,16,33,46,50,70,76,78
[ 58] Received message from  75: 1|0,2,8,48,54,77,86,99,1,13,21,35,49,59,61,38,63,81,87,100,3,44,47,95,7,12,23,71,24,25,40,72,74,94,16,51,75,4,31,36,52,58,85,97
[ 80] Received message from  83: 1|0,2,8,48,54,77,86,99,1,21,59,3,7,13,35,49,63,81,100,12,44,45,47,61,71,26,34,62,19,28,41,68,83,91,56,57,60,70,78,80,89
[ 56] Received message from  91: 1|0,2,8,48,54,77,86,99,1,21,59,3,7,13,35,49,63,81,100,12,44,45,47,61,71,26,34,62,19,28,41,68,83,91,11,16,33,46,56,57,60,70,76,78,89
[ 72] Received message from  41: 1|0,2,8,48,54,77,86,99,1,21,59,3,7,13,35,49,63,81,100,12,44,45,47,61,71,26,34,62,19,28,41,68,83,91,11,16,46,57,70,72,76,89
[ 50] Received message from  89: 1|0,2,8,48,54,77,86,99,1,21,59,3,7,13,35,49,63,81,100,12,44,45,47,61,71,26,34,62,19,28,41,68,83,91,56,57,60,80,89,11,16,33,46,50,70,76,78
[ 62] Received message from  59: 1|0,2,8,48,54,77,86,99,1,21,59,3,7,12,26,34,35,45,49,61,62
[ 75] Received message from  94: 1|0,2,8,48,54,77,86,99,1,21,59,3,7,13,35,49,63,81,100,12,44,45,47,61,71,26,34,62,19,28,41,68,83,91,11,16,33,46,57,70,72,76,89,24,51,94,4,23,31,40,75
[ 94] Received message from  40: 1|0,2,8,48,54,77,86,99,1,13,21,35,49,59,61,38,63,81,87,100,95,10,20,43,47,96,69,25,39,74,79,17,40,42,67,22,23,24,31,72,94
[ 15] Sent Broadcast: 1|0,2,8,48,54,77,86,99,1,13,21,35,49,59,61,38,63,81,87,100,95,10,20,43,47,96,69,25,39,74,79,42,67,17,22,31,40,55,58,97,4,18,36,73,75,51,52,94,27,85,5,15,92,30,84
[ 57] Sent Broadcast: 1|0,2,8,48,54,77,86,99,1,21,59,3,7,13,35,49,63,81,100,12,44,45,47,61,71,26,34,62,19,28,41,68,83,91,56,57,60,80,89,11,16,33,46,50,70,76,78
[ 59] Sent Broadcast: 1|0,2,8,48,54,77,86,99,1,21,59,3,7,12,26,34,35,45,49,61,62
[ 46] Received message from  72: 1|0,2,8,48,54,77,86,99,1,13,21,35,49,59,61,38,63,81,87,100,3,44,47,95,7,12,23,71,24,25,40,72,74,94,11,16,28,41,46,51
[ 89] Received message from  83: 1|0,2,8,48,54,77,86,99,1,21,59,3,7,13,35,49,63,81,100,12,44,45,47,61,71,26,34,62,19,28,41,68,83,91,56,57,60,70,78,80,89
[ 57] Received message from  91: 1|0,2,8,48,54,77,86,99,1,21,59,3,7,13,35,49,63,81,100,12,44,45,47,61,71,26,34,62,19,28,41,68,83,91,11,16,33,46,56,57,60,70,76,78,89
[ 76] Received message from  41: 1|0,2,8,48,54,77,86,99,1,21,59,3,7,13,35,49,63,81,100,12,44,45,47,61,71,26,34,62,19,28,41,68,83,91,11,16,46,57,70,72,76,89
[ 94] Sent Broadcast: 1|0,2,8,48,54,77,86,99,1,21,59,3,7,13,35,49,63,81,100,12,44,45,47,61,71,26,34,62,19,28,41,68,83,91,11,16,33,46,57,70,72,76,89,24,51,94,4,23,31,40,75
[ 40] Sent Broadcast: 1|0,2,8,48,54,77,86,99,1,13,21,35,49,59,61,38,63,81,87,100,95,10,20,43,47,96,69,25,39,74,79,17,40,42,67,22,23,24,31,72,94
[ 83] Sent Broadcast: 1|0,2,8,48,54,77,86,99,1,21,59,3,7,13,35,49,63,81,100,12,44,45,47,61,71,26,34,62,19,28,41,68,83,91,56,57,60,70,78,80,89
[ 85] Received message from  75: 1|0,2,8,48,54,77,86,99,1,13,21,35,49,59,61,38,63,81,87,100,3,44,47,95,7,12,23,71,24,25,40,72,74,94,16,51,75,4,31,36,52,58,85,97
[ 51] Received message from  72: 1|0,2,8,48,54,77,86,99,1,13,21,35,49,59,61,38,63,81,87,100,3,44,47,95,7,12,23,71,24,25,40,72,74,94,11,16,28,41,46,51
[ 72] Sent Broadcast: 1|0,2,8,48,54,77,86,99,1,13,21,35,49,59,61,38,63,81,87,100,3,44,47,95,7,12,23,71,24,25,40,72,74,94,11,16,28,41,46,51
[ 70] Received message from  78: 1|0,2,8,48,54,77,86,99,1,9,88,90,32,14,37,93,6,78,33,50,56,57,60,70,76,80,83,89,91
[ 89] Received message from  41: 1|0,2,8,48,54,77,86,99,1,21,59,3,7,13,35,49,63,81,100,12,44,45,47,61,71,26,34,62,19,28,41,68,83,91,11,16,46,57,70,72,76,89
[ 97] Received message from  75: 1|0,2,8,48,54,77,86,99,1,13,21,35,49,59,61,38,63,81,87,100,3,44,47,95,7,12,23,71,24,25,40,72,74,94,16,51,75,4,31,36,52,58,85,97
[ 60] Received message from  91: 1|0,2,8,48,54,77,86,99,1,21,59,3,7,13,35,49,63,81,100,12,44,45,47,61,71,26,34,62,19,28,41,68,83,91,11,16,33,46,56,57,60,70,76,78,89
[ 41] Sent Broadcast: 1|0,2,8,48,54,77,86,99,1,21,59,3,7,13,35,49,63,81,100,12,44,45,47,61,71,26,34,62,19,28,41,68,83,91,11,16,46,57,70,72,76,89
[ 75] Sent Broadcast: 1|0,2,8,48,54,77,86,99,1,13,21,35,49,59,61,38,63,81,87,100,3,44,47,95,7,12,23,71,24,25,40,72,74,94,16,51,75,4,31,36,52,58,85,97
[ 76] Received message from  78: 1|0,2,8,48,54,77,86,99,1,9,88,90,32,14,37,93,6,78,33,50,56,57,60,70,76,80,83,89,91
[ 70] Received message from  89: 1|0,2,8,48,54,77,86,99,1,21,59,3,7,13,35,49,63,81,100,12,44,45,47,61,71,26,34,62,19,28,41,68,83,91,56,57,60,80,89,11,16,33,46,50,70,76,78
[ 70] Received message from  91: 1|0,2,8,48,54,77,86,99,1,21,59,3,7,13,35,49,63,81,100,12,44,45,47,61,71,26,34,62,19,28,41,68,83,91,11,16,33,46,56,57,60,70,76,78,89
[ 76] Received message from  91: 1|0,2,8,48,54,77,86,99,1,21,59,3,7,13,35,49,63,81,100,12,44,45,47,61,71,26,34,62,19,28,41,68,83,91,11,16,33,46,56,57,60,70,76,78,89
[ 76] Received message from  89: 1|0,2,8,48,54,77,86,99,1,21,59,3,7,13,35,49,63,81,100,12,44,45,47,61,71,26,34,62,19,28,41,68,83,91,56,57,60,80,89,11,16,33,46,50,70,76,78
[ 80] Received message from  78: 1|0,2,8,48,54,77,86,99,1,9,88,90,32,14,37,93,6,78,33,50,56,57,60,70,76,80,83,89,91
[ 83] Received message from  78: 1|0,2,8,48,54,77,86,99,1,9,88,90,32,14,37,93,6,78,33,50,56,57,60,70,76,80,83,89,91
[ 78] Received message from  91: 1|0,2,8,48,54,77,86,99,1,21,59,3,7,13,35,49,63,81,100,12,44,45,47,61,71,26,34,62,19,28,41,68,83,91,11,16,33,46,56,57,60,70,76,78,89
[ 78] Received message from  89: 1|0,2,8,48,54,77,86,99,1,21,59,3,7,13,35,49,63,81,100,12,44,45,47,61,71,26,34,62,19,28,41,68,83,91,56,57,60,80,89,11,16,33,46,50,70,76,78
[ 89] Sent Broadcast: 1|0,2,8,48,54,77,86,99,1,21,59,3,7,13,35,49,63,81,100,12,44,45,47,61,71,26,34,62,19,28,41,68,83,91,56,57,60,80,89,11,16,33,46,50,70,76,78
[ 89] Received message from  78: 1|0,2,8,48,54,77,86,99,1,9,88,90,32,14,37,93,6,78,33,50,56,57,60,70,76,80,83,89,91
[ 89] Received message from  91: 1|0,2,8,48,54,77,86,99,1,21,59,3,7,13,35,49,63,81,100,12,44,45,47,61,71,26,34,62,19,28,41,68,83,91,11,16,33,46,56,57,60,70,76,78,89
[ 91] Sent Broadcast: 1|0,2,8,48,54,77,86,99,1,21,59,3,7,13,35,49,63,81,100,12,44,45,47,61,71,26,34,62,19,28,41,68,83,91,11,16,33,46,56,57,60,70,76,78,89
[ 91] Received message from  78: 1|0,2,8,48,54,77,86,99,1,9,88,90,32,14,37,93,6,78,33,50,56,57,60,70,76,80,83,89,91
[ 78] Sent Broadcast: 1|0,2,8,48,54,77,86,99,1,9,88,90,32,14,37,93,6,78,33,50,56,57,60,70,76,80,83,89,91
