[  2] Received message from   1: 1|0,2,12,20,24,33,35,38,42,44,60,63,64,66,98
[ 12] Received message from   1: 1|0,2,12,20,24,33,35,38,42,44,60,63,64,66,98
[  8] Received message from   2: 1|0,2,12,20,24,33,35,38,42,44,60,63,64,66,98,1,8,16,43,55,59,83
[ 20] Received message from   1: 1|0,2,12,20,24,33,35,38,42,44,60,63,64,66,98
[ 16] Received message from   2: 1|0,2,12,20,24,33,35,38,42,44,60,63,64,66,98,1,8,16,43,55,59,83
[ 43] Received message from   2: 1|0,2,12,20,24,33,35,38,42,44,60,63,64,66,98,1,8,16,43,55,59,83
[  5] Received message from  20: 1|0,2,12,20,24,33,35,38,42,44,60,63,64,66,98,1,5,77
[ 30] Received message from  16: 1|0,2,12,20,24,33,35,38,42,44,60,63,64,66,98,1,8,16,43,55,59,83,30,82,87
[ 16] Received message from  12: 1|0,2,12,20,24,33,35,38,42,44,60,63,64,66,98,1,16,30,43,55
[ 24] Received message from   1: 1|0,2,12,20,24,33,35,38,42,44,60,63,64,66,98
[ 33] Received message from   1: 1|0,2,12,20,24,33,35,38,42,44,60,63,64,66,98
[ 30] Received message from  12: 1|0,2,12,20,24,33,35,38,42,44,60,63,64,66,98,1,16,30,43,55
[ 55] Received message from   2: 1|0,2,12,20,24,33,35,38,42,44,60,63,64,66,98,1,8,16,43,55,59,83
[  8] Received message from  24: 1|0,2,12,20,24,33,35,38,42,44,60,63,64,66,98,1,8
[ 82] Received message from  16: 1|0,2,12,20,24,33,35,38,42,44,60,63,64,66,98,1,8,16,43,55,59,83,30,82,87
[ 77] Received message from  20: 1|0,2,12,20,24,33,35,38,42,44,60,63,64,66,98,1,5,77
[ 11] Received message from   8: 1|0,2,12,20,24,33,35,38,42,44,60,63,64,66,98,1,8,16,43,55,59,83,11,29
[ 24] Sent Broadcast: 1|0,2,12,20,24,33,35,38,42,44,60,63,64,66,98,1,8
[ 30] Received message from  43: 1|0,2,12,20,24,33,35,38,42,44,60,63,64,66,98,1,8,16,43,55,59,83,30,82,87
[  8] Received message from  33: 1|0,2,12,20,24,33,35,38,42,44,60,63,64,66,98,1,8,11,29
[ 15] Received message from  30: 1|0,2,12,20,24,33,35,38,42,44,60,63,64,66,98,1,8,16,43,55,59,83,30,82,87,15
[ 20] Sent Broadcast: 1|0,2,12,20,24,33,35,38,42,44,60,63,64,66,98,1,5,77
[ 84] Received message from  82: 1|0,2,12,20,24,33,35,38,42,44,60,63,64,66,98,1,8,16,43,55,59,83,30,82,87,84
[ 35] Received message from   1: 1|0,2,12,20,24,33,35,38,42,44,60,63,64,66,98
[ 69] Received message from  77: 1|0,2,12,20,24,33,35,38,42,44,60,63,64,66,98,1,5,77,69,75,76,88
[ 30] Sent Broadcast: 1|0,2,12,20,24,33,35,38,42,44,60,63,64,66,98,1,8,16,43,55,59,83,30,82,87,15
[ 87] Received message from  16: 1|0,2,12,20,24,33,35,38,42,44,60,63,64,66,98,1,8,16,43,55,59,83,30,82,87
[ 29] Received message from   8: 1|0,2,12,20,24,33,35,38,42,44,60,63,64,66,98,1,8,16,43,55,59,83,11,29
[ 59] Received message from   2: 1|0,2,12,20,24,33,35,38,42,44,60,63,64,66,98,1,8,16,43,55,59,83
[ 43] Received message from  12: 1|0,2,12,20,24,33,35,38,42,44,60,63,64,66,98,1,16,30,43,55
[ 30] Received message from  55: 1|0,2,12,20,24,33,35,38,42,44,60,63,64,66,98,1,8,16,43,55,59,83,30,82,87
[ 82] Sent Broadcast: 1|0,2,12,20,24,33,35,38,42,44,60,63,64,66,98,1,8,16,43,55,59,83,30,82,87,84
[ 23] Received message from  11: 1|0,2,12,20,24,33,35,38,42,44,60,63,64,66,98,1,8,16,43,55,59,83,11,29,23,40
[ 16] Sent Broadcast: 1|0,2,12,20,24,33,35,38,42,44,60,63,64,66,98,1,8,16,43,55,59,83,30,82,87
[ 11] Received message from  33: 1|0,2,12,20,24,33,35,38,42,44,60,63,64,66,98,1,8,11,29
[  8] Sent Broadcast: 1|0,2,12,20,24,33,35,38,42,44,60,63,64,66,98,1,8,16,43,55,59,83,11,29
[ 29] Received message from  59: 1|0,2,12,20,24,33,35,38,42,44,60,63,64,66,98,1,8,16,43,55,59,83,29
[ 84] Received message from  15: 1|0,2,12,20,24,33,35,38,42,44,60,63,64,66,98,1,8,16,43,55,59,83,30,82,87,15,84,99
[ 59] Sent Broadcast: 1|0,2,12,20,24,33,35,38,42,44,60,63,64,66,98,1,8,16,43,55,59,83,29
[ 82] Received message from  43: 1|0,2,12,20,24,33,35,38,42,44,60,63,64,66,98,1,8,16,43,55,59,83,30,82,87
[ 75] Received message from   5: 1|0,2,12,20,24,33,35,38,42,44,60,63,64,66,98,1,5,77,75,88
[ 40] Received message from  11: 1|0,2,12,20,24,33,35,38,42,44,60,63,64,66,98,1,8,16,43,55,59,83,11,29,23,40
[ 38] Received message from   1: 1|0,2,12,20,24,33,35,38,42,44,60,63,64,66,98
[ 75] Received message from  77: 1|0,2,12,20,24,33,35,38,42,44,60,63,64,66,98,1,5,77,69,75,76,88
[  6] Received message from  23: 1|0,2,12,20,24,33,35,38,42,44,60,63,64,66,98,1,8,16,43,55,59,83,11,29,23,40,6,97
[ 30] Received message from  35: 1|0,2,12,20,24,33,35,38,42,44,60,63,64,66,98,1,30,43,55
[ 15] Received message from  84: 1|0,2,12,20,24,33,35,38,42,44,60,63,64,66,98,1,8,16,43,55,59,83,30,82,87,84,15,18,92,99
[ 87] Received message from  43: 1|0,2,12,20,24,33,35,38,42,44,60,63,64,66,98,1,8,16,43,55,59,83,30,82,87
[ 99] Received message from  15: 1|0,2,12,20,24,33,35,38,42,44,60,63,64,66,98,1,8,16,43,55,59,83,30,82,87,15,84,99
[ 22] Received message from  69: 1|0,2,12,20,24,33,35,38,42,44,60,63,64,66,98,1,5,77,69,75,76,88,22,81
[ 11] Sent Broadcast: 1|0,2,12,20,24,33,35,38,42,44,60,63,64,66,98,1,8,16,43,55,59,83,11,29,23,40
[ 88] Received message from   5: 1|0,2,12,20,24,33,35,38,42,44,60,63,64,66,98,1,5,77,75,88
[ 29] Received message from  33: 1|0,2,12,20,24,33,35,38,42,44,60,63,64,66,98,1,8,11,29
[  6] Received message from  40: 1|0,2,12,20,24,33,35,38,42,44,60,63,64,66,98,1,8,16,43,55,59,83,11,29,23,40,6
[ 82] Received message from  55: 1|0,2,12,20,24,33,35,38,42,44,60,63,64,66,98,1,8,16,43,55,59,83,30,82,87
[ 55] Received message from  12: 1|0,2,12,20,24,33,35,38,42,44,60,63,64,66,98,1,16,30,43,55
[ 83] Received message from   2: 1|0,2,12,20,24,33,35,38,42,44,60,63,64,66,98,1,8,16,43,55,59,83
[ 26] Received message from  22: 1|0,2,12,20,24,33,35,38,42,44,60,63,64,66,98,1,5,77,69,75,76,88,22,81,26,31,32,46,62,71,72,91,95
[  5] Received message from  38: 1|0,2,12,20,24,33,35,38,42,44,60,63,64,66,98,1,5,48,69,77,85
[ 43] Sent Broadcast: 1|0,2,12,20,24,33,35,38,42,44,60,63,64,66,98,1,8,16,43,55,59,83,30,82,87
[ 40] Sent Broadcast: 1|0,2,12,20,24,33,35,38,42,44,60,63,64,66,98,1,8,16,43,55,59,83,11,29,23,40,6
[ 33] Sent Broadcast: 1|0,2,12,20,24,33,35,38,42,44,60,63,64,66,98,1,8,11,29
[  5] Sent Broadcast: 1|0,2,12,20,24,33,35,38,42,44,60,63,64,66,98,1,5,77,75,88
[ 15] Sent Broadcast: 1|0,2,12,20,24,33,35,38,42,44,60,63,64,66,98,1,8,16,43,55,59,83,30,82,87,15,84,99
[  2] Sent Broadcast: 1|0,2,12,20,24,33,35,38,42,44,60,63,64,66,98,1,8,16,43,55,59,83
[ 12] Sent Broadcast: 1|0,2,12,20,24,33,35,38,42,44,60,63,64,66,98,1,16,30,43,55
[ 10] Received message from  75: 1|0,2,12,20,24,33,35,38,42,44,60,63,64,66,98,1,5,77,75,88,10,76
[ 42] Received message from   1: 1|0,2,12,20,24,33,35,38,42,44,60,63,64,66,98
[ 97] Received message from  23: 1|0,2,12,20,24,33,35,38,42,44,60,63,64,66,98,1,8,16,43,55,59,83,11,29,23,40,6,97
[ 18] Received message from  99: 1|0,2,12,20,24,33,35,38,42,44,60,63,64,66,98,1,8,16,43,55,59,83,30,82,87,15,84,99,18,92
[ 82] Received message from  83: 1|0,2,12,20,24,33,35,38,42,44,60,63,64,66,98,1,8,16,43,55,59,83,82,87
[ 76] Received message from  77: 1|0,2,12,20,24,33,35,38,42,44,60,63,64,66,98,1,5,77,69,75,76,88
[ 10] Received message from  88: 1|0,2,12,20,24,33,35,38,42,44,60,63,64,66,98,1,5,77,75,88,10,76
[ 43] Received message from  35: 1|0,2,12,20,24,33,35,38,42,44,60,63,64,66,98,1,30,43,55
[ 87] Received message from  55: 1|0,2,12,20,24,33,35,38,42,44,60,63,64,66,98,1,8,16,43,55,59,83,30,82,87
[ 76] Received message from  75: 1|0,2,12,20,24,33,35,38,42,44,60,63,64,66,98,1,5,77,75,88,10,76
[ 18] Received message from  84: 1|0,2,12,20,24,33,35,38,42,44,60,63,64,66,98,1,8,16,43,55,59,83,30,82,87,84,15,18,92,99
[ 31] Received message from  10: 1|0,2,12,20,24,33,35,38,42,44,60,63,64,66,98,1,5,77,75,88,10,76,31,46,65
[ 23] Sent Broadcast: 1|0,2,12,20,24,33,35,38,42,44,60,63,64,66,98,1,8,16,43,55,59,83,11,29,23,40,6,97
[ 25] Received message from  26: 1|0,2,12,20,24,33,35,38,42,44,60,63,64,66,98,1,5,77,69,75,76,88,22,81,26,31,32,46,62,71,72,91,95,25,70
[ 10] Received message from  76: 1|0,2,12,20,24,33,35,38,42,44,60,63,64,66,98,1,5,77,69,75,76,88,10,22,46
[ 48] Received message from  38: 1|0,2,12,20,24,33,35,38,42,44,60,63,64,66,98,1,5,48,69,77,85
[ 31] Received message from  22: 1|0,2,12,20,24,33,35,38,42,44,60,63,64,66,98,1,5,77,69,75,76,88,22,81,26,31,32,46,62,71,72,91,95
[ 81] Received message from  69: 1|0,2,12,20,24,33,35,38,42,44,60,63,64,66,98,1,5,77,69,75,76,88,22,81
[ 44] Received message from   1: 1|0,2,12,20,24,33,35,38,42,44,60,63,64,66,98
[ 46] Received message from  10: 1|0,2,12,20,24,33,35,38,42,44,60,63,64,66,98,1,5,77,75,88,10,76,31,46,65
[ 13] Received message from  25: 1|0,2,12,20,24,33,35,38,42,44,60,63,64,66,98,1,5,77,69,75,76,88,22,81,26,31,32,46,62,71,72,91,95,25,70,13,19,34,36,61,67,73,93
[ 55] Sent Broadcast: 1|0,2,12,20,24,33,35,38,42,44,60,63,64,66,98,1,8,16,43,55,59,83,30,82,87
[ 87] Received message from  83: 1|0,2,12,20,24,33,35,38,42,44,60,63,64,66,98,1,8,16,43,55,59,83,82,87
[ 69] Sent Broadcast: 1|0,2,12,20,24,33,35,38,42,44,60,63,64,66,98,1,5,77,69,75,76,88,22,81
[ 75] Sent Broadcast: 1|0,2,12,20,24,33,35,38,42,44,60,63,64,66,98,1,5,77,75,88,10,76
[ 83] Sent Broadcast: 1|0,2,12,20,24,33,35,38,42,44,60,63,64,66,98,1,8,16,43,55,59,83,82,87
[ 32] Received message from  22: 1|0,2,12,20,24,33,35,38,42,44,60,63,64,66,98,1,5,77,69,75,76,88,22,81,26,31,32,46,62,71,72,91,95
[ 69] Received message from  38: 1|0,2,12,20,24,33,35,38,42,44,60,63,64,66,98,1,5,48,69,77,85
[ 92] Received message from  99: 1|0,2,12,20,24,33,35,38,42,44,60,63,64,66,98,1,8,16,43,55,59,83,30,82,87,15,84,99,18,92
[ 26] Received message from  81: 1|0,2,12,20,24,33,35,38,42,44,60,63,64,66,98,1,5,77,69,75,76,88,22,81,26,62,68,70,72,91,93
[ 76] Received message from  88: 1|0,2,12,20,24,33,35,38,42,44,60,63,64,66,98,1,5,77,75,88,10,76
[ 55] Received message from  35: 1|0,2,12,20,24,33,35,38,42,44,60,63,64,66,98,1,30,43,55
[ 65] Received message from  10: 1|0,2,12,20,24,33,35,38,42,44,60,63,64,66,98,1,5,77,75,88,10,76,31,46,65
[ 88] Received message from  77: 1|0,2,12,20,24,33,35,38,42,44,60,63,64,66,98,1,5,77,69,75,76,88
[ 22] Received message from  31: 1|0,2,12,20,24,33,35,38,42,44,60,63,64,66,98,1,5,77,75,88,10,76,31,46,65,22,32,71,95
[  7] Received message from  48: 1|0,2,12,20,24,33,35,38,42,44,60,63,64,66,98,1,5,48,69,77,85,7,37,50,51,54,78
[ 99] Sent Broadcast: 1|0,2,12,20,24,33,35,38,42,44,60,63,64,66,98,1,8,16,43,55,59,83,30,82,87,15,84,99,18,92
[ 60] Received message from   1: 1|0,2,12,20,24,33,35,38,42,44,60,63,64,66,98
[ 88] Sent Broadcast: 1|0,2,12,20,24,33,35,38,42,44,60,63,64,66,98,1,5,77,75,88,10,76
[ 35] Sent Broadcast: 1|0,2,12,20,24,33,35,38,42,44,60,63,64,66,98,1,30,43,55
[ 77] Sent Broadcast: 1|0,2,12,20,24,33,35,38,42,44,60,63,64,66,98,1,5,77,69,75,76,88
[ 19] Received message from  25: 1|0,2,12,20,24,33,35,38,42,44,60,63,64,66,98,1,5,77,69,75,76,88,22,81,26,31,32,46,62,71,72,91,95,25,70,13,19,34,36,61,67,73,93
[ 10] Sent Broadcast: 1|0,2,12,20,24,33,35,38,42,44,60,63,64,66,98,1,5,77,75,88,10,76,31,46,65
[ 70] Received message from  26: 1|0,2,12,20,24,33,35,38,42,44,60,63,64,66,98,1,5,77,69,75,76,88,22,81,26,31,32,46,62,71,72,91,95,25,70
[ 56] Received message from  13: 1|0,2,12,20,24,33,35,38,42,44,60,63,64,66,98,1,5,77,69,75,76,88,22,81,26,31,32,46,62,71,72,91,95,25,70,13,19,34,36,61,67,73,93,56
[  5] Received message from  44: 1|0,2,12,20,24,33,35,38,42,44,60,63,64,66,98,1,5,77
[ 77] Received message from  38: 1|0,2,12,20,24,33,35,38,42,44,60,63,64,66,98,1,5,48,69,77,85
[ 92] Received message from  84: 1|0,2,12,20,24,33,35,38,42,44,60,63,64,66,98,1,8,16,43,55,59,83,30,82,87,84,15,18,92,99
[ 32] Received message from  31: 1|0,2,12,20,24,33,35,38,42,44,60,63,64,66,98,1,5,77,75,88,10,76,31,46,65,22,32,71,95
[ 21] Received message from  32: 1|0,2,12,20,24,33,35,38,42,44,60,63,64,66,98,1,5,77,69,75,76,88,22,81,26,31,32,46,62,71,72,91,95,21,28,56,89
[ 26] Sent Broadcast: 1|0,2,12,20,24,33,35,38,42,44,60,63,64,66,98,1,5,77,69,75,76,88,22,81,26,31,32,46,62,71,72,91,95,25,70
[ 13] Sent Broadcast: 1|0,2,12,20,24,33,35,38,42,44,60,63,64,66,98,1,5,77,69,75,76,88,22,81,26,31,32,46,62,71,72,91,95,25,70,13,19,34,36,61,67,73,93,56
[ 47] Received message from   7: 1|0,2,12,20,24,33,35,38,42,44,60,63,64,66,98,1,5,48,69,77,85,7,37,50,51,54,78,47,52,58,68,74,79,94
[ 34] Received message from  25: 1|0,2,12,20,24,33,35,38,42,44,60,63,64,66,98,1,5,77,69,75,76,88,22,81,26,31,32,46,62,71,72,91,95,25,70,13,19,34,36,61,67,73,93
[ 37] Received message from  48: 1|0,2,12,20,24,33,35,38,42,44,60,63,64,66,98,1,5,48,69,77,85,7,37,50,51,54,78
[ 62] Received message from  81: 1|0,2,12,20,24,33,35,38,42,44,60,63,64,66,98,1,5,77,69,75,76,88,22,81,26,62,68,70,72,91,93
[ 16] Received message from  60: 1|0,2,12,20,24,33,35,38,42,44,60,63,64,66,98,1,16,30,43,55,87
[ 46] Received message from  22: 1|0,2,12,20,24,33,35,38,42,44,60,63,64,66,98,1,5,77,69,75,76,88,22,81,26,31,32,46,62,71,72,91,95
[ 17] Received message from  56: 1|0,2,12,20,24,33,35,38,42,44,60,63,64,66,98,1,5,77,69,75,76,88,22,81,26,31,32,46,62,71,72,91,95,25,70,13,19,34,36,61,67,73,93,56,17,21
[ 13] Received message from  70: 1|0,2,12,20,24,33,35,38,42,44,60,63,64,66,98,1,5,77,69,75,76,88,22,81,26,31,32,46,62,71,72,91,95,25,70,13,19,34,36,45,61,67,68,73,93
[ 22] Received message from  76: 1|0,2,12,20,24,33,35,38,42,44,60,63,64,66,98,1,5,77,69,75,76,88,10,22,46
[ 22] Received message from  46: 1|0,2,12,20,24,33,35,38,42,44,60,63,64,66,98,1,5,77,75,88,10,76,31,46,65,22,32,71,95
[ 63] Received message from   1: 1|0,2,12,20,24,33,35,38,42,44,60,63,64,66,98
[ 25] Received message from  62: 1|0,2,12,20,24,33,35,38,42,44,60,63,64,66,98,1,5,77,69,75,76,88,22,81,26,62,68,70,72,91,93,25,34
[ 77] Received message from  44: 1|0,2,12,20,24,33,35,38,42,44,60,63,64,66,98,1,5,77
[ 17] Received message from  21: 1|0,2,12,20,24,33,35,38,42,44,60,63,64,66,98,1,5,77,69,75,76,88,22,81,26,31,32,46,62,71,72,91,95,21,28,56,89,17
[ 62] Received message from  22: 1|0,2,12,20,24,33,35,38,42,44,60,63,64,66,98,1,5,77,69,75,76,88,22,81,26,31,32,46,62,71,72,91,95
[ 45] Received message from  34: 1|0,2,12,20,24,33,35,38,42,44,60,63,64,66,98,1,5,77,69,75,76,88,22,81,26,31,32,46,62,71,72,91,95,25,70,13,19,34,36,61,67,73,93,45,68
[ 52] Received message from   7: 1|0,2,12,20,24,33,35,38,42,44,60,63,64,66,98,1,5,48,69,77,85,7,37,50,51,54,78,47,52,58,68,74,79,94
[ 99] Received message from  84: 1|0,2,12,20,24,33,35,38,42,44,60,63,64,66,98,1,8,16,43,55,59,83,30,82,87,84,15,18,92,99
[ 50] Received message from  48: 1|0,2,12,20,24,33,35,38,42,44,60,63,64,66,98,1,5,48,69,77,85,7,37,50,51,54,78
[  9] Received message from  37: 1|0,2,12,20,24,33,35,38,42,44,60,63,64,66,98,1,5,48,69,77,85,7,37,50,51,54,78,9,47,52,58,74,79,94
[ 85] Received message from  38: 1|0,2,12,20,24,33,35,38,42,44,60,63,64,66,98,1,5,48,69,77,85
[ 71] Received message from  31: 1|0,2,12,20,24,33,35,38,42,44,60,63,64,66,98,1,5,77,75,88,10,76,31,46,65,22,32,71,95
[ 36] Received message from  25: 1|0,2,12,20,24,33,35,38,42,44,60,63,64,66,98,1,5,77,69,75,76,88,22,81,26,31,32,46,62,71,72,91,95,25,70,13,19,34,36,61,67,73,93
[  3] Received message from  47: 1|0,2,12,20,24,33,35,38,42,44,60,63,64,66,98,1,5,48,69,77,85,7,37,50,51,54,78,47,52,58,68,74,79,94,3,4,27,36,39,57,90,100
[  7] Received message from  85: 1|0,2,12,20,24,33,35,38,42,44,60,63,64,66,98,1,5,48,69,77,85,7,37,50,51,54,78
[ 27] Received message from  50: 1|0,2,12,20,24,33,35,38,42,44,60,63,64,66,98,1,5,48,69,77,85,7,37,50,51,54,78,27,36,39,47,52,58,68,90,93
[ 28] Received message from  17: 1|0,2,12,20,24,33,35,38,42,44,60,63,64,66,98,1,5,77,69,75,76,88,22,81,26,31,32,46,62,71,72,91,95,25,70,13,19,34,36,61,67,73,93,56,17,21,28,89
[ 14] Received message from   9: 1|0,2,12,20,24,33,35,38,42,44,60,63,64,66,98,1,5,48,69,77,85,7,37,50,51,54,78,9,47,52,58,74,79,94,14,41,53,86,96,100
[ 30] Received message from  60: 1|0,2,12,20,24,33,35,38,42,44,60,63,64,66,98,1,16,30,43,55,87
[ 27] Received message from  45: 1|0,2,12,20,24,33,35,38,42,44,60,63,64,66,98,1,5,77,69,75,76,88,22,81,26,31,32,46,62,71,72,91,95,25,70,13,19,34,36,61,67,73,93,45,68,27,39,57,58,90
[ 58] Received message from   7: 1|0,2,12,20,24,33,35,38,42,44,60,63,64,66,98,1,5,48,69,77,85,7,37,50,51,54,78,47,52,58,68,74,79,94
[ 64] Received message from   1: 1|0,2,12,20,24,33,35,38,42,44,60,63,64,66,98
[ 19] Received message from  70: 1|0,2,12,20,24,33,35,38,42,44,60,63,64,66,98,1,5,77,69,75,76,88,22,81,26,31,32,46,62,71,72,91,95,25,70,13,19,34,36,45,61,67,68,73,93
[ 68] Received message from  81: 1|0,2,12,20,24,33,35,38,42,44,60,63,64,66,98,1,5,77,69,75,76,88,22,81,26,62,68,70,72,91,93
[  3] Received message from  27: 1|0,2,12,20,24,33,35,38,42,44,60,63,64,66,98,1,5,48,69,77,85,7,37,50,51,54,78,27,36,39,47,52,58,68,90,93,3,45,57,73
[ 26] Received message from  71: 1|0,2,12,20,24,33,35,38,42,44,60,63,64,66,98,1,5,77,75,88,10,76,31,46,65,22,32,71,95,26,91
[ 32] Received message from  46: 1|0,2,12,20,24,33,35,38,42,44,60,63,64,66,98,1,5,77,75,88,10,76,31,46,65,22,32,71,95
[ 21] Received message from  56: 1|0,2,12,20,24,33,35,38,42,44,60,63,64,66,98,1,5,77,69,75,76,88,22,81,26,31,32,46,62,71,72,91,95,25,70,13,19,34,36,61,67,73,93,56,17,21
[ 41] Received message from   3: 1|0,2,12,20,24,33,35,38,42,44,60,63,64,66,98,1,5,48,69,77,85,7,37,50,51,54,78,47,52,58,68,74,79,94,3,4,27,36,39,57,90,100,41,49,80,96
[  4] Received message from  52: 1|0,2,12,20,24,33,35,38,42,44,60,63,64,66,98,1,5,48,69,77,85,7,37,50,51,54,78,47,52,58,68,74,79,94,4,9,41,53,96,100
[ 44] Sent Broadcast: 1|0,2,12,20,24,33,35,38,42,44,60,63,64,66,98,1,5,77
[ 84] Sent Broadcast: 1|0,2,12,20,24,33,35,38,42,44,60,63,64,66,98,1,8,16,43,55,59,83,30,82,87,84,15,18,92,99
[ 46] Received message from  76: 1|0,2,12,20,24,33,35,38,42,44,60,63,64,66,98,1,5,77,69,75,76,88,10,22,46
[ 28] Received message from  32: 1|0,2,12,20,24,33,35,38,42,44,60,63,64,66,98,1,5,77,69,75,76,88,22,81,26,31,32,46,62,71,72,91,95,21,28,56,89
[ 21] Sent Broadcast: 1|0,2,12,20,24,33,35,38,42,44,60,63,64,66,98,1,5,77,69,75,76,88,22,81,26,31,32,46,62,71,72,91,95,21,28,56,89,17
[  8] Received message from  63: 1|0,2,12,20,24,33,35,38,42,44,60,63,64,66,98,1,8,16,30,43,55,83,87
[ 38] Sent Broadcast: 1|0,2,12,20,24,33,35,38,42,44,60,63,64,66,98,1,5,48,69,77,85
[  3] Received message from  58: 1|0,2,12,20,24,33,35,38,42,44,60,63,64,66,98,1,5,48,69,77,85,7,37,50,51,54,78,47,52,58,68,74,79,94,3,27,36,39,45,57,73,90
[ 27] Received message from  36: 1|0,2,12,20,24,33,35,38,42,44,60,63,64,66,98,1,5,77,69,75,76,88,22,81,26,31,32,46,62,71,72,91,95,25,70,13,19,34,36,61,67,73,93,27,39,45,47,50,58,68,90
[ 56] Sent Broadcast: 1|0,2,12,20,24,33,35,38,42,44,60,63,64,66,98,1,5,77,69,75,76,88,22,81,26,31,32,46,62,71,72,91,95,25,70,13,19,34,36,61,67,73,93,56,17,21
[  9] Received message from  41: 1|0,2,12,20,24,33,35,38,42,44,60,63,64,66,98,1,5,48,69,77,85,7,37,50,51,54,78,47,52,58,68,74,79,94,3,4,27,36,39,57,90,100,41,49,80,96,9
[  5] Received message from  64: 1|0,2,12,20,24,33,35,38,42,44,60,63,64,66,98,1,5,77,85
[  7] Received message from  68: 1|0,2,12,20,24,33,35,38,42,44,60,63,64,66,98,1,5,77,69,75,76,88,22,81,26,62,68,70,72,91,93,7,34,36,50,54
[ 41] Received message from   9: 1|0,2,12,20,24,33,35,38,42,44,60,63,64,66,98,1,5,48,69,77,85,7,37,50,51,54,78,9,47,52,58,74,79,94,14,41,53,86,96,100
[ 91] Received message from  71: 1|0,2,12,20,24,33,35,38,42,44,60,63,64,66,98,1,5,77,75,88,10,76,31,46,65,22,32,71,95,26,91
[ 76] Sent Broadcast: 1|0,2,12,20,24,33,35,38,42,44,60,63,64,66,98,1,5,77,69,75,76,88,10,22,46
[ 95] Received message from  31: 1|0,2,12,20,24,33,35,38,42,44,60,63,64,66,98,1,5,77,75,88,10,76,31,46,65,22,32,71,95
[ 47] Received message from  37: 1|0,2,12,20,24,33,35,38,42,44,60,63,64,66,98,1,5,48,69,77,85,7,37,50,51,54,78,9,47,52,58,74,79,94
[ 36] Received message from  50: 1|0,2,12,20,24,33,35,38,42,44,60,63,64,66,98,1,5,48,69,77,85,7,37,50,51,54,78,27,36,39,47,52,58,68,90,93
[ 56] Received message from  32: 1|0,2,12,20,24,33,35,38,42,44,60,63,64,66,98,1,5,77,69,75,76,88,22,81,26,31,32,46,62,71,72,91,95,21,28,56,89
[ 51] Received message from  48: 1|0,2,12,20,24,33,35,38,42,44,60,63,64,66,98,1,5,48,69,77,85,7,37,50,51,54,78
[ 41] Sent Broadcast: 1|0,2,12,20,24,33,35,38,42,44,60,63,64,66,98,1,5,48,69,77,85,7,37,50,51,54,78,47,52,58,68,74,79,94,3,4,27,36,39,57,90,100,41,49,80,96,9
[ 34] Received message from  62: 1|0,2,12,20,24,33,35,38,42,44,60,63,64,66,98,1,5,77,69,75,76,88,22,81,26,62,68,70,72,91,93,25,34
[ 89] Received message from  17: 1|0,2,12,20,24,33,35,38,42,44,60,63,64,66,98,1,5,77,69,75,76,88,22,81,26,31,32,46,62,71,72,91,95,25,70,13,19,34,36,61,67,73,93,56,17,21,28,89
[  3] Received message from   4: 1|0,2,12,20,24,33,35,38,42,44,60,63,64,66,98,1,5,48,69,77,85,7,37,50,51,54,78,47,52,58,68,74,79,94,4,9,41,53,96,100,3,49,57,80
[ 68] Received message from  34: 1|0,2,12,20,24,33,35,38,42,44,60,63,64,66,98,1,5,77,69,75,76,88,22,81,26,31,32,46,62,71,72,91,95,25,70,13,19,34,36,61,67,73,93,45,68
[ 71] Received message from  22: 1|0,2,12,20,24,33,35,38,42,44,60,63,64,66,98,1,5,77,69,75,76,88,22,81,26,31,32,46,62,71,72,91,95
[ 45] Received message from  27: 1|0,2,12,20,24,33,35,38,42,44,60,63,64,66,98,1,5,48,69,77,85,7,37,50,51,54,78,27,36,39,47,52,58,68,90,93,3,45,57,73
[ 49] Received message from   3: 1|0,2,12,20,24,33,35,38,42,44,60,63,64,66,98,1,5,48,69,77,85,7,37,50,51,54,78,47,52,58,68,74,79,94,3,4,27,36,39,57,90,100,41,49,80,96
[ 61] Received message from  25: 1|0,2,12,20,24,33,35,38,42,44,60,63,64,66,98,1,5,77,69,75,76,88,22,81,26,31,32,46,62,71,72,91,95,25,70,13,19,34,36,61,67,73,93
[ 43] Received message from  60: 1|0,2,12,20,24,33,35,38,42,44,60,63,64,66,98,1,16,30,43,55,87
[ 27] Received message from  58: 1|0,2,12,20,24,33,35,38,42,44,60,63,64,66,98,1,5,48,69,77,85,7,37,50,51,54,78,47,52,58,68,74,79,94,3,27,36,39,45,57,73,90
[ 66] Received message from   1: 1|0,2,12,20,24,33,35,38,42,44,60,63,64,66,98
[  9] Received message from  52: 1|0,2,12,20,24,33,35,38,42,44,60,63,64,66,98,1,5,48,69,77,85,7,37,50,51,54,78,47,52,58,68,74,79,94,4,9,41,53,96,100
[ 37] Received message from  85: 1|0,2,12,20,24,33,35,38,42,44,60,63,64,66,98,1,5,48,69,77,85,7,37,50,51,54,78
[  4] Received message from  47: 1|0,2,12,20,24,33,35,38,42,44,60,63,64,66,98,1,5,48,69,77,85,7,37,50,51,54,78,47,52,58,68,74,79,94,3,4,27,36,39,57,90,100
[ 16] Received message from  63: 1|0,2,12,20,24,33,35,38,42,44,60,63,64,66,98,1,8,16,30,43,55,83,87
[ 70] Received message from  81: 1|0,2,12,20,24,33,35,38,42,44,60,63,64,66,98,1,5,77,69,75,76,88,22,81,26,62,68,70,72,91,93
[ 71] Received message from  46: 1|0,2,12,20,24,33,35,38,42,44,60,63,64,66,98,1,5,77,75,88,10,76,31,46,65,22,32,71,95
[ 45] Received message from  61: 1|0,2,12,20,24,33,35,38,42,44,60,63,64,66,98,1,5,77,69,75,76,88,22,81,26,31,32,46,62,71,72,91,95,25,70,13,19,34,36,61,67,73,93,45
[ 71] Sent Broadcast: 1|0,2,12,20,24,33,35,38,42,44,60,63,64,66,98,1,5,77,75,88,10,76,31,46,65,22,32,71,95,26,91
[ 31] Sent Broadcast: 1|0,2,12,20,24,33,35,38,42,44,60,63,64,66,98,1,5,77,75,88,10,76,31,46,65,22,32,71,95
[ 14] Received message from  51: 1|0,2,12,20,24,33,35,38,42,44,60,63,64,66,98,1,5,48,69,77,85,7,37,50,51,54,78,14,74,79,94
[ 39] Received message from  45: 1|0,2,12,20,24,33,35,38,42,44,60,63,64,66,98,1,5,77,69,75,76,88,22,81,26,31,32,46,62,71,72,91,95,25,70,13,19,34,36,61,67,73,93,45,68,27,39,57,58,90
[ 13] Received message from  91: 1|0,2,12,20,24,33,35,38,42,44,60,63,64,66,98,1,5,77,75,88,10,76,31,46,65,22,32,71,95,26,91,13,19,25,56,62,70,72,81
[ 34] Received message from  70: 1|0,2,12,20,24,33,35,38,42,44,60,63,64,66,98,1,5,77,69,75,76,88,22,81,26,31,32,46,62,71,72,91,95,25,70,13,19,34,36,45,61,67,68,73,93
[ 48] Received message from  66: 1|0,2,12,20,24,33,35,38,42,44,60,63,64,66,98,1,48,54,85
[ 68] Received message from   7: 1|0,2,12,20,24,33,35,38,42,44,60,63,64,66,98,1,5,48,69,77,85,7,37,50,51,54,78,47,52,58,68,74,79,94
[ 17] Received message from  95: 1|0,2,12,20,24,33,35,38,42,44,60,63,64,66,98,1,5,77,75,88,10,76,31,46,65,22,32,71,95,17,21,28,89
[ 77] Received message from  64: 1|0,2,12,20,24,33,35,38,42,44,60,63,64,66,98,1,5,77,85
[ 34] Received message from  68: 1|0,2,12,20,24,33,35,38,42,44,60,63,64,66,98,1,5,77,69,75,76,88,22,81,26,62,68,70,72,91,93,7,34,36,50,54
[ 53] Received message from   9: 1|0,2,12,20,24,33,35,38,42,44,60,63,64,66,98,1,5,48,69,77,85,7,37,50,51,54,78,9,47,52,58,74,79,94,14,41,53,86,96,100
[ 74] Received message from  51: 1|0,2,12,20,24,33,35,38,42,44,60,63,64,66,98,1,5,48,69,77,85,7,37,50,51,54,78,14,74,79,94
[  3] Received message from  39: 1|0,2,12,20,24,33,35,38,42,44,60,63,64,66,98,1,5,77,69,75,76,88,22,81,26,31,32,46,62,71,72,91,95,25,70,13,19,34,36,61,67,73,93,45,68,27,39,57,58,90,3,47,50
[ 62] Sent Broadcast: 1|0,2,12,20,24,33,35,38,42,44,60,63,64,66,98,1,5,77,69,75,76,88,22,81,26,62,68,70,72,91,93,25,34
[ 34] Sent Broadcast: 1|0,2,12,20,24,33,35,38,42,44,60,63,64,66,98,1,5,77,69,75,76,88,22,81,26,31,32,46,62,71,72,91,95,25,70,13,19,34,36,61,67,73,93,45,68
[ 17] Sent Broadcast: 1|0,2,12,20,24,33,35,38,42,44,60,63,64,66,98,1,5,77,69,75,76,88,22,81,26,31,32,46,62,71,72,91,95,25,70,13,19,34,36,61,67,73,93,56,17,21,28,89
[ 61] Sent Broadcast: 1|0,2,12,20,24,33,35,38,42,44,60,63,64,66,98,1,5,77,69,75,76,88,22,81,26,31,32,46,62,71,72,91,95,25,70,13,19,34,36,61,67,73,93,45
[  9] Received message from  74: 1|0,2,12,20,24,33,35,38,42,44,60,63,64,66,98,1,5,48,69,77,85,7,37,50,51,54,78,14,74,79,94,9,52,53,96
[ 67] Received message from  25: 1|0,2,12,20,24,33,35,38,42,44,60,63,64,66,98,1,5,77,69,75,76,88,22,81,26,31,32,46,62,71,72,91,95,25,70,13,19,34,36,61,67,73,93
[ 57] Received message from  45: 1|0,2,12,20,24,33,35,38,42,44,60,63,64,66,98,1,5,77,69,75,76,88,22,81,26,31,32,46,62,71,72,91,95,25,70,13,19,34,36,61,67,73,93,45,68,27,39,57,58,90
[ 85] Received message from  64: 1|0,2,12,20,24,33,35,38,42,44,60,63,64,66,98,1,5,77,85
[ 54] Received message from  48: 1|0,2,12,20,24,33,35,38,42,44,60,63,64,66,98,1,5,48,69,77,85,7,37,50,51,54,78
[ 80] Received message from   3: 1|0,2,12,20,24,33,35,38,42,44,60,63,64,66,98,1,5,48,69,77,85,7,37,50,51,54,78,47,52,58,68,74,79,94,3,4,27,36,39,57,90,100,41,49,80,96
[ 19] Received message from  91: 1|0,2,12,20,24,33,35,38,42,44,60,63,64,66,98,1,5,77,75,88,10,76,31,46,65,22,32,71,95,26,91,13,19,25,56,62,70,72,81
[ 55] Received message from  60: 1|0,2,12,20,24,33,35,38,42,44,60,63,64,66,98,1,16,30,43,55,87
[ 49] Received message from   4: 1|0,2,12,20,24,33,35,38,42,44,60,63,64,66,98,1,5,48,69,77,85,7,37,50,51,54,78,47,52,58,68,74,79,94,4,9,41,53,96,100,3,49,57,80
[ 50] Received message from  85: 1|0,2,12,20,24,33,35,38,42,44,60,63,64,66,98,1,5,48,69,77,85,7,37,50,51,54,78
[ 89] Received message from  32: 1|0,2,12,20,24,33,35,38,42,44,60,63,64,66,98,1,5,77,69,75,76,88,22,81,26,31,32,46,62,71,72,91,95,21,28,56,89
[ 36] Received message from  58: 1|0,2,12,20,24,33,35,38,42,44,60,63,64,66,98,1,5,48,69,77,85,7,37,50,51,54,78,47,52,58,68,74,79,94,3,27,36,39,45,57,73,90
[ 72] Received message from  22: 1|0,2,12,20,24,33,35,38,42,44,60,63,64,66,98,1,5,77,69,75,76,88,22,81,26,31,32,46,62,71,72,91,95
[ 30] Received message from  63: 1|0,2,12,20,24,33,35,38,42,44,60,63,64,66,98,1,8,16,30,43,55,83,87
[ 21] Received message from  95: 1|0,2,12,20,24,33,35,38,42,44,60,63,64,66,98,1,5,77,75,88,10,76,31,46,65,22,32,71,95,17,21,28,89
[ 39] Received message from  50: 1|0,2,12,20,24,33,35,38,42,44,60,63,64,66,98,1,5,48,69,77,85,7,37,50,51,54,78,27,36,39,47,52,58,68,90,93
[ 72] Received message from  81: 1|0,2,12,20,24,33,35,38,42,44,60,63,64,66,98,1,5,77,69,75,76,88,22,81,26,62,68,70,72,91,93
[ 54] Received message from  66: 1|0,2,12,20,24,33,35,38,42,44,60,63,64,66,98,1,48,54,85
[ 36] Received message from  70: 1|0,2,12,20,24,33,35,38,42,44,60,63,64,66,98,1,5,77,69,75,76,88,22,81,26,31,32,46,62,71,72,91,95,25,70,13,19,34,36,45,61,67,68,73,93
[ 27] Received message from  47: 1|0,2,12,20,24,33,35,38,42,44,60,63,64,66,98,1,5,48,69,77,85,7,37,50,51,54,78,47,52,58,68,74,79,94,3,4,27,36,39,57,90,100
[ 74] Received message from   7: 1|0,2,12,20,24,33,35,38,42,44,60,63,64,66,98,1,5,48,69,77,85,7,37,50,51,54,78,47,52,58,68,74,79,94
[ 41] Received message from  52: 1|0,2,12,20,24,33,35,38,42,44,60,63,64,66,98,1,5,48,69,77,85,7,37,50,51,54,78,47,52,58,68,74,79,94,4,9,41,53,96,100
[ 57] Received message from  27: 1|0,2,12,20,24,33,35,38,42,44,60,63,64,66,98,1,5,48,69,77,85,7,37,50,51,54,78,27,36,39,47,52,58,68,90,93,3,45,57,73
[ 79] Received message from  51: 1|0,2,12,20,24,33,35,38,42,44,60,63,64,66,98,1,5,48,69,77,85,7,37,50,51,54,78,14,74,79,94
[ 86] Received message from   9: 1|0,2,12,20,24,33,35,38,42,44,60,63,64,66,98,1,5,48,69,77,85,7,37,50,51,54,78,9,47,52,58,74,79,94,14,41,53,86,96,100
[ 52] Received message from  37: 1|0,2,12,20,24,33,35,38,42,44,60,63,64,66,98,1,5,48,69,77,85,7,37,50,51,54,78,9,47,52,58,74,79,94
[ 64] Sent Broadcast: 1|0,2,12,20,24,33,35,38,42,44,60,63,64,66,98,1,5,77,85
[ 47] Received message from  39: 1|0,2,12,20,24,33,35,38,42,44,60,63,64,66,98,1,5,77,69,75,76,88,22,81,26,31,32,46,62,71,72,91,95,25,70,13,19,34,36,61,67,73,93,45,68,27,39,57,58,90,3,47,50
[ 98] Received message from   1: 1|0,2,12,20,24,33,35,38,42,44,60,63,64,66,98
[ 95] Received message from  46: 1|0,2,12,20,24,33,35,38,42,44,60,63,64,66,98,1,5,77,75,88,10,76,31,46,65,22,32,71,95
[ 45] Received message from  67: 1|0,2,12,20,24,33,35,38,42,44,60,63,64,66,98,1,5,77,69,75,76,88,22,81,26,31,32,46,62,71,72,91,95,25,70,13,19,34,36,61,67,73,93,45
[ 39] Received message from  36: 1|0,2,12,20,24,33,35,38,42,44,60,63,64,66,98,1,5,77,69,75,76,88,22,81,26,31,32,46,62,71,72,91,95,25,70,13,19,34,36,61,67,73,93,27,39,45,47,50,58,68,90
[  1] Sent Broadcast: 1|0,2,12,20,24,33,35,38,42,44,60,63,64,66,98
[ 36] Received message from  68: 1|0,2,12,20,24,33,35,38,42,44,60,63,64,66,98,1,5,77,69,75,76,88,22,81,26,62,68,70,72,91,93,7,34,36,50,54
[  3] Received message from  57: 1|0,2,12,20,24,33,35,38,42,44,60,63,64,66,98,1,5,77,69,75,76,88,22,81,26,31,32,46,62,71,72,91,95,25,70,13,19,34,36,61,67,73,93,45,68,27,39,57,58,90,3,4,47,49,80,100
[ 68] Received message from  54: 1|0,2,12,20,24,33,35,38,42,44,60,63,64,66,98,1,5,48,69,77,85,7,37,50,51,54,78,68,93
[ 25] Received message from  72: 1|0,2,12,20,24,33,35,38,42,44,60,63,64,66,98,1,5,77,69,75,76,88,22,81,26,31,32,46,62,71,72,91,95,25,68,70,93
[ 43] Received message from  63: 1|0,2,12,20,24,33,35,38,42,44,60,63,64,66,98,1,8,16,30,43,55,83,87
[ 58] Received message from  45: 1|0,2,12,20,24,33,35,38,42,44,60,63,64,66,98,1,5,77,69,75,76,88,22,81,26,31,32,46,62,71,72,91,95,25,70,13,19,34,36,61,67,73,93,45,68,27,39,57,58,90
[ 52] Received message from  74: 1|0,2,12,20,24,33,35,38,42,44,60,63,64,66,98,1,5,48,69,77,85,7,37,50,51,54,78,14,74,79,94,9,52,53,96
[ 73] Received message from  25: 1|0,2,12,20,24,33,35,38,42,44,60,63,64,66,98,1,5,77,69,75,76,88,22,81,26,31,32,46,62,71,72,91,95,25,70,13,19,34,36,61,67,73,93
[ 32] Sent Broadcast: 1|0,2,12,20,24,33,35,38,42,44,60,63,64,66,98,1,5,77,69,75,76,88,22,81,26,31,32,46,62,71,72,91,95,21,28,56,89
[ 78] Received message from  48: 1|0,2,12,20,24,33,35,38,42,44,60,63,64,66,98,1,5,48,69,77,85,7,37,50,51,54,78
[ 25] Received message from  91: 1|0,2,12,20,24,33,35,38,42,44,60,63,64,66,98,1,5,77,75,88,10,76,31,46,65,22,32,71,95,26,91,13,19,25,56,62,70,72,81
[ 68] Received message from  72: 1|0,2,12,20,24,33,35,38,42,44,60,63,64,66,98,1,5,77,69,75,76,88,22,81,26,31,32,46,62,71,72,91,95,25,68,70,93
[ 48] Sent Broadcast: 1|0,2,12,20,24,33,35,38,42,44,60,63,64,66,98,1,5,48,69,77,85,7,37,50,51,54,78
[ 96] Received message from   9: 1|0,2,12,20,24,33,35,38,42,44,60,63,64,66,98,1,5,48,69,77,85,7,37,50,51,54,78,9,47,52,58,74,79,94,14,41,53,86,96,100
[  9] Received message from  79: 1|0,2,12,20,24,33,35,38,42,44,60,63,64,66,98,1,5,48,69,77,85,7,37,50,51,54,78,14,74,79,94,9,52,53
[  8] Received message from  98: 1|0,2,12,20,24,33,35,38,42,44,60,63,64,66,98,1,8,16,29,43,55,59,83,87
[ 96] Received message from   3: 1|0,2,12,20,24,33,35,38,42,44,60,63,64,66,98,1,5,48,69,77,85,7,37,50,51,54,78,47,52,58,68,74,79,94,3,4,27,36,39,57,90,100,41,49,80,96
[ 47] Received message from  50: 1|0,2,12,20,24,33,35,38,42,44,60,63,64,66,98,1,5,48,69,77,85,7,37,50,51,54,78,27,36,39,47,52,58,68,90,93
[ 39] Received message from  58: 1|0,2,12,20,24,33,35,38,42,44,60,63,64,66,98,1,5,48,69,77,85,7,37,50,51,54,78,47,52,58,68,74,79,94,3,27,36,39,45,57,73,90
[ 91] Received message from  81: 1|0,2,12,20,24,33,35,38,42,44,60,63,64,66,98,1,5,77,69,75,76,88,22,81,26,62,68,70,72,91,93
[ 50] Received message from  68: 1|0,2,12,20,24,33,35,38,42,44,60,63,64,66,98,1,5,77,69,75,76,88,22,81,26,62,68,70,72,91,93,7,34,36,50,54
[ 27] Received message from  73: 1|0,2,12,20,24,33,35,38,42,44,60,63,64,66,98,1,5,77,69,75,76,88,22,81,26,31,32,46,62,71,72,91,95,25,70,13,19,34,36,61,67,73,93,27,39,45,57,58,90
[ 47] Received message from  78: 1|0,2,12,20,24,33,35,38,42,44,60,63,64,66,98,1,5,48,69,77,85,7,37,50,51,54,78,47,52,74,79,94
[ 91] Received message from  22: 1|0,2,12,20,24,33,35,38,42,44,60,63,64,66,98,1,5,77,69,75,76,88,22,81,26,31,32,46,62,71,72,91,95
[ 28] Received message from  95: 1|0,2,12,20,24,33,35,38,42,44,60,63,64,66,98,1,5,77,75,88,10,76,31,46,65,22,32,71,95,17,21,28,89
[ 87] Received message from  60: 1|0,2,12,20,24,33,35,38,42,44,60,63,64,66,98,1,16,30,43,55,87
[ 46] Sent Broadcast: 1|0,2,12,20,24,33,35,38,42,44,60,63,64,66,98,1,5,77,75,88,10,76,31,46,65,22,32,71,95
[ 57] Received message from   4: 1|0,2,12,20,24,33,35,38,42,44,60,63,64,66,98,1,5,48,69,77,85,7,37,50,51,54,78,47,52,58,68,74,79,94,4,9,41,53,96,100,3,49,57,80
[  3] Sent Broadcast: 1|0,2,12,20,24,33,35,38,42,44,60,63,64,66,98,1,5,48,69,77,85,7,37,50,51,54,78,47,52,58,68,74,79,94,3,4,27,36,39,57,90,100,41,49,80,96
[ 90] Received message from  45: 1|0,2,12,20,24,33,35,38,42,44,60,63,64,66,98,1,5,77,69,75,76,88,22,81,26,31,32,46,62,71,72,91,95,25,70,13,19,34,36,61,67,73,93,45,68,27,39,57,58,90
[ 45] Received message from  70: 1|0,2,12,20,24,33,35,38,42,44,60,63,64,66,98,1,5,77,69,75,76,88,22,81,26,31,32,46,62,71,72,91,95,25,70,13,19,34,36,45,61,67,68,73,93
[ 51] Received message from  85: 1|0,2,12,20,24,33,35,38,42,44,60,63,64,66,98,1,5,48,69,77,85,7,37,50,51,54,78
[ 36] Received message from  47: 1|0,2,12,20,24,33,35,38,42,44,60,63,64,66,98,1,5,48,69,77,85,7,37,50,51,54,78,47,52,58,68,74,79,94,3,4,27,36,39,57,90,100
[ 67] Sent Broadcast: 1|0,2,12,20,24,33,35,38,42,44,60,63,64,66,98,1,5,77,69,75,76,88,22,81,26,31,32,46,62,71,72,91,95,25,70,13,19,34,36,61,67,73,93,45
[ 45] Sent Broadcast: 1|0,2,12,20,24,33,35,38,42,44,60,63,64,66,98,1,5,77,69,75,76,88,22,81,26,31,32,46,62,71,72,91,95,25,70,13,19,34,36,61,67,73,93,45,68,27,39,57,58,90
[ 60] Sent Broadcast: 1|0,2,12,20,24,33,35,38,42,44,60,63,64,66,98,1,16,30,43,55,87
[ 58] Received message from  37: 1|0,2,12,20,24,33,35,38,42,44,60,63,64,66,98,1,5,48,69,77,85,7,37,50,51,54,78,9,47,52,58,74,79,94
[ 55] Received message from  63: 1|0,2,12,20,24,33,35,38,42,44,60,63,64,66,98,1,8,16,30,43,55,83,87
[ 45] Received message from  36: 1|0,2,12,20,24,33,35,38,42,44,60,63,64,66,98,1,5,77,69,75,76,88,22,81,26,31,32,46,62,71,72,91,95,25,70,13,19,34,36,61,67,73,93,27,39,45,47,50,58,68,90
[ 85] Received message from  66: 1|0,2,12,20,24,33,35,38,42,44,60,63,64,66,98,1,48,54,85
[ 54] Received message from  68: 1|0,2,12,20,24,33,35,38,42,44,60,63,64,66,98,1,5,77,69,75,76,88,22,81,26,62,68,70,72,91,93,7,34,36,50,54
[ 94] Received message from  51: 1|0,2,12,20,24,33,35,38,42,44,60,63,64,66,98,1,5,48,69,77,85,7,37,50,51,54,78,14,74,79,94
[ 80] Received message from   4: 1|0,2,12,20,24,33,35,38,42,44,60,63,64,66,98,1,5,48,69,77,85,7,37,50,51,54,78,47,52,58,68,74,79,94,4,9,41,53,96,100,3,49,57,80
[ 53] Received message from  52: 1|0,2,12,20,24,33,35,38,42,44,60,63,64,66,98,1,5,48,69,77,85,7,37,50,51,54,78,47,52,58,68,74,79,94,4,9,41,53,96,100
[100] Received message from   9: 1|0,2,12,20,24,33,35,38,42,44,60,63,64,66,98,1,5,48,69,77,85,7,37,50,51,54,78,9,47,52,58,74,79,94,14,41,53,86,96,100
[  9] Received message from  96: 1|0,2,12,20,24,33,35,38,42,44,60,63,64,66,98,1,5,48,69,77,85,7,37,50,51,54,78,47,52,58,68,74,79,94,3,4,27,36,39,57,90,100,41,49,80,96,9,53
[ 93] Received message from  25: 1|0,2,12,20,24,33,35,38,42,44,60,63,64,66,98,1,5,77,69,75,76,88,22,81,26,31,32,46,62,71,72,91,95,25,70,13,19,34,36,61,67,73,93
[ 52] Received message from  79: 1|0,2,12,20,24,33,35,38,42,44,60,63,64,66,98,1,5,48,69,77,85,7,37,50,51,54,78,14,74,79,94,9,52,53
[ 50] Received message from  39: 1|0,2,12,20,24,33,35,38,42,44,60,63,64,66,98,1,5,77,69,75,76,88,22,81,26,31,32,46,62,71,72,91,95,25,70,13,19,34,36,61,67,73,93,45,68,27,39,57,58,90,3,47,50
[ 73] Received message from  27: 1|0,2,12,20,24,33,35,38,42,44,60,63,64,66,98,1,5,48,69,77,85,7,37,50,51,54,78,27,36,39,47,52,58,68,90,93,3,45,57,73
[ 16] Received message from  98: 1|0,2,12,20,24,33,35,38,42,44,60,63,64,66,98,1,8,16,29,43,55,59,83,87
[  4] Received message from  57: 1|0,2,12,20,24,33,35,38,42,44,60,63,64,66,98,1,5,77,69,75,76,88,22,81,26,31,32,46,62,71,72,91,95,25,70,13,19,34,36,61,67,73,93,45,68,27,39,57,58,90,3,4,47,49,80,100
[ 53] Received message from  74: 1|0,2,12,20,24,33,35,38,42,44,60,63,64,66,98,1,5,48,69,77,85,7,37,50,51,54,78,14,74,79,94,9,52,53,96
[ 79] Received message from   7: 1|0,2,12,20,24,33,35,38,42,44,60,63,64,66,98,1,5,48,69,77,85,7,37,50,51,54,78,47,52,58,68,74,79,94
[ 54] Received message from  85: 1|0,2,12,20,24,33,35,38,42,44,60,63,64,66,98,1,5,48,69,77,85,7,37,50,51,54,78
[ 89] Received message from  95: 1|0,2,12,20,24,33,35,38,42,44,60,63,64,66,98,1,5,77,75,88,10,76,31,46,65,22,32,71,95,17,21,28,89
[ 45] Received message from  58: 1|0,2,12,20,24,33,35,38,42,44,60,63,64,66,98,1,5,48,69,77,85,7,37,50,51,54,78,47,52,58,68,74,79,94,3,27,36,39,45,57,73,90
[  3] Received message from  90: 1|0,2,12,20,24,33,35,38,42,44,60,63,64,66,98,1,5,77,69,75,76,88,22,81,26,31,32,46,62,71,72,91,95,25,70,13,19,34,36,61,67,73,93,45,68,27,39,57,58,90,3,47,50
[ 66] Sent Broadcast: 1|0,2,12,20,24,33,35,38,42,44,60,63,64,66,98,1,48,54,85
[ 56] Received message from  91: 1|0,2,12,20,24,33,35,38,42,44,60,63,64,66,98,1,5,77,75,88,10,76,31,46,65,22,32,71,95,26,91,13,19,25,56,62,70,72,81
[ 39] Received message from  73: 1|0,2,12,20,24,33,35,38,42,44,60,63,64,66,98,1,5,77,69,75,76,88,22,81,26,31,32,46,62,71,72,91,95,25,70,13,19,34,36,61,67,73,93,27,39,45,57,58,90
[ 61] Received message from  70: 1|0,2,12,20,24,33,35,38,42,44,60,63,64,66,98,1,5,77,69,75,76,88,22,81,26,31,32,46,62,71,72,91,95,25,70,13,19,34,36,45,61,67,68,73,93
[  9] Received message from  94: 1|0,2,12,20,24,33,35,38,42,44,60,63,64,66,98,1,5,48,69,77,85,7,37,50,51,54,78,14,74,79,94,9,47,52,53,96,100
[ 51] Sent Broadcast: 1|0,2,12,20,24,33,35,38,42,44,60,63,64,66,98,1,5,48,69,77,85,7,37,50,51,54,78,14,74,79,94
[ 68] Sent Broadcast: 1|0,2,12,20,24,33,35,38,42,44,60,63,64,66,98,1,5,77,69,75,76,88,22,81,26,62,68,70,72,91,93,7,34,36,50,54
[ 25] Sent Broadcast: 1|0,2,12,20,24,33,35,38,42,44,60,63,64,66,98,1,5,77,69,75,76,88,22,81,26,31,32,46,62,71,72,91,95,25,70,13,19,34,36,61,67,73,93
[  4] Sent Broadcast: 1|0,2,12,20,24,33,35,38,42,44,60,63,64,66,98,1,5,48,69,77,85,7,37,50,51,54,78,47,52,58,68,74,79,94,4,9,41,53,96,100,3,49,57,80
[ 39] Sent Broadcast: 1|0,2,12,20,24,33,35,38,42,44,60,63,64,66,98,1,5,77,69,75,76,88,22,81,26,31,32,46,62,71,72,91,95,25,70,13,19,34,36,61,67,73,93,45,68,27,39,57,58,90,3,47,50
[ 52] Received message from  50: 1|0,2,12,20,24,33,35,38,42,44,60,63,64,66,98,1,5,48,69,77,85,7,37,50,51,54,78,27,36,39,47,52,58,68,90,93
[ 27] Sent Broadcast: 1|0,2,12,20,24,33,35,38,42,44,60,63,64,66,98,1,5,48,69,77,85,7,37,50,51,54,78,27,36,39,47,52,58,68,90,93,3,45,57,73
[ 95] Received message from  22: 1|0,2,12,20,24,33,35,38,42,44,60,63,64,66,98,1,5,77,69,75,76,88,22,81,26,31,32,46,62,71,72,91,95
[ 93] Received message from  54: 1|0,2,12,20,24,33,35,38,42,44,60,63,64,66,98,1,5,48,69,77,85,7,37,50,51,54,78,68,93
[ 70] Received message from  72: 1|0,2,12,20,24,33,35,38,42,44,60,63,64,66,98,1,5,77,69,75,76,88,22,81,26,31,32,46,62,71,72,91,95,25,68,70,93
[ 95] Sent Broadcast: 1|0,2,12,20,24,33,35,38,42,44,60,63,64,66,98,1,5,77,75,88,10,76,31,46,65,22,32,71,95,17,21,28,89
[  9] Sent Broadcast: 1|0,2,12,20,24,33,35,38,42,44,60,63,64,66,98,1,5,48,69,77,85,7,37,50,51,54,78,9,47,52,58,74,79,94,14,41,53,86,96,100
[ 52] Received message from  78: 1|0,2,12,20,24,33,35,38,42,44,60,63,64,66,98,1,5,48,69,77,85,7,37,50,51,54,78,47,52,74,79,94
[ 74] Received message from  37: 1|0,2,12,20,24,33,35,38,42,44,60,63,64,66,98,1,5,48,69,77,85,7,37,50,51,54,78,9,47,52,58,74,79,94
[ 78] Received message from  85: 1|0,2,12,20,24,33,35,38,42,44,60,63,64,66,98,1,5,48,69,77,85,7,37,50,51,54,78
[ 96] Received message from  52: 1|0,2,12,20,24,33,35,38,42,44,60,63,64,66,98,1,5,48,69,77,85,7,37,50,51,54,78,47,52,58,68,74,79,94,4,9,41,53,96,100
[ 39] Received message from  47: 1|0,2,12,20,24,33,35,38,42,44,60,63,64,66,98,1,5,48,69,77,85,7,37,50,51,54,78,47,52,58,68,74,79,94,3,4,27,36,39,57,90,100
[ 62] Received message from  91: 1|0,2,12,20,24,33,35,38,42,44,60,63,64,66,98,1,5,77,75,88,10,76,31,46,65,22,32,71,95,26,91,13,19,25,56,62,70,72,81
[ 22] Sent Broadcast: 1|0,2,12,20,24,33,35,38,42,44,60,63,64,66,98,1,5,77,69,75,76,88,22,81,26,31,32,46,62,71,72,91,95
[ 54] Sent Broadcast: 1|0,2,12,20,24,33,35,38,42,44,60,63,64,66,98,1,5,48,69,77,85,7,37,50,51,54,78,68,93
[ 47] Received message from  36: 1|0,2,12,20,24,33,35,38,42,44,60,63,64,66,98,1,5,77,69,75,76,88,22,81,26,31,32,46,62,71,72,91,95,25,70,13,19,34,36,61,67,73,93,27,39,45,47,50,58,68,90
[ 94] Received message from   7: 1|0,2,12,20,24,33,35,38,42,44,60,63,64,66,98,1,5,48,69,77,85,7,37,50,51,54,78,47,52,58,68,74,79,94
[ 83] Received message from  63: 1|0,2,12,20,24,33,35,38,42,44,60,63,64,66,98,1,8,16,30,43,55,83,87
[ 53] Received message from  79: 1|0,2,12,20,24,33,35,38,42,44,60,63,64,66,98,1,5,48,69,77,85,7,37,50,51,54,78,14,74,79,94,9,52,53
[  3] Received message from 100: 1|0,2,12,20,24,33,35,38,42,44,60,63,64,66,98,1,5,48,69,77,85,7,37,50,51,54,78,9,47,52,58,74,79,94,14,41,53,86,96,100,3,4,49,57,80
[ 47] Received message from  90: 1|0,2,12,20,24,33,35,38,42,44,60,63,64,66,98,1,5,77,69,75,76,88,22,81,26,31,32,46,62,71,72,91,95,25,70,13,19,34,36,61,67,73,93,45,68,27,39,57,58,90,3,47,50
[ 93] Received message from  81: 1|0,2,12,20,24,33,35,38,42,44,60,63,64,66,98,1,5,77,69,75,76,88,22,81,26,62,68,70,72,91,93
[ 57] Received message from  58: 1|0,2,12,20,24,33,35,38,42,44,60,63,64,66,98,1,5,48,69,77,85,7,37,50,51,54,78,47,52,58,68,74,79,94,3,27,36,39,45,57,73,90
[ 74] Received message from  78: 1|0,2,12,20,24,33,35,38,42,44,60,63,64,66,98,1,5,48,69,77,85,7,37,50,51,54,78,47,52,74,79,94
[ 93] Received message from  72: 1|0,2,12,20,24,33,35,38,42,44,60,63,64,66,98,1,5,77,69,75,76,88,22,81,26,31,32,46,62,71,72,91,95,25,68,70,93
[ 29] Received message from  98: 1|0,2,12,20,24,33,35,38,42,44,60,63,64,66,98,1,8,16,29,43,55,59,83,87
[ 47] Received message from  57: 1|0,2,12,20,24,33,35,38,42,44,60,63,64,66,98,1,5,77,69,75,76,88,22,81,26,31,32,46,62,71,72,91,95,25,70,13,19,34,36,61,67,73,93,45,68,27,39,57,58,90,3,4,47,49,80,100
[ 67] Received message from  70: 1|0,2,12,20,24,33,35,38,42,44,60,63,64,66,98,1,5,77,69,75,76,88,22,81,26,31,32,46,62,71,72,91,95,25,70,13,19,34,36,45,61,67,68,73,93
[ 27] Received message from  93: 1|0,2,12,20,24,33,35,38,42,44,60,63,64,66,98,1,5,77,69,75,76,88,22,81,26,31,32,46,62,71,72,91,95,25,70,13,19,34,36,61,67,73,93,27,39,45,50,54,68
[  7] Sent Broadcast: 1|0,2,12,20,24,33,35,38,42,44,60,63,64,66,98,1,5,48,69,77,85,7,37,50,51,54,78,47,52,58,68,74,79,94
[100] Received message from  52: 1|0,2,12,20,24,33,35,38,42,44,60,63,64,66,98,1,5,48,69,77,85,7,37,50,51,54,78,47,52,58,68,74,79,94,4,9,41,53,96,100
[ 58] Received message from  50: 1|0,2,12,20,24,33,35,38,42,44,60,63,64,66,98,1,5,48,69,77,85,7,37,50,51,54,78,27,36,39,47,52,58,68,90,93
[ 45] Received message from  73: 1|0,2,12,20,24,33,35,38,42,44,60,63,64,66,98,1,5,77,69,75,76,88,22,81,26,31,32,46,62,71,72,91,95,25,70,13,19,34,36,61,67,73,93,27,39,45,57,58,90
[ 85] Sent Broadcast: 1|0,2,12,20,24,33,35,38,42,44,60,63,64,66,98,1,5,48,69,77,85,7,37,50,51,54,78
[ 53] Received message from  96: 1|0,2,12,20,24,33,35,38,42,44,60,63,64,66,98,1,5,48,69,77,85,7,37,50,51,54,78,47,52,58,68,74,79,94,3,4,27,36,39,57,90,100,41,49,80,96,9,53
[ 96] Received message from  74: 1|0,2,12,20,24,33,35,38,42,44,60,63,64,66,98,1,5,48,69,77,85,7,37,50,51,54,78,14,74,79,94,9,52,53,96
[ 79] Sent Broadcast: 1|0,2,12,20,24,33,35,38,42,44,60,63,64,66,98,1,5,48,69,77,85,7,37,50,51,54,78,14,74,79,94,9,52,53
[ 47] Received message from  94: 1|0,2,12,20,24,33,35,38,42,44,60,63,64,66,98,1,5,48,69,77,85,7,37,50,51,54,78,14,74,79,94,9,47,52,53,96,100
[ 74] Sent Broadcast: 1|0,2,12,20,24,33,35,38,42,44,60,63,64,66,98,1,5,48,69,77,85,7,37,50,51,54,78,14,74,79,94,9,52,53,96
[ 81] Sent Broadcast: 1|0,2,12,20,24,33,35,38,42,44,60,63,64,66,98,1,5,77,69,75,76,88,22,81,26,62,68,70,72,91,93
[ 72] Sent Broadcast: 1|0,2,12,20,24,33,35,38,42,44,60,63,64,66,98,1,5,77,69,75,76,88,22,81,26,31,32,46,62,71,72,91,95,25,68,70,93
[ 52] Sent Broadcast: 1|0,2,12,20,24,33,35,38,42,44,60,63,64,66,98,1,5,48,69,77,85,7,37,50,51,54,78,47,52,58,68,74,79,94,4,9,41,53,96,100
[ 57] Received message from  47: 1|0,2,12,20,24,33,35,38,42,44,60,63,64,66,98,1,5,48,69,77,85,7,37,50,51,54,78,47,52,58,68,74,79,94,3,4,27,36,39,57,90,100
[ 50] Received message from  36: 1|0,2,12,20,24,33,35,38,42,44,60,63,64,66,98,1,5,77,69,75,76,88,22,81,26,31,32,46,62,71,72,91,95,25,70,13,19,34,36,61,67,73,93,27,39,45,47,50,58,68,90
[ 49] Received message from  57: 1|0,2,12,20,24,33,35,38,42,44,60,63,64,66,98,1,5,77,69,75,76,88,22,81,26,31,32,46,62,71,72,91,95,25,70,13,19,34,36,61,67,73,93,45,68,27,39,57,58,90,3,4,47,49,80,100
[ 87] Received message from  63: 1|0,2,12,20,24,33,35,38,42,44,60,63,64,66,98,1,8,16,30,43,55,83,87
[ 79] Received message from  37: 1|0,2,12,20,24,33,35,38,42,44,60,63,64,66,98,1,5,48,69,77,85,7,37,50,51,54,78,9,47,52,58,74,79,94
[ 70] Received message from  91: 1|0,2,12,20,24,33,35,38,42,44,60,63,64,66,98,1,5,77,75,88,10,76,31,46,65,22,32,71,95,26,91,13,19,25,56,62,70,72,81
[ 96] Sent Broadcast: 1|0,2,12,20,24,33,35,38,42,44,60,63,64,66,98,1,5,48,69,77,85,7,37,50,51,54,78,47,52,58,68,74,79,94,3,4,27,36,39,57,90,100,41,49,80,96,9,53
[ 57] Received message from  73: 1|0,2,12,20,24,33,35,38,42,44,60,63,64,66,98,1,5,77,69,75,76,88,22,81,26,31,32,46,62,71,72,91,95,25,70,13,19,34,36,61,67,73,93,27,39,45,57,58,90
[  4] Received message from 100: 1|0,2,12,20,24,33,35,38,42,44,60,63,64,66,98,1,5,48,69,77,85,7,37,50,51,54,78,9,47,52,58,74,79,94,14,41,53,86,96,100,3,4,49,57,80
[ 50] Received message from  90: 1|0,2,12,20,24,33,35,38,42,44,60,63,64,66,98,1,5,77,69,75,76,88,22,81,26,31,32,46,62,71,72,91,95,25,70,13,19,34,36,61,67,73,93,45,68,27,39,57,58,90,3,47,50
[ 39] Received message from  93: 1|0,2,12,20,24,33,35,38,42,44,60,63,64,66,98,1,5,77,69,75,76,88,22,81,26,31,32,46,62,71,72,91,95,25,70,13,19,34,36,61,67,73,93,27,39,45,50,54,68
[ 80] Received message from  57: 1|0,2,12,20,24,33,35,38,42,44,60,63,64,66,98,1,5,77,69,75,76,88,22,81,26,31,32,46,62,71,72,91,95,25,70,13,19,34,36,61,67,73,93,45,68,27,39,57,58,90,3,4,47,49,80,100
[ 79] Received message from  78: 1|0,2,12,20,24,33,35,38,42,44,60,63,64,66,98,1,5,48,69,77,85,7,37,50,51,54,78,47,52,74,79,94
[ 43] Received message from  98: 1|0,2,12,20,24,33,35,38,42,44,60,63,64,66,98,1,8,16,29,43,55,59,83,87
[ 90] Received message from  47: 1|0,2,12,20,24,33,35,38,42,44,60,63,64,66,98,1,5,48,69,77,85,7,37,50,51,54,78,47,52,58,68,74,79,94,3,4,27,36,39,57,90,100
[ 52] Received message from  94: 1|0,2,12,20,24,33,35,38,42,44,60,63,64,66,98,1,5,48,69,77,85,7,37,50,51,54,78,14,74,79,94,9,47,52,53,96,100
[ 68] Received message from  50: 1|0,2,12,20,24,33,35,38,42,44,60,63,64,66,98,1,5,48,69,77,85,7,37,50,51,54,78,27,36,39,47,52,58,68,90,93
[ 63] Sent Broadcast: 1|0,2,12,20,24,33,35,38,42,44,60,63,64,66,98,1,8,16,30,43,55,83,87
[ 90] Sent Broadcast: 1|0,2,12,20,24,33,35,38,42,44,60,63,64,66,98,1,5,77,69,75,76,88,22,81,26,31,32,46,62,71,72,91,95,25,70,13,19,34,36,61,67,73,93,45,68,27,39,57,58,90,3,47,50
[ 73] Received message from  58: 1|0,2,12,20,24,33,35,38,42,44,60,63,64,66,98,1,5,48,69,77,85,7,37,50,51,54,78,47,52,58,68,74,79,94,3,27,36,39,45,57,73,90
[ 58] Received message from  36: 1|0,2,12,20,24,33,35,38,42,44,60,63,64,66,98,1,5,77,69,75,76,88,22,81,26,31,32,46,62,71,72,91,95,25,70,13,19,34,36,61,67,73,93,27,39,45,47,50,58,68,90
[ 68] Received message from  70: 1|0,2,12,20,24,33,35,38,42,44,60,63,64,66,98,1,5,77,69,75,76,88,22,81,26,31,32,46,62,71,72,91,95,25,70,13,19,34,36,45,61,67,68,73,93
[ 58] Received message from  73: 1|0,2,12,20,24,33,35,38,42,44,60,63,64,66,98,1,5,77,69,75,76,88,22,81,26,31,32,46,62,71,72,91,95,25,70,13,19,34,36,61,67,73,93,27,39,45,57,58,90
[ 94] Received message from  37: 1|0,2,12,20,24,33,35,38,42,44,60,63,64,66,98,1,5,48,69,77,85,7,37,50,51,54,78,9,47,52,58,74,79,94
[ 49] Received message from 100: 1|0,2,12,20,24,33,35,38,42,44,60,63,64,66,98,1,5,48,69,77,85,7,37,50,51,54,78,9,47,52,58,74,79,94,14,41,53,86,96,100,3,4,49,57,80
[ 72] Received message from  91: 1|0,2,12,20,24,33,35,38,42,44,60,63,64,66,98,1,5,77,75,88,10,76,31,46,65,22,32,71,95,26,91,13,19,25,56,62,70,72,81
[ 37] Sent Broadcast: 1|0,2,12,20,24,33,35,38,42,44,60,63,64,66,98,1,5,48,69,77,85,7,37,50,51,54,78,9,47,52,58,74,79,94
[ 45] Received message from  93: 1|0,2,12,20,24,33,35,38,42,44,60,63,64,66,98,1,5,77,69,75,76,88,22,81,26,31,32,46,62,71,72,91,95,25,70,13,19,34,36,61,67,73,93,27,39,45,50,54,68
[ 90] Received message from  58: 1|0,2,12,20,24,33,35,38,42,44,60,63,64,66,98,1,5,48,69,77,85,7,37,50,51,54,78,47,52,58,68,74,79,94,3,27,36,39,45,57,73,90
[100] Received message from  57: 1|0,2,12,20,24,33,35,38,42,44,60,63,64,66,98,1,5,77,69,75,76,88,22,81,26,31,32,46,62,71,72,91,95,25,70,13,19,34,36,61,67,73,93,45,68,27,39,57,58,90,3,4,47,49,80,100
[ 73] Received message from  70: 1|0,2,12,20,24,33,35,38,42,44,60,63,64,66,98,1,5,77,69,75,76,88,22,81,26,31,32,46,62,71,72,91,95,25,70,13,19,34,36,45,61,67,68,73,93
[ 57] Sent Broadcast: 1|0,2,12,20,24,33,35,38,42,44,60,63,64,66,98,1,5,77,69,75,76,88,22,81,26,31,32,46,62,71,72,91,95,25,70,13,19,34,36,61,67,73,93,45,68,27,39,57,58,90,3,4,47,49,80,100
[ 58] Sent Broadcast: 1|0,2,12,20,24,33,35,38,42,44,60,63,64,66,98,1,5,48,69,77,85,7,37,50,51,54,78,47,52,58,68,74,79,94,3,27,36,39,45,57,73,90
[ 68] Received message from  36: 1|0,2,12,20,24,33,35,38,42,44,60,63,64,66,98,1,5,77,69,75,76,88,22,81,26,31,32,46,62,71,72,91,95,25,70,13,19,34,36,61,67,73,93,27,39,45,47,50,58,68,90
[ 94] Received message from  78: 1|0,2,12,20,24,33,35,38,42,44,60,63,64,66,98,1,5,48,69,77,85,7,37,50,51,54,78,47,52,74,79,94
[ 53] Received message from  94: 1|0,2,12,20,24,33,35,38,42,44,60,63,64,66,98,1,5,48,69,77,85,7,37,50,51,54,78,14,74,79,94,9,47,52,53,96,100
[ 55] Received message from  98: 1|0,2,12,20,24,33,35,38,42,44,60,63,64,66,98,1,8,16,29,43,55,59,83,87
[100] Received message from  47: 1|0,2,12,20,24,33,35,38,42,44,60,63,64,66,98,1,5,48,69,77,85,7,37,50,51,54,78,47,52,58,68,74,79,94,3,4,27,36,39,57,90,100
[ 90] Received message from  73: 1|0,2,12,20,24,33,35,38,42,44,60,63,64,66,98,1,5,77,69,75,76,88,22,81,26,31,32,46,62,71,72,91,95,25,70,13,19,34,36,61,67,73,93,27,39,45,57,58,90
[ 57] Received message from 100: 1|0,2,12,20,24,33,35,38,42,44,60,63,64,66,98,1,5,48,69,77,85,7,37,50,51,54,78,9,47,52,58,74,79,94,14,41,53,86,96,100,3,4,49,57,80
[ 50] Received message from  93: 1|0,2,12,20,24,33,35,38,42,44,60,63,64,66,98,1,5,77,69,75,76,88,22,81,26,31,32,46,62,71,72,91,95,25,70,13,19,34,36,61,67,73,93,27,39,45,50,54,68
[ 78] Sent Broadcast: 1|0,2,12,20,24,33,35,38,42,44,60,63,64,66,98,1,5,48,69,77,85,7,37,50,51,54,78,47,52,74,79,94
[ 47] Sent Broadcast: 1|0,2,12,20,24,33,35,38,42,44,60,63,64,66,98,1,5,48,69,77,85,7,37,50,51,54,78,47,52,58,68,74,79,94,3,4,27,36,39,57,90,100
[ 90] Received message from  50: 1|0,2,12,20,24,33,35,38,42,44,60,63,64,66,98,1,5,48,69,77,85,7,37,50,51,54,78,27,36,39,47,52,58,68,90,93
[ 73] Sent Broadcast: 1|0,2,12,20,24,33,35,38,42,44,60,63,64,66,98,1,5,77,69,75,76,88,22,81,26,31,32,46,62,71,72,91,95,25,70,13,19,34,36,61,67,73,93,27,39,45,57,58,90
[ 54] Received message from  93: 1|0,2,12,20,24,33,35,38,42,44,60,63,64,66,98,1,5,77,69,75,76,88,22,81,26,31,32,46,62,71,72,91,95,25,70,13,19,34,36,61,67,73,93,27,39,45,50,54,68
[ 59] Received message from  98: 1|0,2,12,20,24,33,35,38,42,44,60,63,64,66,98,1,8,16,29,43,55,59,83,87
[ 90] Received message from  36: 1|0,2,12,20,24,33,35,38,42,44,60,63,64,66,98,1,5,77,69,75,76,88,22,81,26,31,32,46,62,71,72,91,95,25,70,13,19,34,36,61,67,73,93,27,39,45,47,50,58,68,90
[ 81] Received message from  91: 1|0,2,12,20,24,33,35,38,42,44,60,63,64,66,98,1,5,77,75,88,10,76,31,46,65,22,32,71,95,26,91,13,19,25,56,62,70,72,81
[ 80] Received message from 100: 1|0,2,12,20,24,33,35,38,42,44,60,63,64,66,98,1,5,48,69,77,85,7,37,50,51,54,78,9,47,52,58,74,79,94,14,41,53,86,96,100,3,4,49,57,80
[ 93] Received message from  70: 1|0,2,12,20,24,33,35,38,42,44,60,63,64,66,98,1,5,77,69,75,76,88,22,81,26,31,32,46,62,71,72,91,95,25,70,13,19,34,36,45,61,67,68,73,93
[ 68] Received message from  93: 1|0,2,12,20,24,33,35,38,42,44,60,63,64,66,98,1,5,77,69,75,76,88,22,81,26,31,32,46,62,71,72,91,95,25,70,13,19,34,36,61,67,73,93,27,39,45,50,54,68
[ 70] Sent Broadcast: 1|0,2,12,20,24,33,35,38,42,44,60,63,64,66,98,1,5,77,69,75,76,88,22,81,26,31,32,46,62,71,72,91,95,25,70,13,19,34,36,45,61,67,68,73,93
[ 96] Received message from  94: 1|0,2,12,20,24,33,35,38,42,44,60,63,64,66,98,1,5,48,69,77,85,7,37,50,51,54,78,14,74,79,94,9,47,52,53,96,100
[ 36] Sent Broadcast: 1|0,2,12,20,24,33,35,38,42,44,60,63,64,66,98,1,5,77,69,75,76,88,22,81,26,31,32,46,62,71,72,91,95,25,70,13,19,34,36,61,67,73,93,27,39,45,47,50,58,68,90
[ 91] Sent Broadcast: 1|0,2,12,20,24,33,35,38,42,44,60,63,64,66,98,1,5,77,75,88,10,76,31,46,65,22,32,71,95,26,91,13,19,25,56,62,70,72,81
[100] Sent Broadcast: 1|0,2,12,20,24,33,35,38,42,44,60,63,64,66,98,1,5,48,69,77,85,7,37,50,51,54,78,9,47,52,58,74,79,94,14,41,53,86,96,100,3,4,49,57,80
[ 93] Sent Broadcast: 1|0,2,12,20,24,33,35,38,42,44,60,63,64,66,98,1,5,77,69,75,76,88,22,81,26,31,32,46,62,71,72,91,95,25,70,13,19,34,36,61,67,73,93,27,39,45,50,54,68
[100] Received message from  94: 1|0,2,12,20,24,33,35,38,42,44,60,63,64,66,98,1,5,48,69,77,85,7,37,50,51,54,78,14,74,79,94,9,47,52,53,96,100
[ 94] Sent Broadcast: 1|0,2,12,20,24,33,35,38,42,44,60,63,64,66,98,1,5,48,69,77,85,7,37,50,51,54,78,14,74,79,94,9,47,52,53,96,100
[ 83] Received message from  98: 1|0,2,12,20,24,33,35,38,42,44,60,63,64,66,98,1,8,16,29,43,55,59,83,87
[ 93] Received message from  50: 1|0,2,12,20,24,33,35,38,42,44,60,63,64,66,98,1,5,48,69,77,85,7,37,50,51,54,78,27,36,39,47,52,58,68,90,93
[ 50] Sent Broadcast: 1|0,2,12,20,24,33,35,38,42,44,60,63,64,66,98,1,5,48,69,77,85,7,37,50,51,54,78,27,36,39,47,52,58,68,90,93
[ 87] Received message from  98: 1|0,2,12,20,24,33,35,38,42,44,60,63,64,66,98,1,8,16,29,43,55,59,83,87
[ 98] Sent Broadcast: 1|0,2,12,20,24,33,35,38,42,44,60,63,64,66,98,1,8,16,29,43,55,59,83,87
