[ 38] Received message from   1: 1|0,38,89
[ 20] Received message from  38: 1|0,38,89,1,20,54,78
[ 89] Received message from   1: 1|0,38,89
[ 54] Received message from  38: 1|0,38,89,1,20,54,78
[  1] Sent Broadcast: 1|0,38,89
[ 23] Received message from  20: 1|0,38,89,1,20,54,78,23,32,33
[ 78] Received message from  38: 1|0,38,89,1,20,54,78
[ 32] Received message from  20: 1|0,38,89,1,20,54,78,23,32,33
[ 15] Received message from  54: 1|0,38,89,1,20,54,78,15,61
[ 38] Sent Broadcast: 1|0,38,89,1,20,54,78
[  7] Received message from  23: 1|0,38,89,1,20,54,78,23,32,33,7,42,44,52,70,91
[ 33] Received message from  20: 1|0,38,89,1,20,54,78,23,32,33
[ 15] Received message from  78: 1|0,38,89,1,20,54,78,15,61,76
[ 20] Received message from  89: 1|0,38,89,1,20,78
[ 61] Received message from  54: 1|0,38,89,1,20,54,78,15,61
[ 76] Received message from  15: 1|0,38,89,1,20,54,78,15,61,76
[ 20] Sent Broadcast: 1|0,38,89,1,20,54,78,23,32,33
[ 42] Received message from  23: 1|0,38,89,1,20,54,78,23,32,33,7,42,44,52,70,91
[ 13] Received message from   7: 1|0,38,89,1,20,54,78,23,32,33,7,42,44,52,70,91,13,47,53,59,98
[ 54] Sent Broadcast: 1|0,38,89,1,20,54,78,15,61
[ 15] Sent Broadcast: 1|0,38,89,1,20,54,78,15,61,76
[ 44] Received message from  23: 1|0,38,89,1,20,54,78,23,32,33,7,42,44,52,70,91
[  6] Received message from  32: 1|0,38,89,1,20,54,78,23,32,33,6,22,41,44,52,71,99
[ 78] Received message from  89: 1|0,38,89,1,20,78
[ 61] Received message from  78: 1|0,38,89,1,20,54,78,15,61,76
[ 89] Sent Broadcast: 1|0,38,89,1,20,78
[ 13] Received message from  42: 1|0,38,89,1,20,54,78,23,32,33,7,42,44,52,70,91,13,47,53,76
[ 76] Received message from  61: 1|0,38,89,1,20,54,78,15,61,76
[  6] Received message from  33: 1|0,38,89,1,20,54,78,23,32,33,6,22,39,41,44,71,99
[ 61] Sent Broadcast: 1|0,38,89,1,20,54,78,15,61,76
[ 40] Received message from  76: 1|0,38,89,1,20,54,78,15,61,76,40,42,73,77,84
[ 48] Received message from  13: 1|0,38,89,1,20,54,78,23,32,33,7,42,44,52,70,91,13,47,53,59,98,48,88
[ 39] Received message from   6: 1|0,38,89,1,20,54,78,23,32,33,6,22,41,44,52,71,99,39,46,72,87
[ 47] Received message from   7: 1|0,38,89,1,20,54,78,23,32,33,7,42,44,52,70,91,13,47,53,59,98
[  6] Received message from  44: 1|0,38,89,1,20,54,78,23,32,33,7,42,44,52,70,91,6,22,41,48,71,99
[ 22] Received message from  32: 1|0,38,89,1,20,54,78,23,32,33,6,22,41,44,52,71,99
[ 52] Received message from  23: 1|0,38,89,1,20,54,78,23,32,33,7,42,44,52,70,91
[ 47] Received message from  42: 1|0,38,89,1,20,54,78,23,32,33,7,42,44,52,70,91,13,47,53,76
[ 76] Received message from  78: 1|0,38,89,1,20,54,78,15,61,76
[ 78] Sent Broadcast: 1|0,38,89,1,20,54,78,15,61,76
[  4] Received message from  48: 1|0,38,89,1,20,54,78,23,32,33,7,42,44,52,70,91,13,47,53,59,98,48,88,4,9,51
[ 18] Received message from  39: 1|0,38,89,1,20,54,78,23,32,33,6,22,41,44,52,71,99,39,46,72,87,18,79
[ 22] Received message from  33: 1|0,38,89,1,20,54,78,23,32,33,6,22,39,41,44,71,99
[ 42] Received message from  76: 1|0,38,89,1,20,54,78,15,61,76,40,42,73,77,84
[ 10] Received message from  40: 1|0,38,89,1,20,54,78,15,61,76,40,42,73,77,84,10,69,90,93
[ 48] Received message from  47: 1|0,38,89,1,20,54,78,23,32,33,7,42,44,52,70,91,13,47,53,59,98,48,88
[ 88] Received message from  13: 1|0,38,89,1,20,54,78,23,32,33,7,42,44,52,70,91,13,47,53,59,98,48,88
[ 46] Received message from   6: 1|0,38,89,1,20,54,78,23,32,33,6,22,41,44,52,71,99,39,46,72,87
[ 41] Received message from  32: 1|0,38,89,1,20,54,78,23,32,33,6,22,41,44,52,71,99
[  4] Received message from  22: 1|0,38,89,1,20,54,78,23,32,33,6,22,41,44,52,71,99,4,39,46,72
[ 53] Received message from   7: 1|0,38,89,1,20,54,78,23,32,33,7,42,44,52,70,91,13,47,53,59,98
[ 70] Received message from  23: 1|0,38,89,1,20,54,78,23,32,33,7,42,44,52,70,91
[ 53] Received message from  42: 1|0,38,89,1,20,54,78,23,32,33,7,42,44,52,70,91,13,47,53,76
[  4] Received message from  52: 1|0,38,89,1,20,54,78,23,32,33,7,42,44,52,70,91,4,13,47,48,51,59,98
[ 22] Received message from  44: 1|0,38,89,1,20,54,78,23,32,33,7,42,44,52,70,91,6,22,41,48,71,99
[ 73] Received message from  76: 1|0,38,89,1,20,54,78,15,61,76,40,42,73,77,84
[ 13] Sent Broadcast: 1|0,38,89,1,20,54,78,23,32,33,7,42,44,52,70,91,13,47,53,59,98,48,88
[ 44] Received message from  32: 1|0,38,89,1,20,54,78,23,32,33,6,22,41,44,52,71,99
[  5] Received message from  18: 1|0,38,89,1,20,54,78,23,32,33,6,22,41,44,52,71,99,39,46,72,87,18,79,5,80,100
[ 79] Received message from  39: 1|0,38,89,1,20,54,78,23,32,33,6,22,41,44,52,71,99,39,46,72,87,18,79
[ 31] Received message from  46: 1|0,38,89,1,20,54,78,23,32,33,6,22,41,44,52,71,99,39,46,72,87,31,34,63,75
[  9] Received message from  48: 1|0,38,89,1,20,54,78,23,32,33,7,42,44,52,70,91,13,47,53,59,98,48,88,4,9,51
[ 91] Received message from  23: 1|0,38,89,1,20,54,78,23,32,33,7,42,44,52,70,91
[ 39] Received message from  33: 1|0,38,89,1,20,54,78,23,32,33,6,22,39,41,44,71,99
[ 37] Received message from  53: 1|0,38,89,1,20,54,78,23,32,33,7,42,44,52,70,91,13,47,53,59,98,37,68
[  3] Received message from   4: 1|0,38,89,1,20,54,78,23,32,33,7,42,44,52,70,91,13,47,53,59,98,48,88,4,9,51,3,11,16,22,28,63,75,86,95
[ 59] Received message from   7: 1|0,38,89,1,20,54,78,23,32,33,7,42,44,52,70,91,13,47,53,59,98
[ 27] Received message from  88: 1|0,38,89,1,20,54,78,23,32,33,7,42,44,52,70,91,13,47,53,59,98,48,88,27,35,82,83,94
[ 13] Received message from  52: 1|0,38,89,1,20,54,78,23,32,33,7,42,44,52,70,91,4,13,47,48,51,59,98
[ 39] Received message from  22: 1|0,38,89,1,20,54,78,23,32,33,6,22,41,44,52,71,99,4,39,46,72
[ 39] Sent Broadcast: 1|0,38,89,1,20,54,78,23,32,33,6,22,41,44,52,71,99,39,46,72,87,18,79
[ 76] Received message from  42: 1|0,38,89,1,20,54,78,23,32,33,7,42,44,52,70,91,13,47,53,76
[  2] Received message from   5: 1|0,38,89,1,20,54,78,23,32,33,6,22,41,44,52,71,99,39,46,72,87,18,79,5,80,100,2,8,56
[  5] Received message from  79: 1|0,38,89,1,20,54,78,23,32,33,6,22,41,44,52,71,99,39,46,72,87,18,79,5,80,100
[ 10] Received message from  73: 1|0,38,89,1,20,54,78,15,61,76,40,42,73,77,84,10,69,90,93
[ 52] Received message from  32: 1|0,38,89,1,20,54,78,23,32,33,6,22,41,44,52,71,99
[ 69] Received message from  40: 1|0,38,89,1,20,54,78,15,61,76,40,42,73,77,84,10,69,90,93
[  3] Received message from   9: 1|0,38,89,1,20,54,78,23,32,33,7,42,44,52,70,91,13,47,53,59,98,48,88,4,9,51,3,11,16,28,31,62,63,75,86,95
[ 88] Received message from  47: 1|0,38,89,1,20,54,78,23,32,33,7,42,44,52,70,91,13,47,53,59,98,48,88
[ 42] Sent Broadcast: 1|0,38,89,1,20,54,78,23,32,33,7,42,44,52,70,91,13,47,53,76
[ 13] Received message from  70: 1|0,38,89,1,20,54,78,23,32,33,7,42,44,52,70,91,13,47,48,51,59,98
[ 72] Received message from   6: 1|0,38,89,1,20,54,78,23,32,33,6,22,41,44,52,71,99,39,46,72,87
[ 68] Received message from  53: 1|0,38,89,1,20,54,78,23,32,33,7,42,44,52,70,91,13,47,53,59,98,37,68
[ 62] Received message from   3: 1|0,38,89,1,20,54,78,23,32,33,7,42,44,52,70,91,13,47,53,59,98,48,88,4,9,51,3,11,16,22,28,63,75,86,95,62
[ 41] Received message from  44: 1|0,38,89,1,20,54,78,23,32,33,7,42,44,52,70,91,6,22,41,48,71,99
[ 23] Sent Broadcast: 1|0,38,89,1,20,54,78,23,32,33,7,42,44,52,70,91
[  9] Received message from  31: 1|0,38,89,1,20,54,78,23,32,33,6,22,41,44,52,71,99,39,46,72,87,31,34,63,75,9,28,62,86,95,96
[ 39] Received message from  41: 1|0,38,89,1,20,54,78,23,32,33,6,22,41,44,52,71,99,39,46,72,87
[ 80] Received message from  18: 1|0,38,89,1,20,54,78,23,32,33,6,22,41,44,52,71,99,39,46,72,87,18,79,5,80,100
[ 11] Received message from  27: 1|0,38,89,1,20,54,78,23,32,33,7,42,44,52,70,91,13,47,53,59,98,48,88,27,35,82,83,94,11,51,64,67,92
[ 26] Received message from  37: 1|0,38,89,1,20,54,78,23,32,33,7,42,44,52,70,91,13,47,53,59,98,37,68,26,35,82,94
[ 77] Received message from  76: 1|0,38,89,1,20,54,78,15,61,76,40,42,73,77,84
[ 47] Sent Broadcast: 1|0,38,89,1,20,54,78,23,32,33,7,42,44,52,70,91,13,47,53,59,98,48,88
[ 98] Received message from   7: 1|0,38,89,1,20,54,78,23,32,33,7,42,44,52,70,91,13,47,53,59,98
[ 34] Received message from  46: 1|0,38,89,1,20,54,78,23,32,33,6,22,41,44,52,71,99,39,46,72,87,31,34,63,75
[ 90] Received message from  40: 1|0,38,89,1,20,54,78,15,61,76,40,42,73,77,84,10,69,90,93
[ 11] Received message from   4: 1|0,38,89,1,20,54,78,23,32,33,7,42,44,52,70,91,13,47,53,59,98,48,88,4,9,51,3,11,16,22,28,63,75,86,95
[ 27] Received message from  59: 1|0,38,89,1,20,54,78,23,32,33,7,42,44,52,70,91,13,47,53,59,98,27,48,51,64,83,88
[ 51] Received message from  48: 1|0,38,89,1,20,54,78,23,32,33,7,42,44,52,70,91,13,47,53,59,98,48,88,4,9,51
[  8] Received message from   5: 1|0,38,89,1,20,54,78,23,32,33,6,22,41,44,52,71,99,39,46,72,87,18,79,5,80,100,2,8,56
[ 13] Received message from  91: 1|0,38,89,1,20,54,78,23,32,33,7,42,44,52,70,91,13,47,53,59,98
[ 80] Received message from  79: 1|0,38,89,1,20,54,78,23,32,33,6,22,41,44,52,71,99,39,46,72,87,18,79,5,80,100
[ 31] Received message from  62: 1|0,38,89,1,20,54,78,23,32,33,7,42,44,52,70,91,13,47,53,59,98,48,88,4,9,51,3,11,16,22,28,63,75,86,95,62,31,34,65,81,96
[ 47] Received message from  52: 1|0,38,89,1,20,54,78,23,32,33,7,42,44,52,70,91,4,13,47,48,51,59,98
[ 35] Received message from  88: 1|0,38,89,1,20,54,78,23,32,33,7,42,44,52,70,91,13,47,53,59,98,48,88,27,35,82,83,94
[ 41] Received message from  33: 1|0,38,89,1,20,54,78,23,32,33,6,22,39,41,44,71,99
[ 69] Received message from  73: 1|0,38,89,1,20,54,78,15,61,76,40,42,73,77,84,10,69,90,93
[ 58] Received message from  26: 1|0,38,89,1,20,54,78,23,32,33,7,42,44,52,70,91,13,47,53,59,98,37,68,26,35,82,94,58
[  3] Received message from  11: 1|0,38,89,1,20,54,78,23,32,33,7,42,44,52,70,91,13,47,53,59,98,48,88,27,35,82,83,94,11,51,64,67,92,3,4,9,16,28,95
[ 53] Sent Broadcast: 1|0,38,89,1,20,54,78,23,32,33,7,42,44,52,70,91,13,47,53,59,98,37,68
[  3] Sent Broadcast: 1|0,38,89,1,20,54,78,23,32,33,7,42,44,52,70,91,13,47,53,59,98,48,88,4,9,51,3,11,16,22,28,63,75,86,95,62
[ 28] Received message from  31: 1|0,38,89,1,20,54,78,23,32,33,6,22,41,44,52,71,99,39,46,72,87,31,34,63,75,9,28,62,86,95,96
[ 47] Received message from  70: 1|0,38,89,1,20,54,78,23,32,33,7,42,44,52,70,91,13,47,48,51,59,98
[ 71] Received message from  32: 1|0,38,89,1,20,54,78,23,32,33,6,22,41,44,52,71,99
[ 31] Received message from  72: 1|0,38,89,1,20,54,78,23,32,33,6,22,41,44,52,71,99,39,46,72,87,31,63
[ 10] Received message from  77: 1|0,38,89,1,20,54,78,15,61,76,40,42,73,77,84,10,69,93
[ 35] Received message from  68: 1|0,38,89,1,20,54,78,23,32,33,7,42,44,52,70,91,13,47,53,59,98,37,68,35,82,93
[  7] Sent Broadcast: 1|0,38,89,1,20,54,78,23,32,33,7,42,44,52,70,91,13,47,53,59,98
[ 48] Sent Broadcast: 1|0,38,89,1,20,54,78,23,32,33,7,42,44,52,70,91,13,47,53,59,98,48,88,4,9,51
[ 11] Received message from   9: 1|0,38,89,1,20,54,78,23,32,33,7,42,44,52,70,91,13,47,53,59,98,48,88,4,9,51,3,11,16,28,31,62,63,75,86,95
[ 63] Received message from  46: 1|0,38,89,1,20,54,78,23,32,33,6,22,41,44,52,71,99,39,46,72,87,31,34,63,75
[  3] Received message from  51: 1|0,38,89,1,20,54,78,23,32,33,7,42,44,52,70,91,13,47,53,59,98,48,88,4,9,51,3,11,16,27,64
[ 87] Received message from   6: 1|0,38,89,1,20,54,78,23,32,33,6,22,41,44,52,71,99,39,46,72,87
[ 26] Sent Broadcast: 1|0,38,89,1,20,54,78,23,32,33,7,42,44,52,70,91,13,47,53,59,98,37,68,26,35,82,94,58
[ 84] Received message from  76: 1|0,38,89,1,20,54,78,15,61,76,40,42,73,77,84
[ 39] Received message from  71: 1|0,38,89,1,20,54,78,23,32,33,6,22,41,44,52,71,99,39,46,72,87
[ 35] Received message from  37: 1|0,38,89,1,20,54,78,23,32,33,7,42,44,52,70,91,13,47,53,59,98,37,68,26,35,82,94
[ 16] Received message from   4: 1|0,38,89,1,20,54,78,23,32,33,7,42,44,52,70,91,13,47,53,59,98,48,88,4,9,51,3,11,16,22,28,63,75,86,95
[  3] Received message from  28: 1|0,38,89,1,20,54,78,23,32,33,6,22,41,44,52,71,99,39,46,72,87,31,34,63,75,9,28,62,86,95,96,3,4,11,16
[ 51] Received message from  27: 1|0,38,89,1,20,54,78,23,32,33,7,42,44,52,70,91,13,47,53,59,98,48,88,27,35,82,83,94,11,51,64,67,92
[ 26] Received message from  35: 1|0,38,89,1,20,54,78,23,32,33,7,42,44,52,70,91,13,47,53,59,98,48,88,27,35,82,83,94,26,37,68
[ 48] Received message from  44: 1|0,38,89,1,20,54,78,23,32,33,7,42,44,52,70,91,6,22,41,48,71,99
[ 46] Received message from  22: 1|0,38,89,1,20,54,78,23,32,33,6,22,41,44,52,71,99,4,39,46,72
[100] Received message from  18: 1|0,38,89,1,20,54,78,23,32,33,6,22,41,44,52,71,99,39,46,72,87,18,79,5,80,100
[ 17] Received message from  58: 1|0,38,89,1,20,54,78,23,32,33,7,42,44,52,70,91,13,47,53,59,98,37,68,26,35,82,94,58,17,25,29,45,49,55,57,60,74,85
[ 48] Received message from  98: 1|0,38,89,1,20,54,78,23,32,33,7,42,44,52,70,91,13,47,53,59,98,48,51
[ 56] Received message from   5: 1|0,38,89,1,20,54,78,23,32,33,6,22,41,44,52,71,99,39,46,72,87,18,79,5,80,100,2,8,56
[ 62] Received message from  34: 1|0,38,89,1,20,54,78,23,32,33,6,22,41,44,52,71,99,39,46,72,87,31,34,63,75,62
[ 93] Received message from  40: 1|0,38,89,1,20,54,78,15,61,76,40,42,73,77,84,10,69,90,93
[ 76] Sent Broadcast: 1|0,38,89,1,20,54,78,15,61,76,40,42,73,77,84
[ 90] Received message from  73: 1|0,38,89,1,20,54,78,15,61,76,40,42,73,77,84,10,69,90,93
[ 34] Received message from  62: 1|0,38,89,1,20,54,78,23,32,33,7,42,44,52,70,91,13,47,53,59,98,48,88,4,9,51,3,11,16,22,28,63,75,86,95,62,31,34,65,81,96
[ 62] Received message from  31: 1|0,38,89,1,20,54,78,23,32,33,6,22,41,44,52,71,99,39,46,72,87,31,34,63,75,9,28,62,86,95,96
[ 82] Received message from  88: 1|0,38,89,1,20,54,78,23,32,33,7,42,44,52,70,91,13,47,53,59,98,48,88,27,35,82,83,94
[ 47] Received message from  91: 1|0,38,89,1,20,54,78,23,32,33,7,42,44,52,70,91,13,47,53,59,98
[  3] Received message from  63: 1|0,38,89,1,20,54,78,23,32,33,6,22,41,44,52,71,99,39,46,72,87,31,34,63,75,3,4,9,16,28,62,86,95,96
[ 48] Received message from  59: 1|0,38,89,1,20,54,78,23,32,33,7,42,44,52,70,91,13,47,53,59,98,27,48,51,64,83,88
[ 46] Received message from  41: 1|0,38,89,1,20,54,78,23,32,33,6,22,41,44,52,71,99,39,46,72,87
[  4] Received message from  11: 1|0,38,89,1,20,54,78,23,32,33,7,42,44,52,70,91,13,47,53,59,98,48,88,27,35,82,83,94,11,51,64,67,92,3,4,9,16,28,95
[100] Received message from  79: 1|0,38,89,1,20,54,78,23,32,33,6,22,41,44,52,71,99,39,46,72,87,18,79,5,80,100
[ 99] Received message from  32: 1|0,38,89,1,20,54,78,23,32,33,6,22,41,44,52,71,99
[  6] Sent Broadcast: 1|0,38,89,1,20,54,78,23,32,33,6,22,41,44,52,71,99,39,46,72,87
[ 44] Received message from  33: 1|0,38,89,1,20,54,78,23,32,33,6,22,39,41,44,71,99
[ 18] Sent Broadcast: 1|0,38,89,1,20,54,78,23,32,33,6,22,41,44,52,71,99,39,46,72,87,18,79,5,80,100
[ 22] Received message from   4: 1|0,38,89,1,20,54,78,23,32,33,7,42,44,52,70,91,13,47,53,59,98,48,88,4,9,51,3,11,16,22,28,63,75,86,95
[ 16] Received message from   9: 1|0,38,89,1,20,54,78,23,32,33,7,42,44,52,70,91,13,47,53,59,98,48,88,4,9,51,3,11,16,28,31,62,63,75,86,95
[ 48] Received message from  52: 1|0,38,89,1,20,54,78,23,32,33,7,42,44,52,70,91,4,13,47,48,51,59,98
[ 10] Received message from  84: 1|0,38,89,1,20,54,78,15,61,76,40,42,73,77,84,10,69,90
[ 64] Received message from  27: 1|0,38,89,1,20,54,78,23,32,33,7,42,44,52,70,91,13,47,53,59,98,48,88,27,35,82,83,94,11,51,64,67,92
[ 11] Received message from  51: 1|0,38,89,1,20,54,78,23,32,33,7,42,44,52,70,91,13,47,53,59,98,48,88,4,9,51,3,11,16,27,64
[ 82] Received message from  68: 1|0,38,89,1,20,54,78,23,32,33,7,42,44,52,70,91,13,47,53,59,98,37,68,35,82,93
[  5] Received message from  87: 1|0,38,89,1,20,54,78,23,32,33,6,22,41,44,52,71,99,39,46,72,87,5,18,79,80,100
[ 46] Received message from  71: 1|0,38,89,1,20,54,78,23,32,33,6,22,41,44,52,71,99,39,46,72,87
[ 82] Received message from  37: 1|0,38,89,1,20,54,78,23,32,33,7,42,44,52,70,91,13,47,53,59,98,37,68,26,35,82,94
[ 75] Received message from  46: 1|0,38,89,1,20,54,78,23,32,33,6,22,41,44,52,71,99,39,46,72,87,31,34,63,75
[ 14] Received message from  16: 1|0,38,89,1,20,54,78,23,32,33,7,42,44,52,70,91,13,47,53,59,98,48,88,4,9,51,3,11,16,22,28,63,75,86,95,14,24,65,81
[ 32] Sent Broadcast: 1|0,38,89,1,20,54,78,23,32,33,6,22,41,44,52,71,99
[  5] Sent Broadcast: 1|0,38,89,1,20,54,78,23,32,33,6,22,41,44,52,71,99,39,46,72,87,18,79,5,80,100,2,8,56
[ 69] Received message from  77: 1|0,38,89,1,20,54,78,15,61,76,40,42,73,77,84,10,69,93
[ 63] Received message from  72: 1|0,38,89,1,20,54,78,23,32,33,6,22,41,44,52,71,99,39,46,72,87,31,63
[ 40] Sent Broadcast: 1|0,38,89,1,20,54,78,15,61,76,40,42,73,77,84,10,69,90,93
[ 34] Sent Broadcast: 1|0,38,89,1,20,54,78,23,32,33,6,22,41,44,52,71,99,39,46,72,87,31,34,63,75,62
[ 68] Received message from  93: 1|0,38,89,1,20,54,78,15,61,76,40,42,73,77,84,10,69,90,93,68
[ 71] Received message from  44: 1|0,38,89,1,20,54,78,23,32,33,7,42,44,52,70,91,6,22,41,48,71,99
[ 12] Received message from  17: 1|0,38,89,1,20,54,78,23,32,33,7,42,44,52,70,91,13,47,53,59,98,37,68,26,35,82,94,58,17,25,29,45,49,55,57,60,74,85,12,30
[  3] Received message from  75: 1|0,38,89,1,20,54,78,23,32,33,6,22,41,44,52,71,99,39,46,72,87,31,34,63,75,3,4,9,16,28,62,86,95,96
[ 19] Received message from  12: 1|0,38,89,1,20,54,78,23,32,33,7,42,44,52,70,91,13,47,53,59,98,37,68,26,35,82,94,58,17,25,29,45,49,55,57,60,74,85,12,30,19,67,83,92,97
[ 21] Received message from  19: 1|0,38,89,1,20,54,78,23,32,33,7,42,44,52,70,91,13,47,53,59,98,37,68,26,35,82,94,58,17,25,29,45,49,55,57,60,74,85,12,30,19,67,83,92,97,21,24,36,43
[ 25] Received message from  58: 1|0,38,89,1,20,54,78,23,32,33,7,42,44,52,70,91,13,47,53,59,98,37,68,26,35,82,94,58,17,25,29,45,49,55,57,60,74,85
[ 53] Received message from  91: 1|0,38,89,1,20,54,78,23,32,33,7,42,44,52,70,91,13,47,53,59,98
[  4] Received message from  63: 1|0,38,89,1,20,54,78,23,32,33,6,22,41,44,52,71,99,39,46,72,87,31,34,63,75,3,4,9,16,28,62,86,95,96
[ 24] Received message from  16: 1|0,38,89,1,20,54,78,23,32,33,7,42,44,52,70,91,13,47,53,59,98,48,88,4,9,51,3,11,16,22,28,63,75,86,95,14,24,65,81
[ 65] Received message from  62: 1|0,38,89,1,20,54,78,23,32,33,7,42,44,52,70,91,13,47,53,59,98,48,88,4,9,51,3,11,16,22,28,63,75,86,95,62,31,34,65,81,96
[ 83] Received message from  88: 1|0,38,89,1,20,54,78,23,32,33,7,42,44,52,70,91,13,47,53,59,98,48,88,27,35,82,83,94
[  2] Received message from 100: 1|0,38,89,1,20,54,78,23,32,33,6,22,41,44,52,71,99,39,46,72,87,18,79,5,80,100,2,8,56
[ 26] Received message from  82: 1|0,38,89,1,20,54,78,23,32,33,7,42,44,52,70,91,13,47,53,59,98,48,88,27,35,82,83,94,26,37,57,58,68
[  4] Received message from  75: 1|0,38,89,1,20,54,78,23,32,33,6,22,41,44,52,71,99,39,46,72,87,31,34,63,75,3,4,9,16,28,62,86,95,96
[ 72] Received message from  41: 1|0,38,89,1,20,54,78,23,32,33,6,22,41,44,52,71,99,39,46,72,87
[ 48] Received message from  70: 1|0,38,89,1,20,54,78,23,32,33,7,42,44,52,70,91,13,47,48,51,59,98
[  4] Received message from  28: 1|0,38,89,1,20,54,78,23,32,33,6,22,41,44,52,71,99,39,46,72,87,31,34,63,75,9,28,62,86,95,96,3,4,11,16
[ 37] Received message from  35: 1|0,38,89,1,20,54,78,23,32,33,7,42,44,52,70,91,13,47,53,59,98,48,88,27,35,82,83,94,26,37,68
[ 14] Received message from  65: 1|0,38,89,1,20,54,78,23,32,33,7,42,44,52,70,91,13,47,53,59,98,48,88,4,9,51,3,11,16,22,28,63,75,86,95,62,31,34,65,81,96,14,24,50,66
[ 19] Received message from  24: 1|0,38,89,1,20,54,78,23,32,33,7,42,44,52,70,91,13,47,53,59,98,48,88,4,9,51,3,11,16,22,28,63,75,86,95,14,24,65,81,19,21,36,43,50,66,67,92
[ 72] Received message from  22: 1|0,38,89,1,20,54,78,23,32,33,6,22,41,44,52,71,99,4,39,46,72
[ 79] Sent Broadcast: 1|0,38,89,1,20,54,78,23,32,33,6,22,41,44,52,71,99,39,46,72,87,18,79,5,80,100
[ 86] Received message from  31: 1|0,38,89,1,20,54,78,23,32,33,6,22,41,44,52,71,99,39,46,72,87,31,34,63,75,9,28,62,86,95,96
[ 46] Sent Broadcast: 1|0,38,89,1,20,54,78,23,32,33,6,22,41,44,52,71,99,39,46,72,87,31,34,63,75
[ 51] Received message from  98: 1|0,38,89,1,20,54,78,23,32,33,7,42,44,52,70,91,13,47,53,59,98,48,51
[ 18] Received message from  87: 1|0,38,89,1,20,54,78,23,32,33,6,22,41,44,52,71,99,39,46,72,87,5,18,79,80,100
[ 39] Received message from  99: 1|0,38,89,1,20,54,78,23,32,33,6,22,41,44,52,71,99,39,46,72,87
[ 28] Received message from   9: 1|0,38,89,1,20,54,78,23,32,33,7,42,44,52,70,91,13,47,53,59,98,48,88,4,9,51,3,11,16,28,31,62,63,75,86,95
[ 36] Received message from  14: 1|0,38,89,1,20,54,78,23,32,33,7,42,44,52,70,91,13,47,53,59,98,48,88,4,9,51,3,11,16,22,28,63,75,86,95,14,24,65,81,36,43,50,66,96
[ 69] Received message from  84: 1|0,38,89,1,20,54,78,15,61,76,40,42,73,77,84,10,69,90
[ 51] Received message from  59: 1|0,38,89,1,20,54,78,23,32,33,7,42,44,52,70,91,13,47,53,59,98,27,48,51,64,83,88
[  9] Received message from  11: 1|0,38,89,1,20,54,78,23,32,33,7,42,44,52,70,91,13,47,53,59,98,48,88,27,35,82,83,94,11,51,64,67,92,3,4,9,16,28,95
[ 12] Received message from  25: 1|0,38,89,1,20,54,78,23,32,33,7,42,44,52,70,91,13,47,53,59,98,37,68,26,35,82,94,58,17,25,29,45,49,55,57,60,74,85,12,30,83,97
[ 72] Sent Broadcast: 1|0,38,89,1,20,54,78,23,32,33,6,22,41,44,52,71,99,39,46,72,87,31,63
[ 98] Sent Broadcast: 1|0,38,89,1,20,54,78,23,32,33,7,42,44,52,70,91,13,47,53,59,98,48,51
[ 93] Sent Broadcast: 1|0,38,89,1,20,54,78,15,61,76,40,42,73,77,84,10,69,90,93,68
[ 12] Received message from  83: 1|0,38,89,1,20,54,78,23,32,33,7,42,44,52,70,91,13,47,53,59,98,48,88,27,35,82,83,94,12,25,30,60,64
[ 29] Received message from  58: 1|0,38,89,1,20,54,78,23,32,33,7,42,44,52,70,91,13,47,53,59,98,37,68,26,35,82,94,58,17,25,29,45,49,55,57,60,74,85
[ 72] Received message from  71: 1|0,38,89,1,20,54,78,23,32,33,6,22,41,44,52,71,99,39,46,72,87
[ 51] Received message from  52: 1|0,38,89,1,20,54,78,23,32,33,7,42,44,52,70,91,4,13,47,48,51,59,98
[  3] Received message from  86: 1|0,38,89,1,20,54,78,23,32,33,6,22,41,44,52,71,99,39,46,72,87,31,34,63,75,9,28,62,86,95,96,3,4,16,65,81
[ 93] Received message from  73: 1|0,38,89,1,20,54,78,15,61,76,40,42,73,77,84,10,69,90,93
[ 51] Received message from  70: 1|0,38,89,1,20,54,78,23,32,33,7,42,44,52,70,91,13,47,48,51,59,98
[ 16] Received message from  51: 1|0,38,89,1,20,54,78,23,32,33,7,42,44,52,70,91,13,47,53,59,98,48,88,4,9,51,3,11,16,27,64
[ 68] Received message from  35: 1|0,38,89,1,20,54,78,23,32,33,7,42,44,52,70,91,13,47,53,59,98,48,88,27,35,82,83,94,26,37,68
[ 43] Received message from  14: 1|0,38,89,1,20,54,78,23,32,33,7,42,44,52,70,91,13,47,53,59,98,48,88,4,9,51,3,11,16,22,28,63,75,86,95,14,24,65,81,36,43,50,66,96
[ 65] Received message from  16: 1|0,38,89,1,20,54,78,23,32,33,7,42,44,52,70,91,13,47,53,59,98,48,88,4,9,51,3,11,16,22,28,63,75,86,95,14,24,65,81
[ 28] Received message from   4: 1|0,38,89,1,20,54,78,23,32,33,7,42,44,52,70,91,13,47,53,59,98,48,88,4,9,51,3,11,16,22,28,63,75,86,95
[ 16] Received message from  11: 1|0,38,89,1,20,54,78,23,32,33,7,42,44,52,70,91,13,47,53,59,98,48,88,27,35,82,83,94,11,51,64,67,92,3,4,9,16,28,95
[ 37] Received message from  82: 1|0,38,89,1,20,54,78,23,32,33,7,42,44,52,70,91,13,47,53,59,98,48,88,27,35,82,83,94,26,37,57,58,68
[ 71] Received message from  33: 1|0,38,89,1,20,54,78,23,32,33,6,22,39,41,44,71,99
[ 11] Received message from  28: 1|0,38,89,1,20,54,78,23,32,33,6,22,41,44,52,71,99,39,46,72,87,31,34,63,75,9,28,62,86,95,96,3,4,11,16
[ 59] Received message from  91: 1|0,38,89,1,20,54,78,23,32,33,7,42,44,52,70,91,13,47,53,59,98
[ 99] Received message from  44: 1|0,38,89,1,20,54,78,23,32,33,7,42,44,52,70,91,6,22,41,48,71,99
[ 67] Received message from  27: 1|0,38,89,1,20,54,78,23,32,33,7,42,44,52,70,91,13,47,53,59,98,48,88,27,35,82,83,94,11,51,64,67,92
[ 21] Received message from  24: 1|0,38,89,1,20,54,78,23,32,33,7,42,44,52,70,91,13,47,53,59,98,48,88,4,9,51,3,11,16,22,28,63,75,86,95,14,24,65,81,19,21,36,43,50,66,67,92
[ 67] Received message from  12: 1|0,38,89,1,20,54,78,23,32,33,7,42,44,52,70,91,13,47,53,59,98,37,68,26,35,82,94,58,17,25,29,45,49,55,57,60,74,85,12,30,19,67,83,92,97
[ 50] Received message from  14: 1|0,38,89,1,20,54,78,23,32,33,7,42,44,52,70,91,13,47,53,59,98,48,88,4,9,51,3,11,16,22,28,63,75,86,95,14,24,65,81,36,43,50,66,96
[ 30] Received message from  17: 1|0,38,89,1,20,54,78,23,32,33,7,42,44,52,70,91,13,47,53,59,98,37,68,26,35,82,94,58,17,25,29,45,49,55,57,60,74,85,12,30
[  8] Received message from 100: 1|0,38,89,1,20,54,78,23,32,33,6,22,41,44,52,71,99,39,46,72,87,18,79,5,80,100,2,8,56
[ 24] Received message from  19: 1|0,38,89,1,20,54,78,23,32,33,7,42,44,52,70,91,13,47,53,59,98,37,68,26,35,82,94,58,17,25,29,45,49,55,57,60,74,85,12,30,19,67,83,92,97,21,24,36,43
[ 19] Received message from  36: 1|0,38,89,1,20,54,78,23,32,33,7,42,44,52,70,91,13,47,53,59,98,48,88,4,9,51,3,11,16,22,28,63,75,86,95,14,24,65,81,36,43,50,66,96,19,21,67,92
[  9] Received message from  63: 1|0,38,89,1,20,54,78,23,32,33,6,22,41,44,52,71,99,39,46,72,87,31,34,63,75,3,4,9,16,28,62,86,95,96
[ 64] Received message from  59: 1|0,38,89,1,20,54,78,23,32,33,7,42,44,52,70,91,13,47,53,59,98,27,48,51,64,83,88
[ 81] Received message from  62: 1|0,38,89,1,20,54,78,23,32,33,7,42,44,52,70,91,13,47,53,59,98,48,88,4,9,51,3,11,16,22,28,63,75,86,95,62,31,34,65,81,96
[ 31] Received message from   9: 1|0,38,89,1,20,54,78,23,32,33,7,42,44,52,70,91,13,47,53,59,98,48,88,4,9,51,3,11,16,28,31,62,63,75,86,95
[ 95] Received message from  31: 1|0,38,89,1,20,54,78,23,32,33,6,22,41,44,52,71,99,39,46,72,87,31,34,63,75,9,28,62,86,95,96
[ 94] Received message from  37: 1|0,38,89,1,20,54,78,23,32,33,7,42,44,52,70,91,13,47,53,59,98,37,68,26,35,82,94
[ 94] Received message from  88: 1|0,38,89,1,20,54,78,23,32,33,7,42,44,52,70,91,13,47,53,59,98,48,88,27,35,82,83,94
[ 19] Received message from  43: 1|0,38,89,1,20,54,78,23,32,33,7,42,44,52,70,91,13,47,53,59,98,48,88,4,9,51,3,11,16,22,28,63,75,86,95,14,24,65,81,36,43,50,66,96,19,21
[ 79] Received message from  87: 1|0,38,89,1,20,54,78,23,32,33,6,22,41,44,52,71,99,39,46,72,87,5,18,79,80,100
[ 21] Received message from  67: 1|0,38,89,1,20,54,78,23,32,33,7,42,44,52,70,91,13,47,53,59,98,37,68,26,35,82,94,58,17,25,29,45,49,55,57,60,74,85,12,30,19,67,83,92,97,21,24,27,36,64
[ 25] Received message from  83: 1|0,38,89,1,20,54,78,23,32,33,7,42,44,52,70,91,13,47,53,59,98,48,88,27,35,82,83,94,12,25,30,60,64
[ 87] Received message from  41: 1|0,38,89,1,20,54,78,23,32,33,6,22,41,44,52,71,99,39,46,72,87
[ 46] Received message from  99: 1|0,38,89,1,20,54,78,23,32,33,6,22,41,44,52,71,99,39,46,72,87
[ 81] Received message from  16: 1|0,38,89,1,20,54,78,23,32,33,7,42,44,52,70,91,13,47,53,59,98,48,88,4,9,51,3,11,16,22,28,63,75,86,95,14,24,65,81
[ 12] Received message from  29: 1|0,38,89,1,20,54,78,23,32,33,7,42,44,52,70,91,13,47,53,59,98,37,68,26,35,82,94,58,17,25,29,45,49,55,57,60,74,85,12
[ 19] Received message from  30: 1|0,38,89,1,20,54,78,23,32,33,7,42,44,52,70,91,13,47,53,59,98,37,68,26,35,82,94,58,17,25,29,45,49,55,57,60,74,85,12,30,19,67,83,92,97
[ 22] Sent Broadcast: 1|0,38,89,1,20,54,78,23,32,33,6,22,41,44,52,71,99,4,39,46,72
[ 30] Received message from  25: 1|0,38,89,1,20,54,78,23,32,33,7,42,44,52,70,91,13,47,53,59,98,37,68,26,35,82,94,58,17,25,29,45,49,55,57,60,74,85,12,30,83,97
[ 73] Sent Broadcast: 1|0,38,89,1,20,54,78,15,61,76,40,42,73,77,84,10,69,90,93
[ 37] Sent Broadcast: 1|0,38,89,1,20,54,78,23,32,33,7,42,44,52,70,91,13,47,53,59,98,37,68,26,35,82,94
[ 24] Received message from  65: 1|0,38,89,1,20,54,78,23,32,33,7,42,44,52,70,91,13,47,53,59,98,48,88,4,9,51,3,11,16,22,28,63,75,86,95,62,31,34,65,81,96,14,24,50,66
[ 88] Sent Broadcast: 1|0,38,89,1,20,54,78,23,32,33,7,42,44,52,70,91,13,47,53,59,98,48,88,27,35,82,83,94
[ 35] Sent Broadcast: 1|0,38,89,1,20,54,78,23,32,33,7,42,44,52,70,91,13,47,53,59,98,48,88,27,35,82,83,94,26,37,68
[ 27] Received message from  51: 1|0,38,89,1,20,54,78,23,32,33,7,42,44,52,70,91,13,47,53,59,98,48,88,4,9,51,3,11,16,27,64
[  3] Received message from  95: 1|0,38,89,1,20,54,78,23,32,33,6,22,41,44,52,71,99,39,46,72,87,31,34,63,75,9,28,62,86,95,96,3,4,11,16,65,81
[  9] Received message from  75: 1|0,38,89,1,20,54,78,23,32,33,6,22,41,44,52,71,99,39,46,72,87,31,34,63,75,3,4,9,16,28,62,86,95,96
[ 50] Received message from  81: 1|0,38,89,1,20,54,78,23,32,33,7,42,44,52,70,91,13,47,53,59,98,48,88,4,9,51,3,11,16,22,28,63,75,86,95,14,24,65,81,50,62,66,96
[ 44] Sent Broadcast: 1|0,38,89,1,20,54,78,23,32,33,7,42,44,52,70,91,6,22,41,48,71,99
[ 17] Sent Broadcast: 1|0,38,89,1,20,54,78,23,32,33,7,42,44,52,70,91,13,47,53,59,98,37,68,26,35,82,94,58,17,25,29,45,49,55,57,60,74,85,12,30
[ 16] Sent Broadcast: 1|0,38,89,1,20,54,78,23,32,33,7,42,44,52,70,91,13,47,53,59,98,48,88,4,9,51,3,11,16,22,28,63,75,86,95,14,24,65,81
[ 41] Sent Broadcast: 1|0,38,89,1,20,54,78,23,32,33,6,22,41,44,52,71,99,39,46,72,87
[ 93] Received message from  77: 1|0,38,89,1,20,54,78,15,61,76,40,42,73,77,84,10,69,93
[  4] Received message from  86: 1|0,38,89,1,20,54,78,23,32,33,6,22,41,44,52,71,99,39,46,72,87,31,34,63,75,9,28,62,86,95,96,3,4,16,65,81
[ 29] Sent Broadcast: 1|0,38,89,1,20,54,78,23,32,33,7,42,44,52,70,91,13,47,53,59,98,37,68,26,35,82,94,58,17,25,29,45,49,55,57,60,74,85,12
[ 90] Received message from  84: 1|0,38,89,1,20,54,78,15,61,76,40,42,73,77,84,10,69,90
[ 25] Received message from  94: 1|0,38,89,1,20,54,78,23,32,33,7,42,44,52,70,91,13,47,53,59,98,37,68,26,35,82,94,25,45,57,58,60,83,88
[ 45] Received message from  58: 1|0,38,89,1,20,54,78,23,32,33,7,42,44,52,70,91,13,47,53,59,98,37,68,26,35,82,94,58,17,25,29,45,49,55,57,60,74,85
[ 77] Sent Broadcast: 1|0,38,89,1,20,54,78,15,61,76,40,42,73,77,84,10,69,93
[ 59] Received message from  70: 1|0,38,89,1,20,54,78,23,32,33,7,42,44,52,70,91,13,47,48,51,59,98
[ 28] Received message from  11: 1|0,38,89,1,20,54,78,23,32,33,7,42,44,52,70,91,13,47,53,59,98,48,88,27,35,82,83,94,11,51,64,67,92,3,4,9,16,28,95
[ 83] Received message from  59: 1|0,38,89,1,20,54,78,23,32,33,7,42,44,52,70,91,13,47,53,59,98,27,48,51,64,83,88
[ 63] Received message from   4: 1|0,38,89,1,20,54,78,23,32,33,7,42,44,52,70,91,13,47,53,59,98,48,88,4,9,51,3,11,16,22,28,63,75,86,95
[ 98] Received message from  91: 1|0,38,89,1,20,54,78,23,32,33,7,42,44,52,70,91,13,47,53,59,98
[ 93] Received message from  68: 1|0,38,89,1,20,54,78,23,32,33,7,42,44,52,70,91,13,47,53,59,98,37,68,35,82,93
[ 24] Received message from  67: 1|0,38,89,1,20,54,78,23,32,33,7,42,44,52,70,91,13,47,53,59,98,37,68,26,35,82,94,58,17,25,29,45,49,55,57,60,74,85,12,30,19,67,83,92,97,21,24,27,36,64
[ 99] Received message from  33: 1|0,38,89,1,20,54,78,23,32,33,6,22,39,41,44,71,99
[ 16] Received message from  28: 1|0,38,89,1,20,54,78,23,32,33,6,22,41,44,52,71,99,39,46,72,87,31,34,63,75,9,28,62,86,95,96,3,4,11,16
[ 92] Received message from  27: 1|0,38,89,1,20,54,78,23,32,33,7,42,44,52,70,91,13,47,53,59,98,48,88,27,35,82,83,94,11,51,64,67,92
[ 50] Received message from  65: 1|0,38,89,1,20,54,78,23,32,33,7,42,44,52,70,91,13,47,53,59,98,48,88,4,9,51,3,11,16,22,28,63,75,86,95,62,31,34,65,81,96,14,24,50,66
[ 66] Received message from  14: 1|0,38,89,1,20,54,78,23,32,33,7,42,44,52,70,91,13,47,53,59,98,48,88,4,9,51,3,11,16,22,28,63,75,86,95,14,24,65,81,36,43,50,66,96
[ 72] Received message from  99: 1|0,38,89,1,20,54,78,23,32,33,6,22,41,44,52,71,99,39,46,72,87
[ 80] Received message from  87: 1|0,38,89,1,20,54,78,23,32,33,6,22,41,44,52,71,99,39,46,72,87,5,18,79,80,100
[ 64] Received message from  51: 1|0,38,89,1,20,54,78,23,32,33,7,42,44,52,70,91,13,47,53,59,98,48,88,4,9,51,3,11,16,27,64
[ 57] Received message from  82: 1|0,38,89,1,20,54,78,23,32,33,7,42,44,52,70,91,13,47,53,59,98,48,88,27,35,82,83,94,26,37,57,58,68
[ 59] Received message from  52: 1|0,38,89,1,20,54,78,23,32,33,7,42,44,52,70,91,4,13,47,48,51,59,98
[ 27] Sent Broadcast: 1|0,38,89,1,20,54,78,23,32,33,7,42,44,52,70,91,13,47,53,59,98,48,88,27,35,82,83,94,11,51,64,67,92
[ 30] Received message from  83: 1|0,38,89,1,20,54,78,23,32,33,7,42,44,52,70,91,13,47,53,59,98,48,88,27,35,82,83,94,12,25,30,60,64
[ 62] Received message from   9: 1|0,38,89,1,20,54,78,23,32,33,7,42,44,52,70,91,13,47,53,59,98,48,88,4,9,51,3,11,16,28,31,62,63,75,86,95
[ 21] Received message from  36: 1|0,38,89,1,20,54,78,23,32,33,7,42,44,52,70,91,13,47,53,59,98,48,88,4,9,51,3,11,16,22,28,63,75,86,95,14,24,65,81,36,43,50,66,96,19,21,67,92
[  4] Received message from  95: 1|0,38,89,1,20,54,78,23,32,33,6,22,41,44,52,71,99,39,46,72,87,31,34,63,75,9,28,62,86,95,96,3,4,11,16,65,81
[ 87] Received message from  71: 1|0,38,89,1,20,54,78,23,32,33,6,22,41,44,52,71,99,39,46,72,87
[ 67] Received message from  30: 1|0,38,89,1,20,54,78,23,32,33,7,42,44,52,70,91,13,47,53,59,98,37,68,26,35,82,94,58,17,25,29,45,49,55,57,60,74,85,12,30,19,67,83,92,97
[ 36] Received message from  24: 1|0,38,89,1,20,54,78,23,32,33,7,42,44,52,70,91,13,47,53,59,98,48,88,4,9,51,3,11,16,22,28,63,75,86,95,14,24,65,81,19,21,36,43,50,66,67,92
[ 96] Received message from  62: 1|0,38,89,1,20,54,78,23,32,33,7,42,44,52,70,91,13,47,53,59,98,48,88,4,9,51,3,11,16,22,28,63,75,86,95,62,31,34,65,81,96
[ 36] Received message from  19: 1|0,38,89,1,20,54,78,23,32,33,7,42,44,52,70,91,13,47,53,59,98,37,68,26,35,82,94,58,17,25,29,45,49,55,57,60,74,85,12,30,19,67,83,92,97,21,24,36,43
[ 83] Received message from  12: 1|0,38,89,1,20,54,78,23,32,33,7,42,44,52,70,91,13,47,53,59,98,37,68,26,35,82,94,58,17,25,29,45,49,55,57,60,74,85,12,30,19,67,83,92,97
[ 84] Sent Broadcast: 1|0,38,89,1,20,54,78,15,61,76,40,42,73,77,84,10,69,90
[ 21] Received message from  43: 1|0,38,89,1,20,54,78,23,32,33,7,42,44,52,70,91,13,47,53,59,98,48,88,4,9,51,3,11,16,22,28,63,75,86,95,14,24,65,81,36,43,50,66,96,19,21
[ 68] Sent Broadcast: 1|0,38,89,1,20,54,78,23,32,33,7,42,44,52,70,91,13,47,53,59,98,37,68,35,82,93
[ 33] Sent Broadcast: 1|0,38,89,1,20,54,78,23,32,33,6,22,39,41,44,71,99
[ 28] Sent Broadcast: 1|0,38,89,1,20,54,78,23,32,33,6,22,41,44,52,71,99,39,46,72,87,31,34,63,75,9,28,62,86,95,96,3,4,11,16
[ 16] Received message from  63: 1|0,38,89,1,20,54,78,23,32,33,6,22,41,44,52,71,99,39,46,72,87,31,34,63,75,3,4,9,16,28,62,86,95,96
[ 56] Received message from 100: 1|0,38,89,1,20,54,78,23,32,33,6,22,41,44,52,71,99,39,46,72,87,18,79,5,80,100,2,8,56
[ 91] Sent Broadcast: 1|0,38,89,1,20,54,78,23,32,33,7,42,44,52,70,91,13,47,53,59,98
[ 96] Received message from  31: 1|0,38,89,1,20,54,78,23,32,33,6,22,41,44,52,71,99,39,46,72,87,31,34,63,75,9,28,62,86,95,96
[ 51] Sent Broadcast: 1|0,38,89,1,20,54,78,23,32,33,7,42,44,52,70,91,13,47,53,59,98,48,88,4,9,51,3,11,16,27,64
[ 49] Received message from  58: 1|0,38,89,1,20,54,78,23,32,33,7,42,44,52,70,91,13,47,53,59,98,37,68,26,35,82,94,58,17,25,29,45,49,55,57,60,74,85
[ 12] Received message from  92: 1|0,38,89,1,20,54,78,23,32,33,7,42,44,52,70,91,13,47,53,59,98,48,88,27,35,82,83,94,11,51,64,67,92,12,19,21,24,30,36,97
[ 62] Received message from  81: 1|0,38,89,1,20,54,78,23,32,33,7,42,44,52,70,91,13,47,53,59,98,48,88,4,9,51,3,11,16,22,28,63,75,86,95,14,24,65,81,50,62,66,96
[ 83] Received message from  25: 1|0,38,89,1,20,54,78,23,32,33,7,42,44,52,70,91,13,47,53,59,98,37,68,26,35,82,94,58,17,25,29,45,49,55,57,60,74,85,12,30,83,97
[ 95] Received message from  11: 1|0,38,89,1,20,54,78,23,32,33,7,42,44,52,70,91,13,47,53,59,98,48,88,27,35,82,83,94,11,51,64,67,92,3,4,9,16,28,95
[ 96] Received message from  14: 1|0,38,89,1,20,54,78,23,32,33,7,42,44,52,70,91,13,47,53,59,98,48,88,4,9,51,3,11,16,22,28,63,75,86,95,14,24,65,81,36,43,50,66,96
[ 98] Received message from  70: 1|0,38,89,1,20,54,78,23,32,33,7,42,44,52,70,91,13,47,48,51,59,98
[ 88] Received message from  59: 1|0,38,89,1,20,54,78,23,32,33,7,42,44,52,70,91,13,47,53,59,98,27,48,51,64,83,88
[ 98] Received message from  52: 1|0,38,89,1,20,54,78,23,32,33,7,42,44,52,70,91,4,13,47,48,51,59,98
[ 17] Received message from  57: 1|0,38,89,1,20,54,78,23,32,33,7,42,44,52,70,91,13,47,53,59,98,48,88,27,35,82,83,94,26,37,57,58,68,17,25,29,45,49,55,60,74,85
[100] Received message from  87: 1|0,38,89,1,20,54,78,23,32,33,6,22,41,44,52,71,99,39,46,72,87,5,18,79,80,100
[ 14] Received message from  96: 1|0,38,89,1,20,54,78,23,32,33,7,42,44,52,70,91,13,47,53,59,98,48,88,4,9,51,3,11,16,22,28,63,75,86,95,62,31,34,65,81,96,14,50,66
[ 11] Received message from  95: 1|0,38,89,1,20,54,78,23,32,33,6,22,41,44,52,71,99,39,46,72,87,31,34,63,75,9,28,62,86,95,96,3,4,11,16,65,81
[ 28] Received message from  63: 1|0,38,89,1,20,54,78,23,32,33,6,22,41,44,52,71,99,39,46,72,87,31,34,63,75,3,4,9,16,28,62,86,95,96
[ 60] Received message from  83: 1|0,38,89,1,20,54,78,23,32,33,7,42,44,52,70,91,13,47,53,59,98,48,88,27,35,82,83,94,12,25,30,60,64
[ 16] Received message from  75: 1|0,38,89,1,20,54,78,23,32,33,6,22,41,44,52,71,99,39,46,72,87,31,34,63,75,3,4,9,16,28,62,86,95,96
[ 75] Received message from   4: 1|0,38,89,1,20,54,78,23,32,33,7,42,44,52,70,91,13,47,53,59,98,48,88,4,9,51,3,11,16,22,28,63,75,86,95
[ 45] Received message from  94: 1|0,38,89,1,20,54,78,23,32,33,7,42,44,52,70,91,13,47,53,59,98,37,68,26,35,82,94,25,45,57,58,60,83,88
[ 71] Sent Broadcast: 1|0,38,89,1,20,54,78,23,32,33,6,22,41,44,52,71,99,39,46,72,87
[100] Sent Broadcast: 1|0,38,89,1,20,54,78,23,32,33,6,22,41,44,52,71,99,39,46,72,87,18,79,5,80,100,2,8,56
[ 31] Sent Broadcast: 1|0,38,89,1,20,54,78,23,32,33,6,22,41,44,52,71,99,39,46,72,87,31,34,63,75,9,28,62,86,95,96
[ 87] Sent Broadcast: 1|0,38,89,1,20,54,78,23,32,33,6,22,41,44,52,71,99,39,46,72,87,5,18,79,80,100
[ 62] Sent Broadcast: 1|0,38,89,1,20,54,78,23,32,33,7,42,44,52,70,91,13,47,53,59,98,48,88,4,9,51,3,11,16,22,28,63,75,86,95,62,31,34,65,81,96
[ 43] Sent Broadcast: 1|0,38,89,1,20,54,78,23,32,33,7,42,44,52,70,91,13,47,53,59,98,48,88,4,9,51,3,11,16,22,28,63,75,86,95,14,24,65,81,36,43,50,66,96,19,21
[ 58] Received message from  82: 1|0,38,89,1,20,54,78,23,32,33,7,42,44,52,70,91,13,47,53,59,98,48,88,27,35,82,83,94,26,37,57,58,68
[ 14] Sent Broadcast: 1|0,38,89,1,20,54,78,23,32,33,7,42,44,52,70,91,13,47,53,59,98,48,88,4,9,51,3,11,16,22,28,63,75,86,95,14,24,65,81,36,43,50,66,96
[ 70] Sent Broadcast: 1|0,38,89,1,20,54,78,23,32,33,7,42,44,52,70,91,13,47,48,51,59,98
[ 11] Sent Broadcast: 1|0,38,89,1,20,54,78,23,32,33,7,42,44,52,70,91,13,47,53,59,98,48,88,27,35,82,83,94,11,51,64,67,92,3,4,9,16,28,95
[ 55] Received message from  58: 1|0,38,89,1,20,54,78,23,32,33,7,42,44,52,70,91,13,47,53,59,98,37,68,26,35,82,94,58,17,25,29,45,49,55,57,60,74,85
[ 25] Received message from  57: 1|0,38,89,1,20,54,78,23,32,33,7,42,44,52,70,91,13,47,53,59,98,48,88,27,35,82,83,94,26,37,57,58,68,17,25,29,45,49,55,60,74,85
[ 16] Received message from  86: 1|0,38,89,1,20,54,78,23,32,33,6,22,41,44,52,71,99,39,46,72,87,31,34,63,75,9,28,62,86,95,96,3,4,16,65,81
[ 87] Received message from  99: 1|0,38,89,1,20,54,78,23,32,33,6,22,41,44,52,71,99,39,46,72,87
[ 27] Received message from  67: 1|0,38,89,1,20,54,78,23,32,33,7,42,44,52,70,91,13,47,53,59,98,37,68,26,35,82,94,58,17,25,29,45,49,55,57,60,74,85,12,30,19,67,83,92,97,21,24,27,36,64
[ 12] Received message from  49: 1|0,38,89,1,20,54,78,23,32,33,7,42,44,52,70,91,13,47,53,59,98,37,68,26,35,82,94,58,17,25,29,45,49,55,57,60,74,85,12,30,97
[ 17] Received message from  60: 1|0,38,89,1,20,54,78,23,32,33,7,42,44,52,70,91,13,47,53,59,98,48,88,27,35,82,83,94,12,25,30,60,64,17,29,45,49,55,57,58,74,97
[ 83] Received message from  30: 1|0,38,89,1,20,54,78,23,32,33,7,42,44,52,70,91,13,47,53,59,98,37,68,26,35,82,94,58,17,25,29,45,49,55,57,60,74,85,12,30,19,67,83,92,97
[ 59] Sent Broadcast: 1|0,38,89,1,20,54,78,23,32,33,7,42,44,52,70,91,13,47,53,59,98,27,48,51,64,83,88
[ 67] Received message from  36: 1|0,38,89,1,20,54,78,23,32,33,7,42,44,52,70,91,13,47,53,59,98,48,88,4,9,51,3,11,16,22,28,63,75,86,95,14,24,65,81,36,43,50,66,96,19,21,67,92
[ 66] Received message from  65: 1|0,38,89,1,20,54,78,23,32,33,7,42,44,52,70,91,13,47,53,59,98,48,88,4,9,51,3,11,16,22,28,63,75,86,95,62,31,34,65,81,96,14,24,50,66
[ 19] Received message from  92: 1|0,38,89,1,20,54,78,23,32,33,7,42,44,52,70,91,13,47,53,59,98,48,88,27,35,82,83,94,11,51,64,67,92,12,19,21,24,30,36,97
[ 43] Received message from  24: 1|0,38,89,1,20,54,78,23,32,33,7,42,44,52,70,91,13,47,53,59,98,48,88,4,9,51,3,11,16,22,28,63,75,86,95,14,24,65,81,19,21,36,43,50,66,67,92
[ 66] Received message from  81: 1|0,38,89,1,20,54,78,23,32,33,7,42,44,52,70,91,13,47,53,59,98,48,88,4,9,51,3,11,16,22,28,63,75,86,95,14,24,65,81,50,62,66,96
[ 65] Sent Broadcast: 1|0,38,89,1,20,54,78,23,32,33,7,42,44,52,70,91,13,47,53,59,98,48,88,4,9,51,3,11,16,22,28,63,75,86,95,62,31,34,65,81,96,14,24,50,66
[ 64] Received message from  83: 1|0,38,89,1,20,54,78,23,32,33,7,42,44,52,70,91,13,47,53,59,98,48,88,27,35,82,83,94,12,25,30,60,64
[ 52] Sent Broadcast: 1|0,38,89,1,20,54,78,23,32,33,7,42,44,52,70,91,4,13,47,48,51,59,98
[ 68] Received message from  82: 1|0,38,89,1,20,54,78,23,32,33,7,42,44,52,70,91,13,47,53,59,98,48,88,27,35,82,83,94,26,37,57,58,68
[ 99] Sent Broadcast: 1|0,38,89,1,20,54,78,23,32,33,6,22,41,44,52,71,99,39,46,72,87
[ 63] Received message from   9: 1|0,38,89,1,20,54,78,23,32,33,7,42,44,52,70,91,13,47,53,59,98,48,88,4,9,51,3,11,16,28,31,62,63,75,86,95
[ 83] Sent Broadcast: 1|0,38,89,1,20,54,78,23,32,33,7,42,44,52,70,91,13,47,53,59,98,48,88,27,35,82,83,94,12,25,30,60,64
[ 28] Received message from  75: 1|0,38,89,1,20,54,78,23,32,33,6,22,41,44,52,71,99,39,46,72,87,31,34,63,75,3,4,9,16,28,62,86,95,96
[ 16] Received message from  95: 1|0,38,89,1,20,54,78,23,32,33,6,22,41,44,52,71,99,39,46,72,87,31,34,63,75,9,28,62,86,95,96,3,4,11,16,65,81
[ 43] Received message from  19: 1|0,38,89,1,20,54,78,23,32,33,7,42,44,52,70,91,13,47,53,59,98,37,68,26,35,82,94,58,17,25,29,45,49,55,57,60,74,85,12,30,19,67,83,92,97,21,24,36,43
[ 62] Received message from  63: 1|0,38,89,1,20,54,78,23,32,33,6,22,41,44,52,71,99,39,46,72,87,31,34,63,75,3,4,9,16,28,62,86,95,96
[ 50] Received message from  96: 1|0,38,89,1,20,54,78,23,32,33,7,42,44,52,70,91,13,47,53,59,98,48,88,4,9,51,3,11,16,22,28,63,75,86,95,62,31,34,65,81,96,14,50,66
[ 75] Received message from   9: 1|0,38,89,1,20,54,78,23,32,33,7,42,44,52,70,91,13,47,53,59,98,48,88,4,9,51,3,11,16,28,31,62,63,75,86,95
[ 21] Received message from  92: 1|0,38,89,1,20,54,78,23,32,33,7,42,44,52,70,91,13,47,53,59,98,48,88,27,35,82,83,94,11,51,64,67,92,12,19,21,24,30,36,97
[ 82] Sent Broadcast: 1|0,38,89,1,20,54,78,23,32,33,7,42,44,52,70,91,13,47,53,59,98,48,88,27,35,82,83,94,26,37,57,58,68
[ 97] Received message from  25: 1|0,38,89,1,20,54,78,23,32,33,7,42,44,52,70,91,13,47,53,59,98,37,68,26,35,82,94,58,17,25,29,45,49,55,57,60,74,85,12,30,83,97
[ 19] Sent Broadcast: 1|0,38,89,1,20,54,78,23,32,33,7,42,44,52,70,91,13,47,53,59,98,37,68,26,35,82,94,58,17,25,29,45,49,55,57,60,74,85,12,30,19,67,83,92,97,21,24,36,43
[ 62] Received message from  75: 1|0,38,89,1,20,54,78,23,32,33,6,22,41,44,52,71,99,39,46,72,87,31,34,63,75,3,4,9,16,28,62,86,95,96
[ 92] Received message from  12: 1|0,38,89,1,20,54,78,23,32,33,7,42,44,52,70,91,13,47,53,59,98,37,68,26,35,82,94,58,17,25,29,45,49,55,57,60,74,85,12,30,19,67,83,92,97
[ 25] Sent Broadcast: 1|0,38,89,1,20,54,78,23,32,33,7,42,44,52,70,91,13,47,53,59,98,37,68,26,35,82,94,58,17,25,29,45,49,55,57,60,74,85,12,30,83,97
[ 36] Received message from  67: 1|0,38,89,1,20,54,78,23,32,33,7,42,44,52,70,91,13,47,53,59,98,37,68,26,35,82,94,58,17,25,29,45,49,55,57,60,74,85,12,30,19,67,83,92,97,21,24,27,36,64
[ 29] Received message from  57: 1|0,38,89,1,20,54,78,23,32,33,7,42,44,52,70,91,13,47,53,59,98,48,88,27,35,82,83,94,26,37,57,58,68,17,25,29,45,49,55,60,74,85
[ 66] Received message from  96: 1|0,38,89,1,20,54,78,23,32,33,7,42,44,52,70,91,13,47,53,59,98,48,88,4,9,51,3,11,16,22,28,63,75,86,95,62,31,34,65,81,96,14,50,66
[ 30] Received message from  49: 1|0,38,89,1,20,54,78,23,32,33,7,42,44,52,70,91,13,47,53,59,98,37,68,26,35,82,94,58,17,25,29,45,49,55,57,60,74,85,12,30,97
[ 65] Received message from  86: 1|0,38,89,1,20,54,78,23,32,33,6,22,41,44,52,71,99,39,46,72,87,31,34,63,75,9,28,62,86,95,96,3,4,16,65,81
[ 50] Received message from  24: 1|0,38,89,1,20,54,78,23,32,33,7,42,44,52,70,91,13,47,53,59,98,48,88,4,9,51,3,11,16,22,28,63,75,86,95,14,24,65,81,19,21,36,43,50,66,67,92
[ 96] Received message from  81: 1|0,38,89,1,20,54,78,23,32,33,7,42,44,52,70,91,13,47,53,59,98,48,88,4,9,51,3,11,16,22,28,63,75,86,95,14,24,65,81,50,62,66,96
[ 86] Received message from   4: 1|0,38,89,1,20,54,78,23,32,33,7,42,44,52,70,91,13,47,53,59,98,48,88,4,9,51,3,11,16,22,28,63,75,86,95
[ 24] Received message from  92: 1|0,38,89,1,20,54,78,23,32,33,7,42,44,52,70,91,13,47,53,59,98,48,88,27,35,82,83,94,11,51,64,67,92,12,19,21,24,30,36,97
[ 29] Received message from  60: 1|0,38,89,1,20,54,78,23,32,33,7,42,44,52,70,91,13,47,53,59,98,48,88,27,35,82,83,94,12,25,30,60,64,17,29,45,49,55,57,58,74,97
[ 97] Received message from  12: 1|0,38,89,1,20,54,78,23,32,33,7,42,44,52,70,91,13,47,53,59,98,37,68,26,35,82,94,58,17,25,29,45,49,55,57,60,74,85,12,30,19,67,83,92,97
[ 65] Received message from  95: 1|0,38,89,1,20,54,78,23,32,33,6,22,41,44,52,71,99,39,46,72,87,31,34,63,75,9,28,62,86,95,96,3,4,11,16,65,81
[ 96] Sent Broadcast: 1|0,38,89,1,20,54,78,23,32,33,7,42,44,52,70,91,13,47,53,59,98,48,88,4,9,51,3,11,16,22,28,63,75,86,95,62,31,34,65,81,96,14,50,66
[ 81] Sent Broadcast: 1|0,38,89,1,20,54,78,23,32,33,7,42,44,52,70,91,13,47,53,59,98,48,88,4,9,51,3,11,16,22,28,63,75,86,95,14,24,65,81,50,62,66,96
[ 45] Received message from  57: 1|0,38,89,1,20,54,78,23,32,33,7,42,44,52,70,91,13,47,53,59,98,48,88,27,35,82,83,94,26,37,57,58,68,17,25,29,45,49,55,60,74,85
[ 86] Received message from   9: 1|0,38,89,1,20,54,78,23,32,33,7,42,44,52,70,91,13,47,53,59,98,48,88,4,9,51,3,11,16,28,31,62,63,75,86,95
[ 64] Received message from  67: 1|0,38,89,1,20,54,78,23,32,33,7,42,44,52,70,91,13,47,53,59,98,37,68,26,35,82,94,58,17,25,29,45,49,55,57,60,74,85,12,30,19,67,83,92,97,21,24,27,36,64
[ 19] Received message from  97: 1|0,38,89,1,20,54,78,23,32,33,7,42,44,52,70,91,13,47,53,59,98,37,68,26,35,82,94,58,17,25,29,45,49,55,57,60,74,85,12,30,83,97,19,21,67,92
[ 81] Received message from  86: 1|0,38,89,1,20,54,78,23,32,33,6,22,41,44,52,71,99,39,46,72,87,31,34,63,75,9,28,62,86,95,96,3,4,16,65,81
[ 66] Received message from  24: 1|0,38,89,1,20,54,78,23,32,33,7,42,44,52,70,91,13,47,53,59,98,48,88,4,9,51,3,11,16,22,28,63,75,86,95,14,24,65,81,19,21,36,43,50,66,67,92
[ 95] Received message from   4: 1|0,38,89,1,20,54,78,23,32,33,7,42,44,52,70,91,13,47,53,59,98,48,88,4,9,51,3,11,16,22,28,63,75,86,95
[ 92] Received message from  30: 1|0,38,89,1,20,54,78,23,32,33,7,42,44,52,70,91,13,47,53,59,98,37,68,26,35,82,94,58,17,25,29,45,49,55,57,60,74,85,12,30,19,67,83,92,97
[ 57] Received message from  94: 1|0,38,89,1,20,54,78,23,32,33,7,42,44,52,70,91,13,47,53,59,98,37,68,26,35,82,94,25,45,57,58,60,83,88
[ 12] Sent Broadcast: 1|0,38,89,1,20,54,78,23,32,33,7,42,44,52,70,91,13,47,53,59,98,37,68,26,35,82,94,58,17,25,29,45,49,55,57,60,74,85,12,30,19,67,83,92,97
[ 81] Received message from  95: 1|0,38,89,1,20,54,78,23,32,33,6,22,41,44,52,71,99,39,46,72,87,31,34,63,75,9,28,62,86,95,96,3,4,11,16,65,81
[ 86] Received message from  63: 1|0,38,89,1,20,54,78,23,32,33,6,22,41,44,52,71,99,39,46,72,87,31,34,63,75,3,4,9,16,28,62,86,95,96
[ 67] Sent Broadcast: 1|0,38,89,1,20,54,78,23,32,33,7,42,44,52,70,91,13,47,53,59,98,37,68,26,35,82,94,58,17,25,29,45,49,55,57,60,74,85,12,30,19,67,83,92,97,21,24,27,36,64
[ 86] Sent Broadcast: 1|0,38,89,1,20,54,78,23,32,33,6,22,41,44,52,71,99,39,46,72,87,31,34,63,75,9,28,62,86,95,96,3,4,16,65,81
[ 95] Sent Broadcast: 1|0,38,89,1,20,54,78,23,32,33,6,22,41,44,52,71,99,39,46,72,87,31,34,63,75,9,28,62,86,95,96,3,4,11,16,65,81
[  4] Sent Broadcast: 1|0,38,89,1,20,54,78,23,32,33,7,42,44,52,70,91,13,47,53,59,98,48,88,4,9,51,3,11,16,22,28,63,75,86,95
[ 92] Received message from  36: 1|0,38,89,1,20,54,78,23,32,33,7,42,44,52,70,91,13,47,53,59,98,48,88,4,9,51,3,11,16,22,28,63,75,86,95,14,24,65,81,36,43,50,66,96,19,21,67,92
[ 95] Received message from   9: 1|0,38,89,1,20,54,78,23,32,33,7,42,44,52,70,91,13,47,53,59,98,48,88,4,9,51,3,11,16,28,31,62,63,75,86,95
[ 45] Received message from  60: 1|0,38,89,1,20,54,78,23,32,33,7,42,44,52,70,91,13,47,53,59,98,48,88,27,35,82,83,94,12,25,30,60,64,17,29,45,49,55,57,58,74,97
[ 36] Sent Broadcast: 1|0,38,89,1,20,54,78,23,32,33,7,42,44,52,70,91,13,47,53,59,98,48,88,4,9,51,3,11,16,22,28,63,75,86,95,14,24,65,81,36,43,50,66,96,19,21,67,92
[  9] Sent Broadcast: 1|0,38,89,1,20,54,78,23,32,33,7,42,44,52,70,91,13,47,53,59,98,48,88,4,9,51,3,11,16,28,31,62,63,75,86,95
[ 86] Received message from  75: 1|0,38,89,1,20,54,78,23,32,33,6,22,41,44,52,71,99,39,46,72,87,31,34,63,75,3,4,9,16,28,62,86,95,96
[ 97] Received message from  49: 1|0,38,89,1,20,54,78,23,32,33,7,42,44,52,70,91,13,47,53,59,98,37,68,26,35,82,94,58,17,25,29,45,49,55,57,60,74,85,12,30,97
[ 30] Received message from  92: 1|0,38,89,1,20,54,78,23,32,33,7,42,44,52,70,91,13,47,53,59,98,48,88,27,35,82,83,94,11,51,64,67,92,12,19,21,24,30,36,97
[ 57] Received message from  58: 1|0,38,89,1,20,54,78,23,32,33,7,42,44,52,70,91,13,47,53,59,98,37,68,26,35,82,94,58,17,25,29,45,49,55,57,60,74,85
[ 49] Received message from  57: 1|0,38,89,1,20,54,78,23,32,33,7,42,44,52,70,91,13,47,53,59,98,48,88,27,35,82,83,94,26,37,57,58,68,17,25,29,45,49,55,60,74,85
[ 95] Received message from  63: 1|0,38,89,1,20,54,78,23,32,33,6,22,41,44,52,71,99,39,46,72,87,31,34,63,75,3,4,9,16,28,62,86,95,96
[ 97] Received message from  30: 1|0,38,89,1,20,54,78,23,32,33,7,42,44,52,70,91,13,47,53,59,98,37,68,26,35,82,94,58,17,25,29,45,49,55,57,60,74,85,12,30,19,67,83,92,97
[ 21] Received message from  97: 1|0,38,89,1,20,54,78,23,32,33,7,42,44,52,70,91,13,47,53,59,98,37,68,26,35,82,94,58,17,25,29,45,49,55,57,60,74,85,12,30,83,97,19,21,67,92
[ 49] Received message from  60: 1|0,38,89,1,20,54,78,23,32,33,7,42,44,52,70,91,13,47,53,59,98,48,88,27,35,82,83,94,12,25,30,60,64,17,29,45,49,55,57,58,74,97
[ 49] Sent Broadcast: 1|0,38,89,1,20,54,78,23,32,33,7,42,44,52,70,91,13,47,53,59,98,37,68,26,35,82,94,58,17,25,29,45,49,55,57,60,74,85,12,30,97
[ 30] Sent Broadcast: 1|0,38,89,1,20,54,78,23,32,33,7,42,44,52,70,91,13,47,53,59,98,37,68,26,35,82,94,58,17,25,29,45,49,55,57,60,74,85,12,30,19,67,83,92,97
[ 67] Received message from  24: 1|0,38,89,1,20,54,78,23,32,33,7,42,44,52,70,91,13,47,53,59,98,48,88,4,9,51,3,11,16,22,28,63,75,86,95,14,24,65,81,19,21,36,43,50,66,67,92
[ 36] Received message from  92: 1|0,38,89,1,20,54,78,23,32,33,7,42,44,52,70,91,13,47,53,59,98,48,88,27,35,82,83,94,11,51,64,67,92,12,19,21,24,30,36,97
[ 58] Received message from  94: 1|0,38,89,1,20,54,78,23,32,33,7,42,44,52,70,91,13,47,53,59,98,37,68,26,35,82,94,25,45,57,58,60,83,88
[ 67] Received message from  97: 1|0,38,89,1,20,54,78,23,32,33,7,42,44,52,70,91,13,47,53,59,98,37,68,26,35,82,94,58,17,25,29,45,49,55,57,60,74,85,12,30,83,97,19,21,67,92
[ 95] Received message from  75: 1|0,38,89,1,20,54,78,23,32,33,6,22,41,44,52,71,99,39,46,72,87,31,34,63,75,3,4,9,16,28,62,86,95,96
[ 55] Received message from  57: 1|0,38,89,1,20,54,78,23,32,33,7,42,44,52,70,91,13,47,53,59,98,48,88,27,35,82,83,94,26,37,57,58,68,17,25,29,45,49,55,60,74,85
[ 96] Received message from  63: 1|0,38,89,1,20,54,78,23,32,33,6,22,41,44,52,71,99,39,46,72,87,31,34,63,75,3,4,9,16,28,62,86,95,96
[ 63] Sent Broadcast: 1|0,38,89,1,20,54,78,23,32,33,6,22,41,44,52,71,99,39,46,72,87,31,34,63,75,3,4,9,16,28,62,86,95,96
[ 55] Received message from  60: 1|0,38,89,1,20,54,78,23,32,33,7,42,44,52,70,91,13,47,53,59,98,48,88,27,35,82,83,94,12,25,30,60,64,17,29,45,49,55,57,58,74,97
[ 92] Received message from  24: 1|0,38,89,1,20,54,78,23,32,33,7,42,44,52,70,91,13,47,53,59,98,48,88,4,9,51,3,11,16,22,28,63,75,86,95,14,24,65,81,19,21,36,43,50,66,67,92
[ 96] Received message from  75: 1|0,38,89,1,20,54,78,23,32,33,6,22,41,44,52,71,99,39,46,72,87,31,34,63,75,3,4,9,16,28,62,86,95,96
[ 75] Sent Broadcast: 1|0,38,89,1,20,54,78,23,32,33,6,22,41,44,52,71,99,39,46,72,87,31,34,63,75,3,4,9,16,28,62,86,95,96
[ 24] Sent Broadcast: 1|0,38,89,1,20,54,78,23,32,33,7,42,44,52,70,91,13,47,53,59,98,48,88,4,9,51,3,11,16,22,28,63,75,86,95,14,24,65,81,19,21,36,43,50,66,67,92
[ 57] Received message from  60: 1|0,38,89,1,20,54,78,23,32,33,7,42,44,52,70,91,13,47,53,59,98,48,88,27,35,82,83,94,12,25,30,60,64,17,29,45,49,55,57,58,74,97
[ 60] Received message from  58: 1|0,38,89,1,20,54,78,23,32,33,7,42,44,52,70,91,13,47,53,59,98,37,68,26,35,82,94,58,17,25,29,45,49,55,57,60,74,85
[ 92] Received message from  97: 1|0,38,89,1,20,54,78,23,32,33,7,42,44,52,70,91,13,47,53,59,98,37,68,26,35,82,94,58,17,25,29,45,49,55,57,60,74,85,12,30,83,97,19,21,67,92
[ 97] Received message from  92: 1|0,38,89,1,20,54,78,23,32,33,7,42,44,52,70,91,13,47,53,59,98,48,88,27,35,82,83,94,11,51,64,67,92,12,19,21,24,30,36,97
[ 92] Sent Broadcast: 1|0,38,89,1,20,54,78,23,32,33,7,42,44,52,70,91,13,47,53,59,98,48,88,27,35,82,83,94,11,51,64,67,92,12,19,21,24,30,36,97
[ 97] Sent Broadcast: 1|0,38,89,1,20,54,78,23,32,33,7,42,44,52,70,91,13,47,53,59,98,37,68,26,35,82,94,58,17,25,29,45,49,55,57,60,74,85,12,30,83,97,19,21,67,92
[ 60] Received message from  94: 1|0,38,89,1,20,54,78,23,32,33,7,42,44,52,70,91,13,47,53,59,98,37,68,26,35,82,94,25,45,57,58,60,83,88
[ 74] Received message from  58: 1|0,38,89,1,20,54,78,23,32,33,7,42,44,52,70,91,13,47,53,59,98,37,68,26,35,82,94,58,17,25,29,45,49,55,57,60,74,85
[ 58] Received message from  60: 1|0,38,89,1,20,54,78,23,32,33,7,42,44,52,70,91,13,47,53,59,98,48,88,27,35,82,83,94,12,25,30,60,64,17,29,45,49,55,57,58,74,97
[ 60] Received message from  57: 1|0,38,89,1,20,54,78,23,32,33,7,42,44,52,70,91,13,47,53,59,98,48,88,27,35,82,83,94,26,37,57,58,68,17,25,29,45,49,55,60,74,85
[ 83] Received message from  94: 1|0,38,89,1,20,54,78,23,32,33,7,42,44,52,70,91,13,47,53,59,98,37,68,26,35,82,94,25,45,57,58,60,83,88
[ 74] Received message from  60: 1|0,38,89,1,20,54,78,23,32,33,7,42,44,52,70,91,13,47,53,59,98,48,88,27,35,82,83,94,12,25,30,60,64,17,29,45,49,55,57,58,74,97
[ 74] Received message from  57: 1|0,38,89,1,20,54,78,23,32,33,7,42,44,52,70,91,13,47,53,59,98,48,88,27,35,82,83,94,26,37,57,58,68,17,25,29,45,49,55,60,74,85
[ 85] Received message from  58: 1|0,38,89,1,20,54,78,23,32,33,7,42,44,52,70,91,13,47,53,59,98,37,68,26,35,82,94,58,17,25,29,45,49,55,57,60,74,85
[ 88] Received message from  94: 1|0,38,89,1,20,54,78,23,32,33,7,42,44,52,70,91,13,47,53,59,98,37,68,26,35,82,94,25,45,57,58,60,83,88
[ 12] Received message from  74: 1|0,38,89,1,20,54,78,23,32,33,7,42,44,52,70,91,13,47,53,59,98,37,68,26,35,82,94,58,17,25,29,45,49,55,57,60,74,85,12,30
[ 94] Sent Broadcast: 1|0,38,89,1,20,54,78,23,32,33,7,42,44,52,70,91,13,47,53,59,98,37,68,26,35,82,94,25,45,57,58,60,83,88
[ 58] Sent Broadcast: 1|0,38,89,1,20,54,78,23,32,33,7,42,44,52,70,91,13,47,53,59,98,37,68,26,35,82,94,58,17,25,29,45,49,55,57,60,74,85
[ 97] Received message from  60: 1|0,38,89,1,20,54,78,23,32,33,7,42,44,52,70,91,13,47,53,59,98,48,88,27,35,82,83,94,12,25,30,60,64,17,29,45,49,55,57,58,74,97
[ 60] Sent Broadcast: 1|0,38,89,1,20,54,78,23,32,33,7,42,44,52,70,91,13,47,53,59,98,48,88,27,35,82,83,94,12,25,30,60,64,17,29,45,49,55,57,58,74,97
[ 30] Received message from  74: 1|0,38,89,1,20,54,78,23,32,33,7,42,44,52,70,91,13,47,53,59,98,37,68,26,35,82,94,58,17,25,29,45,49,55,57,60,74,85,12,30
[ 74] Sent Broadcast: 1|0,38,89,1,20,54,78,23,32,33,7,42,44,52,70,91,13,47,53,59,98,37,68,26,35,82,94,58,17,25,29,45,49,55,57,60,74,85,12,30
[ 85] Received message from  57: 1|0,38,89,1,20,54,78,23,32,33,7,42,44,52,70,91,13,47,53,59,98,48,88,27,35,82,83,94,26,37,57,58,68,17,25,29,45,49,55,60,74,85
[ 57] Sent Broadcast: 1|0,38,89,1,20,54,78,23,32,33,7,42,44,52,70,91,13,47,53,59,98,48,88,27,35,82,83,94,26,37,57,58,68,17,25,29,45,49,55,60,74,85
