[ 38] Received message from   1: 1|0,38,53,66,78,89,97,100
[ 53] Received message from   1: 1|0,38,53,66,78,89,97,100
[ 11] Received message from  38: 1|0,38,53,66,78,89,97,100,1,11,40,42,59,68,73,86,95
[ 66] Received message from   1: 1|0,38,53,66,78,89,97,100
[  8] Received message from  53: 1|0,38,53,66,78,89,97,100,1,8,26,39,45,54
[ 40] Received message from  38: 1|0,38,53,66,78,89,97,100,1,11,40,42,59,68,73,86,95
[ 78] Received message from   1: 1|0,38,53,66,78,89,97,100
[ 42] Received message from  38: 1|0,38,53,66,78,89,97,100,1,11,40,42,59,68,73,86,95
[ 93] Received message from  40: 1|0,38,53,66,78,89,97,100,1,11,40,42,59,68,73,86,95,93
[  9] Received message from  66: 1|0,38,53,66,78,89,97,100,1,9,17,26,52
[ 26] Received message from  53: 1|0,38,53,66,78,89,97,100,1,8,26,39,45,54
[ 13] Received message from  11: 1|0,38,53,66,78,89,97,100,1,11,40,42,59,68,73,86,95,13,67,93
[  4] Received message from   8: 1|0,38,53,66,78,89,97,100,1,8,26,39,45,54,4,15,19,21,25,30,85,94,96
[ 89] Received message from   1: 1|0,38,53,66,78,89,97,100
[ 40] Sent Broadcast: 1|0,38,53,66,78,89,97,100,1,11,40,42,59,68,73,86,95,93
[ 13] Received message from  42: 1|0,38,53,66,78,89,97,100,1,11,40,42,59,68,73,86,95,13,67,93
[ 59] Received message from  38: 1|0,38,53,66,78,89,97,100,1,11,40,42,59,68,73,86,95
[  9] Received message from  78: 1|0,38,53,66,78,89,97,100,1,9,17,41,52
[ 17] Received message from  66: 1|0,38,53,66,78,89,97,100,1,9,17,26,52
[ 67] Received message from  11: 1|0,38,53,66,78,89,97,100,1,11,40,42,59,68,73,86,95,13,67,93
[ 41] Received message from   9: 1|0,38,53,66,78,89,97,100,1,9,17,26,52,41
[ 14] Received message from  93: 1|0,38,53,66,78,89,97,100,1,11,40,42,59,68,73,86,95,93,14
[ 39] Received message from  53: 1|0,38,53,66,78,89,97,100,1,8,26,39,45,54
[ 97] Received message from   1: 1|0,38,53,66,78,89,97,100
[ 19] Received message from  26: 1|0,38,53,66,78,89,97,100,1,8,26,39,45,54,19,85,96
[ 67] Received message from  42: 1|0,38,53,66,78,89,97,100,1,11,40,42,59,68,73,86,95,13,67,93
[ 21] Received message from  89: 1|0,38,53,66,78,89,97,100,1,21,39,54,67,73,74
[ 15] Received message from   8: 1|0,38,53,66,78,89,97,100,1,8,26,39,45,54,4,15,19,21,25,30,85,94,96
[  3] Received message from   4: 1|0,38,53,66,78,89,97,100,1,8,26,39,45,54,4,15,19,21,25,30,85,94,96,3,7,18,32,60,70,81
[ 68] Received message from  38: 1|0,38,53,66,78,89,97,100,1,11,40,42,59,68,73,86,95
[ 13] Received message from  59: 1|0,38,53,66,78,89,97,100,1,11,40,42,59,68,73,86,95,13,67,93
[ 26] Received message from  66: 1|0,38,53,66,78,89,97,100,1,9,17,26,52
[ 23] Received message from  14: 1|0,38,53,66,78,89,97,100,1,11,40,42,59,68,73,86,95,93,14,23,34,47,55
[ 41] Received message from  17: 1|0,38,53,66,78,89,97,100,1,9,17,26,52,41
[ 12] Received message from  13: 1|0,38,53,66,78,89,97,100,1,11,40,42,59,68,73,86,95,13,67,93,12,16,35,51,74,82,84,87
[  9] Sent Broadcast: 1|0,38,53,66,78,89,97,100,1,9,17,26,52,41
[ 93] Sent Broadcast: 1|0,38,53,66,78,89,97,100,1,11,40,42,59,68,73,86,95,93,14
[ 17] Received message from  78: 1|0,38,53,66,78,89,97,100,1,9,17,41,52
[ 45] Received message from  53: 1|0,38,53,66,78,89,97,100,1,8,26,39,45,54
[  3] Received message from  15: 1|0,38,53,66,78,89,97,100,1,8,26,39,45,54,4,15,19,21,25,30,85,94,96,3,18,32,81
[ 19] Received message from   8: 1|0,38,53,66,78,89,97,100,1,8,26,39,45,54,4,15,19,21,25,30,85,94,96
[  4] Received message from  19: 1|0,38,53,66,78,89,97,100,1,8,26,39,45,54,19,85,96,4,7,15,18,25,30,81,94
[  9] Received message from  97: 1|0,38,53,66,78,89,97,100,1,9,17,40,41,52
[ 93] Received message from  11: 1|0,38,53,66,78,89,97,100,1,11,40,42,59,68,73,86,95,13,67,93
[ 17] Sent Broadcast: 1|0,38,53,66,78,89,97,100,1,9,17,26,52,41
[ 12] Received message from  67: 1|0,38,53,66,78,89,97,100,1,11,40,42,59,68,73,86,95,13,67,93,12,21,39,74
[  5] Received message from  21: 1|0,38,53,66,78,89,97,100,1,21,39,54,67,73,74,5,8,10,15,45,57
[ 93] Received message from  42: 1|0,38,53,66,78,89,97,100,1,11,40,42,59,68,73,86,95,13,67,93
[  7] Received message from   4: 1|0,38,53,66,78,89,97,100,1,8,26,39,45,54,4,15,19,21,25,30,85,94,96,3,7,18,32,60,70,81
[ 73] Received message from  38: 1|0,38,53,66,78,89,97,100,1,11,40,42,59,68,73,86,95
[ 34] Received message from  14: 1|0,38,53,66,78,89,97,100,1,11,40,42,59,68,73,86,95,93,14,23,34,47,55
[100] Received message from   1: 1|0,38,53,66,78,89,97,100
[ 22] Received message from  23: 1|0,38,53,66,78,89,97,100,1,11,40,42,59,68,73,86,95,93,14,23,34,47,55,22,62
[  4] Received message from  39: 1|0,38,53,66,78,89,97,100,1,8,26,39,45,54,4,15,19,21,67
[ 39] Received message from  89: 1|0,38,53,66,78,89,97,100,1,21,39,54,67,73,74
[ 18] Received message from  15: 1|0,38,53,66,78,89,97,100,1,8,26,39,45,54,4,15,19,21,25,30,85,94,96,3,18,32,81
[  1] Sent Broadcast: 1|0,38,53,66,78,89,97,100
[ 41] Received message from  78: 1|0,38,53,66,78,89,97,100,1,9,17,41,52
[ 16] Received message from  13: 1|0,38,53,66,78,89,97,100,1,11,40,42,59,68,73,86,95,13,67,93,12,16,35,51,74,82,84,87
[ 67] Received message from  59: 1|0,38,53,66,78,89,97,100,1,11,40,42,59,68,73,86,95,13,67,93
[  7] Received message from  19: 1|0,38,53,66,78,89,97,100,1,8,26,39,45,54,19,85,96,4,7,15,18,25,30,81,94
[ 57] Received message from  12: 1|0,38,53,66,78,89,97,100,1,11,40,42,59,68,73,86,95,13,67,93,12,16,35,51,74,82,84,87,57
[  6] Received message from   3: 1|38,53,66,78,89,97,100,1,8,26,39,45,54,4,15,19,21,25,30,85,94,96,3,7,18,32,60,70,81,6,27,31,33
[ 11] Sent Broadcast: 1|0,38,53,66,78,89,97,100,1,11,40,42,59,68,73,86,95,13,67,93
[ 52] Received message from  66: 1|0,38,53,66,78,89,97,100,1,9,17,26,52
[ 85] Received message from  26: 1|0,38,53,66,78,89,97,100,1,8,26,39,45,54,19,85,96
[ 42] Sent Broadcast: 1|0,38,53,66,78,89,97,100,1,11,40,42,59,68,73,86,95,13,67,93
[ 54] Received message from  53: 1|0,38,53,66,78,89,97,100,1,8,26,39,45,54
[ 93] Received message from  68: 1|0,38,53,66,78,89,97,100,1,11,40,42,59,68,73,86,95,93
[ 66] Sent Broadcast: 1|0,38,53,66,78,89,97,100,1,9,17,26,52
[ 21] Received message from   8: 1|0,38,53,66,78,89,97,100,1,8,26,39,45,54,4,15,19,21,25,30,85,94,96
[  4] Received message from  45: 1|0,38,53,66,78,89,97,100,1,8,26,39,45,54,4,15,19,21,25,30,85,94,96
[ 13] Received message from  73: 1|0,38,53,66,78,89,97,100,1,11,40,42,59,68,73,86,95,13,67
[ 16] Received message from  22: 1|0,38,53,66,78,89,97,100,1,11,40,42,59,68,73,86,95,93,14,23,34,47,55,22,62,16,43,51,65,84,92,99
[ 86] Received message from  38: 1|0,38,53,66,78,89,97,100,1,11,40,42,59,68,73,86,95
[ 52] Received message from  78: 1|0,38,53,66,78,89,97,100,1,9,17,41,52
[ 62] Received message from  23: 1|0,38,53,66,78,89,97,100,1,11,40,42,59,68,73,86,95,93,14,23,34,47,55,22,62
[ 47] Received message from  14: 1|0,38,53,66,78,89,97,100,1,11,40,42,59,68,73,86,95,93,14,23,34,47,55
[  5] Received message from  57: 1|0,38,53,66,78,89,97,100,1,11,40,42,59,68,73,86,95,13,67,93,12,16,35,51,74,82,84,87,57,5,10,21,44,60
[ 54] Received message from  89: 1|0,38,53,66,78,89,97,100,1,21,39,54,67,73,74
[  8] Received message from  21: 1|0,38,53,66,78,89,97,100,1,21,39,54,67,73,74,5,8,10,15,45,57
[ 17] Received message from  97: 1|0,38,53,66,78,89,97,100,1,9,17,40,41,52
[ 16] Received message from  34: 1|0,38,53,66,78,89,97,100,1,11,40,42,59,68,73,86,95,93,14,23,34,47,55,16,22,43,51,62,65,84
[  6] Received message from  18: 1|0,38,53,66,78,89,97,100,1,8,26,39,45,54,4,15,19,21,25,30,85,94,96,3,18,32,81,6,7,27,31,60,70
[ 21] Received message from  67: 1|0,38,53,66,78,89,97,100,1,11,40,42,59,68,73,86,95,13,67,93,12,21,39,74
[ 25] Received message from   8: 1|0,38,53,66,78,89,97,100,1,8,26,39,45,54,4,15,19,21,25,30,85,94,96
[ 22] Received message from  16: 1|0,38,53,66,78,89,97,100,1,11,40,42,59,68,73,86,95,13,67,93,12,16,35,51,74,82,84,87,22,34,43,65,76,80,92,99
[ 12] Sent Broadcast: 1|0,38,53,66,78,89,97,100,1,11,40,42,59,68,73,86,95,13,67,93,12,16,35,51,74,82,84,87,57
[ 68] Sent Broadcast: 1|0,38,53,66,78,89,97,100,1,11,40,42,59,68,73,86,95,93
[ 53] Sent Broadcast: 1|0,38,53,66,78,89,97,100,1,8,26,39,45,54
[ 78] Sent Broadcast: 1|0,38,53,66,78,89,97,100,1,9,17,41,52
[  4] Received message from  54: 1|0,38,53,66,78,89,97,100,1,8,26,39,45,54,4,15,19,21,30
[ 23] Sent Broadcast: 1|0,38,53,66,78,89,97,100,1,11,40,42,59,68,73,86,95,93,14,23,34,47,55,22,62
[ 44] Received message from   5: 1|0,38,53,66,78,89,97,100,1,21,39,54,67,73,74,5,8,10,15,45,57,44,60,63,82,90
[ 41] Received message from  52: 1|0,38,53,66,78,89,97,100,1,9,17,26,52,41
[ 15] Received message from  19: 1|0,38,53,66,78,89,97,100,1,8,26,39,45,54,19,85,96,4,7,15,18,25,30,81,94
[ 28] Received message from   6: 1|38,53,66,78,89,97,100,1,8,26,39,45,54,4,15,19,21,25,30,85,94,96,3,7,18,32,60,70,81,6,27,31,33,28,77,91
[ 15] Received message from  39: 1|0,38,53,66,78,89,97,100,1,8,26,39,45,54,4,15,19,21,67
[ 22] Received message from  47: 1|0,38,53,66,78,89,97,100,1,11,40,42,59,68,73,86,95,93,14,23,34,47,55,22,43,62,65
[ 18] Received message from   4: 1|0,38,53,66,78,89,97,100,1,8,26,39,45,54,4,15,19,21,25,30,85,94,96,3,7,18,32,60,70,81
[ 67] Received message from  73: 1|0,38,53,66,78,89,97,100,1,11,40,42,59,68,73,86,95,13,67
[ 32] Received message from  15: 1|0,38,53,66,78,89,97,100,1,8,26,39,45,54,4,15,19,21,25,30,85,94,96,3,18,32,81
[ 43] Received message from  22: 1|0,38,53,66,78,89,97,100,1,11,40,42,59,68,73,86,95,93,14,23,34,47,55,22,62,16,43,51,65,84,92,99
[ 93] Received message from  59: 1|0,38,53,66,78,89,97,100,1,11,40,42,59,68,73,86,95,13,67,93
[  8] Received message from 100: 1|0,38,53,66,78,89,97,100,1,8,21,39,45,54,67,73,74
[ 35] Received message from  13: 1|0,38,53,66,78,89,97,100,1,11,40,42,59,68,73,86,95,13,67,93,12,16,35,51,74,82,84,87
[  7] Received message from  25: 1|0,38,53,66,78,89,97,100,1,8,26,39,45,54,4,15,19,21,25,30,85,94,96,7,81
[ 67] Received message from  89: 1|0,38,53,66,78,89,97,100,1,21,39,54,67,73,74
[ 95] Received message from  38: 1|0,38,53,66,78,89,97,100,1,11,40,42,59,68,73,86,95
[ 34] Received message from  16: 1|0,38,53,66,78,89,97,100,1,11,40,42,59,68,73,86,95,13,67,93,12,16,35,51,74,82,84,87,22,34,43,65,76,80,92,99
[ 13] Received message from  86: 1|0,38,53,66,78,89,97,100,1,11,40,42,59,68,73,86,95,13,93
[ 27] Received message from   3: 1|38,53,66,78,89,97,100,1,8,26,39,45,54,4,15,19,21,25,30,85,94,96,3,7,18,32,60,70,81,6,27,31,33
[  4] Received message from  85: 1|0,38,53,66,78,89,97,100,1,8,26,39,45,54,19,85,96,4,7,15,25,81,94
[ 52] Sent Broadcast: 1|0,38,53,66,78,89,97,100,1,9,17,26,52,41
[ 15] Received message from  45: 1|0,38,53,66,78,89,97,100,1,8,26,39,45,54,4,15,19,21,25,30,85,94,96
[ 96] Received message from  26: 1|0,38,53,66,78,89,97,100,1,8,26,39,45,54,19,85,96
[  2] Received message from  44: 1|0,38,53,66,78,89,97,100,1,21,39,54,67,73,74,5,8,10,15,45,57,44,60,63,82,90,2,37,48,72,83
[ 56] Received message from  35: 1|0,38,53,66,78,89,97,100,1,11,40,42,59,68,73,86,95,13,67,93,12,16,35,51,74,82,84,87,56,65,76,80,88,92,99
[ 73] Sent Broadcast: 1|0,38,53,66,78,89,97,100,1,11,40,42,59,68,73,86,95,13,67
[ 59] Sent Broadcast: 1|0,38,53,66,78,89,97,100,1,11,40,42,59,68,73,86,95,13,67,93
[ 60] Received message from   5: 1|0,38,53,66,78,89,97,100,1,21,39,54,67,73,74,5,8,10,15,45,57,44,60,63,82,90
[ 46] Received message from  28: 1|38,53,66,78,89,97,100,1,8,26,39,45,54,4,15,19,21,25,30,85,94,96,3,7,18,32,60,70,81,6,27,31,33,28,77,91,46
[ 49] Received message from  43: 1|0,38,53,66,78,89,97,100,1,11,40,42,59,68,73,86,95,93,14,23,34,47,55,22,62,16,43,51,65,84,92,99,49,56,80,88
[ 22] Received message from  34: 1|0,38,53,66,78,89,97,100,1,11,40,42,59,68,73,86,95,93,14,23,34,47,55,16,22,43,51,62,65,84
[  6] Received message from  32: 1|0,38,53,66,78,89,97,100,1,8,26,39,45,54,4,15,19,21,25,30,85,94,96,3,18,32,81,6,10,27,31,33,60,70
[  4] Received message from  96: 1|0,38,53,66,78,89,97,100,1,8,26,39,45,54,19,85,96,4,7,15,25,30,81,94
[ 51] Received message from  22: 1|0,38,53,66,78,89,97,100,1,11,40,42,59,68,73,86,95,93,14,23,34,47,55,22,62,16,43,51,65,84,92,99
[ 15] Received message from  54: 1|0,38,53,66,78,89,97,100,1,8,26,39,45,54,4,15,19,21,30
[ 28] Received message from  27: 1|38,53,66,78,89,97,100,1,8,26,39,45,54,4,15,19,21,25,30,85,94,96,3,7,18,32,60,70,81,6,27,31,33,28,77,91
[ 40] Received message from  97: 1|0,38,53,66,78,89,97,100,1,9,17,40,41,52
[ 39] Received message from  67: 1|0,38,53,66,78,89,97,100,1,11,40,42,59,68,73,86,95,13,67,93,12,21,39,74
[ 19] Received message from  39: 1|0,38,53,66,78,89,97,100,1,8,26,39,45,54,4,15,19,21,67
[ 32] Received message from   4: 1|0,38,53,66,78,89,97,100,1,8,26,39,45,54,4,15,19,21,25,30,85,94,96,3,7,18,32,60,70,81
[ 21] Received message from 100: 1|0,38,53,66,78,89,97,100,1,8,21,39,45,54,67,73,74
[ 55] Received message from  14: 1|0,38,53,66,78,89,97,100,1,11,40,42,59,68,73,86,95,93,14,23,34,47,55
[ 30] Received message from   8: 1|0,38,53,66,78,89,97,100,1,8,26,39,45,54,4,15,19,21,25,30,85,94,96
[ 73] Received message from  89: 1|0,38,53,66,78,89,97,100,1,21,39,54,67,73,74
[  7] Received message from  18: 1|0,38,53,66,78,89,97,100,1,8,26,39,45,54,4,15,19,21,25,30,85,94,96,3,18,32,81,6,7,27,31,60,70
[ 63] Received message from   5: 1|0,38,53,66,78,89,97,100,1,21,39,54,67,73,74,5,8,10,15,45,57,44,60,63,82,90
[ 10] Received message from  21: 1|0,38,53,66,78,89,97,100,1,21,39,54,67,73,74,5,8,10,15,45,57
[ 29] Received message from   2: 1|0,38,53,66,78,89,97,100,1,21,39,54,67,73,74,5,8,10,15,45,57,44,60,63,82,90,2,37,48,72,83,29,36,58,61,64,71,98
[  7] Received message from  85: 1|0,38,53,66,78,89,97,100,1,8,26,39,45,54,19,85,96,4,7,15,25,81,94
[ 77] Received message from   6: 1|38,53,66,78,89,97,100,1,8,26,39,45,54,4,15,19,21,25,30,85,94,96,3,7,18,32,60,70,81,6,27,31,33,28,77,91
[ 67] Received message from  95: 1|0,38,53,66,78,89,97,100,1,11,40,42,59,68,73,86,95,67,93
[ 19] Received message from  45: 1|0,38,53,66,78,89,97,100,1,8,26,39,45,54,4,15,19,21,25,30,85,94,96
[ 28] Sent Broadcast: 1|38,53,66,78,89,97,100,1,8,26,39,45,54,4,15,19,21,25,30,85,94,96,3,7,18,32,60,70,81,6,27,31,33,28,77,91,46
[ 38] Sent Broadcast: 1|0,38,53,66,78,89,97,100,1,11,40,42,59,68,73,86,95
[ 18] Received message from  19: 1|0,38,53,66,78,89,97,100,1,8,26,39,45,54,19,85,96,4,7,15,18,25,30,81,94
[ 26] Sent Broadcast: 1|0,38,53,66,78,89,97,100,1,8,26,39,45,54,19,85,96
[ 43] Received message from  47: 1|0,38,53,66,78,89,97,100,1,11,40,42,59,68,73,86,95,93,14,23,34,47,55,22,43,62,65
[ 51] Received message from  13: 1|0,38,53,66,78,89,97,100,1,11,40,42,59,68,73,86,95,13,67,93,12,16,35,51,74,82,84,87
[  3] Received message from  60: 1|0,38,53,66,78,89,97,100,1,21,39,54,67,73,74,5,8,10,15,45,57,44,60,63,82,90,3,4,6,18,27,30,31,32,33,70
[ 29] Received message from  56: 1|0,38,53,66,78,89,97,100,1,11,40,42,59,68,73,86,95,13,67,93,12,16,35,51,74,82,84,87,56,65,76,80,88,92,99,29,43,49,50,69
[ 81] Received message from  15: 1|0,38,53,66,78,89,97,100,1,8,26,39,45,54,4,15,19,21,25,30,85,94,96,3,18,32,81
[ 48] Received message from  46: 1|38,53,66,78,89,97,100,1,8,26,39,45,54,4,15,19,21,25,30,85,94,96,3,7,18,32,60,70,81,6,27,31,33,28,77,91,46,48,63,75
[ 10] Received message from  57: 1|0,38,53,66,78,89,97,100,1,11,40,42,59,68,73,86,95,13,67,93,12,16,35,51,74,82,84,87,57,5,10,21,44,60
[ 69] Received message from  49: 1|0,38,53,66,78,89,97,100,1,11,40,42,59,68,73,86,95,93,14,23,34,47,55,22,62,16,43,51,65,84,92,99,49,56,80,88,69
[ 81] Received message from  25: 1|0,38,53,66,78,89,97,100,1,8,26,39,45,54,4,15,19,21,25,30,85,94,96,7,81
[ 15] Sent Broadcast: 1|0,38,53,66,78,89,97,100,1,8,26,39,45,54,4,15,19,21,25,30,85,94,96,3,18,32,81
[ 12] Received message from  51: 1|0,38,53,66,78,89,97,100,1,11,40,42,59,68,73,86,95,93,14,23,34,47,55,22,62,16,43,51,65,84,92,99,12,13,35,76,80,87
[ 31] Received message from   3: 1|38,53,66,78,89,97,100,1,8,26,39,45,54,4,15,19,21,25,30,85,94,96,3,7,18,32,60,70,81,6,27,31,33
[ 49] Sent Broadcast: 1|0,38,53,66,78,89,97,100,1,11,40,42,59,68,73,86,95,93,14,23,34,47,55,22,62,16,43,51,65,84,92,99,49,56,80,88,69
[ 25] Sent Broadcast: 1|0,38,53,66,78,89,97,100,1,8,26,39,45,54,4,15,19,21,25,30,85,94,96,7,81
[ 50] Received message from  29: 1|0,38,53,66,78,89,97,100,1,21,39,54,67,73,74,5,8,10,15,45,57,44,60,63,82,90,2,37,48,72,83,29,36,58,61,64,71,98,50,56,69,76,80,87,88
[ 93] Received message from  86: 1|0,38,53,66,78,89,97,100,1,11,40,42,59,68,73,86,95,13,93
[ 77] Received message from  27: 1|38,53,66,78,89,97,100,1,8,26,39,45,54,4,15,19,21,25,30,85,94,96,3,7,18,32,60,70,81,6,27,31,33,28,77,91
[ 56] Received message from  43: 1|0,38,53,66,78,89,97,100,1,11,40,42,59,68,73,86,95,93,14,23,34,47,55,22,62,16,43,51,65,84,92,99,49,56,80,88
[ 62] Received message from  47: 1|0,38,53,66,78,89,97,100,1,11,40,42,59,68,73,86,95,93,14,23,34,47,55,22,43,62,65
[ 43] Received message from  16: 1|0,38,53,66,78,89,97,100,1,11,40,42,59,68,73,86,95,13,67,93,12,16,35,51,74,82,84,87,22,34,43,65,76,80,92,99
[ 37] Received message from  44: 1|0,38,53,66,78,89,97,100,1,21,39,54,67,73,74,5,8,10,15,45,57,44,60,63,82,90,2,37,48,72,83
[ 25] Received message from  19: 1|0,38,53,66,78,89,97,100,1,8,26,39,45,54,19,85,96,4,7,15,18,25,30,81,94
[ 10] Received message from  32: 1|0,38,53,66,78,89,97,100,1,8,26,39,45,54,4,15,19,21,25,30,85,94,96,3,18,32,81,6,10,27,31,33,60,70
[ 41] Received message from  97: 1|0,38,53,66,78,89,97,100,1,9,17,40,41,52
[ 65] Received message from  35: 1|0,38,53,66,78,89,97,100,1,11,40,42,59,68,73,86,95,13,67,93,12,16,35,51,74,82,84,87,56,65,76,80,88,92,99
[ 14] Sent Broadcast: 1|0,38,53,66,78,89,97,100,1,11,40,42,59,68,73,86,95,93,14,23,34,47,55
[ 86] Sent Broadcast: 1|0,38,53,66,78,89,97,100,1,11,40,42,59,68,73,86,95,13,93
[  3] Received message from  30: 1|0,38,53,66,78,89,97,100,1,8,26,39,45,54,4,15,19,21,25,30,85,94,96,3,6,7,18,27,31,32,60,70,81
[ 31] Received message from  63: 1|0,38,53,66,78,89,97,100,1,21,39,54,67,73,74,5,8,10,15,45,57,44,60,63,82,90,31,33,36,37,46,48,72,75,98
[ 46] Received message from  77: 1|38,53,66,78,89,97,100,1,8,26,39,45,54,4,15,19,21,25,30,85,94,96,3,7,18,32,60,70,81,6,27,31,33,28,77,91,46
[ 60] Received message from   4: 1|0,38,53,66,78,89,97,100,1,8,26,39,45,54,4,15,19,21,25,30,85,94,96,3,7,18,32,60,70,81
[ 19] Received message from  54: 1|0,38,53,66,78,89,97,100,1,8,26,39,45,54,4,15,19,21,30
[ 74] Received message from  67: 1|0,38,53,66,78,89,97,100,1,11,40,42,59,68,73,86,95,13,67,93,12,21,39,74
[ 22] Received message from  55: 1|0,38,53,66,78,89,97,100,1,11,40,42,59,68,73,86,95,93,14,23,34,47,55,22,62
[ 18] Received message from  81: 1|0,38,53,66,78,89,97,100,1,8,26,39,45,54,4,15,19,21,25,30,85,94,96,7,81,18,70
[ 65] Received message from  22: 1|0,38,53,66,78,89,97,100,1,11,40,42,59,68,73,86,95,93,14,23,34,47,55,22,62,16,43,51,65,84,92,99
[ 29] Received message from  69: 1|0,38,53,66,78,89,97,100,1,11,40,42,59,68,73,86,95,93,14,23,34,47,55,22,62,16,43,51,65,84,92,99,49,56,80,88,69,29,50,58,64
[ 10] Received message from  31: 1|38,53,66,78,89,97,100,1,8,26,39,45,54,4,15,19,21,25,30,85,94,96,3,7,18,32,60,70,81,6,27,31,33,10,63,77
[ 21] Received message from  39: 1|0,38,53,66,78,89,97,100,1,8,26,39,45,54,4,15,19,21,67
[ 43] Received message from  34: 1|0,38,53,66,78,89,97,100,1,11,40,42,59,68,73,86,95,93,14,23,34,47,55,16,22,43,51,62,65,84
[ 43] Received message from  56: 1|0,38,53,66,78,89,97,100,1,11,40,42,59,68,73,86,95,13,67,93,12,16,35,51,74,82,84,87,56,65,76,80,88,92,99,29,43,49,50,69
[ 27] Received message from  18: 1|0,38,53,66,78,89,97,100,1,8,26,39,45,54,4,15,19,21,25,30,85,94,96,3,18,32,81,6,7,27,31,60,70
[  7] Received message from  96: 1|0,38,53,66,78,89,97,100,1,8,26,39,45,54,19,85,96,4,7,15,25,30,81,94
[ 36] Received message from   2: 1|0,38,53,66,78,89,97,100,1,21,39,54,67,73,74,5,8,10,15,45,57,44,60,63,82,90,2,37,48,72,83,29,36,58,61,64,71,98
[  2] Received message from  48: 1|38,53,66,78,89,97,100,1,8,26,39,45,54,4,15,19,21,25,30,85,94,96,3,7,18,32,60,70,81,6,27,31,33,28,77,91,46,48,63,75,2,36,37,44,61,72,83,90,98
[ 52] Received message from  97: 1|0,38,53,66,78,89,97,100,1,9,17,40,41,52
[ 31] Received message from  10: 1|0,38,53,66,78,89,97,100,1,21,39,54,67,73,74,5,8,10,15,45,57,31,32,44,60,63,82,90
[ 85] Received message from   8: 1|0,38,53,66,78,89,97,100,1,8,26,39,45,54,4,15,19,21,25,30,85,94,96
[  5] Received message from  74: 1|0,38,53,66,78,89,97,100,1,11,40,42,59,68,73,86,95,13,67,93,12,21,39,74,5,10,44,57,82
[ 30] Received message from  19: 1|0,38,53,66,78,89,97,100,1,8,26,39,45,54,19,85,96,4,7,15,18,25,30,81,94
[ 82] Received message from   5: 1|0,38,53,66,78,89,97,100,1,21,39,54,67,73,74,5,8,10,15,45,57,44,60,63,82,90
[ 74] Received message from  89: 1|0,38,53,66,78,89,97,100,1,21,39,54,67,73,74
[  4] Received message from  60: 1|0,38,53,66,78,89,97,100,1,21,39,54,67,73,74,5,8,10,15,45,57,44,60,63,82,90,3,4,6,18,27,30,31,32,33,70
[ 13] Received message from  51: 1|0,38,53,66,78,89,97,100,1,11,40,42,59,68,73,86,95,93,14,23,34,47,55,22,62,16,43,51,65,84,92,99,12,13,35,76,80,87
[ 77] Sent Broadcast: 1|38,53,66,78,89,97,100,1,8,26,39,45,54,4,15,19,21,25,30,85,94,96,3,7,18,32,60,70,81,6,27,31,33,28,77,91,46
[ 93] Received message from  95: 1|0,38,53,66,78,89,97,100,1,11,40,42,59,68,73,86,95,67,93
[ 95] Sent Broadcast: 1|0,38,53,66,78,89,97,100,1,11,40,42,59,68,73,86,95,67,93
[ 67] Sent Broadcast: 1|0,38,53,66,78,89,97,100,1,11,40,42,59,68,73,86,95,13,67,93,12,21,39,74
[ 51] Received message from  34: 1|0,38,53,66,78,89,97,100,1,11,40,42,59,68,73,86,95,93,14,23,34,47,55,16,22,43,51,62,65,84
[ 89] Sent Broadcast: 1|0,38,53,66,78,89,97,100,1,21,39,54,67,73,74
[ 21] Received message from  45: 1|0,38,53,66,78,89,97,100,1,8,26,39,45,54,4,15,19,21,25,30,85,94,96
[ 39] Received message from 100: 1|0,38,53,66,78,89,97,100,1,8,21,39,45,54,67,73,74
[ 91] Received message from   6: 1|38,53,66,78,89,97,100,1,8,26,39,45,54,4,15,19,21,25,30,85,94,96,3,7,18,32,60,70,81,6,27,31,33,28,77,91
[ 63] Received message from  46: 1|38,53,66,78,89,97,100,1,8,26,39,45,54,4,15,19,21,25,30,85,94,96,3,7,18,32,60,70,81,6,27,31,33,28,77,91,46,48,63,75
[ 22] Received message from  65: 1|0,38,53,66,78,89,97,100,1,11,40,42,59,68,73,86,95,13,67,93,12,16,35,51,74,82,84,87,56,65,76,80,88,92,99,22,34,43,47
[ 15] Received message from  85: 1|0,38,53,66,78,89,97,100,1,8,26,39,45,54,19,85,96,4,7,15,25,81,94
[ 74] Received message from  13: 1|0,38,53,66,78,89,97,100,1,11,40,42,59,68,73,86,95,13,67,93,12,16,35,51,74,82,84,87
[ 15] Received message from  21: 1|0,38,53,66,78,89,97,100,1,21,39,54,67,73,74,5,8,10,15,45,57
[ 48] Received message from  44: 1|0,38,53,66,78,89,97,100,1,21,39,54,67,73,74,5,8,10,15,45,57,44,60,63,82,90,2,37,48,72,83
[ 91] Received message from  27: 1|38,53,66,78,89,97,100,1,8,26,39,45,54,4,15,19,21,25,30,85,94,96,3,7,18,32,60,70,81,6,27,31,33,28,77,91
[ 56] Received message from  29: 1|0,38,53,66,78,89,97,100,1,21,39,54,67,73,74,5,8,10,15,45,57,44,60,63,82,90,2,37,48,72,83,29,36,58,61,64,71,98,50,56,69,76,80,87,88
[ 65] Received message from  16: 1|0,38,53,66,78,89,97,100,1,11,40,42,59,68,73,86,95,13,67,93,12,16,35,51,74,82,84,87,22,34,43,65,76,80,92,99
[ 65] Received message from  47: 1|0,38,53,66,78,89,97,100,1,11,40,42,59,68,73,86,95,93,14,23,34,47,55,22,43,62,65
[ 33] Received message from   3: 1|38,53,66,78,89,97,100,1,8,26,39,45,54,4,15,19,21,25,30,85,94,96,3,7,18,32,60,70,81,6,27,31,33
[ 70] Received message from   4: 1|0,38,53,66,78,89,97,100,1,8,26,39,45,54,4,15,19,21,25,30,85,94,96,3,7,18,32,60,70,81
[ 36] Received message from  37: 1|0,38,53,66,78,89,97,100,1,21,39,54,67,73,74,5,8,10,15,45,57,44,60,63,82,90,2,37,48,72,83,36,61,75,98
[ 67] Received message from  39: 1|0,38,53,66,78,89,97,100,1,8,26,39,45,54,4,15,19,21,67
[ 35] Received message from  51: 1|0,38,53,66,78,89,97,100,1,11,40,42,59,68,73,86,95,93,14,23,34,47,55,22,62,16,43,51,65,84,92,99,12,13,35,76,80,87
[ 76] Received message from  35: 1|0,38,53,66,78,89,97,100,1,11,40,42,59,68,73,86,95,13,67,93,12,16,35,51,74,82,84,87,56,65,76,80,88,92,99
[ 97] Sent Broadcast: 1|0,38,53,66,78,89,97,100,1,9,17,40,41,52
[ 15] Received message from  96: 1|0,38,53,66,78,89,97,100,1,8,26,39,45,54,19,85,96,4,7,15,25,30,81,94
[ 25] Received message from  45: 1|0,38,53,66,78,89,97,100,1,8,26,39,45,54,4,15,19,21,25,30,85,94,96
[  2] Received message from  82: 1|0,38,53,66,78,89,97,100,1,21,39,54,67,73,74,5,8,10,15,45,57,44,60,63,82,90,2,12,13,35,64,71,76,83,87
[ 27] Received message from  32: 1|0,38,53,66,78,89,97,100,1,8,26,39,45,54,4,15,19,21,25,30,85,94,96,3,18,32,81,6,10,27,31,33,60,70
[ 21] Received message from  57: 1|0,38,53,66,78,89,97,100,1,11,40,42,59,68,73,86,95,13,67,93,12,16,35,51,74,82,84,87,57,5,10,21,44,60
[  6] Received message from  30: 1|0,38,53,66,78,89,97,100,1,8,26,39,45,54,4,15,19,21,25,30,85,94,96,3,6,7,18,27,31,32,60,70,81
[ 20] Received message from  36: 1|0,38,53,66,78,89,97,100,1,21,39,54,67,73,74,5,8,10,15,45,57,44,60,63,82,90,2,37,48,72,83,29,36,58,61,64,71,98,20,75,79
[ 50] Received message from  69: 1|0,38,53,66,78,89,97,100,1,11,40,42,59,68,73,86,95,93,14,23,34,47,55,22,62,16,43,51,65,84,92,99,49,56,80,88,69,29,50,58,64
[ 70] Received message from  81: 1|0,38,53,66,78,89,97,100,1,8,26,39,45,54,4,15,19,21,25,30,85,94,96,7,81,18,70
[ 31] Received message from  18: 1|0,38,53,66,78,89,97,100,1,8,26,39,45,54,4,15,19,21,25,30,85,94,96,3,18,32,81,6,7,27,31,60,70
[ 80] Received message from  43: 1|0,38,53,66,78,89,97,100,1,11,40,42,59,68,73,86,95,93,14,23,34,47,55,22,62,16,43,51,65,84,92,99,49,56,80,88
[ 62] Received message from  55: 1|0,38,53,66,78,89,97,100,1,11,40,42,59,68,73,86,95,93,14,23,34,47,55,22,62
[ 58] Received message from   2: 1|0,38,53,66,78,89,97,100,1,21,39,54,67,73,74,5,8,10,15,45,57,44,60,63,82,90,2,37,48,72,83,29,36,58,61,64,71,98
[ 21] Received message from  54: 1|0,38,53,66,78,89,97,100,1,8,26,39,45,54,4,15,19,21,30
[ 81] Received message from  19: 1|0,38,53,66,78,89,97,100,1,8,26,39,45,54,19,85,96,4,7,15,18,25,30,81,94
[ 47] Sent Broadcast: 1|0,38,53,66,78,89,97,100,1,11,40,42,59,68,73,86,95,93,14,23,34,47,55,22,43,62,65
[ 33] Received message from  63: 1|0,38,53,66,78,89,97,100,1,21,39,54,67,73,74,5,8,10,15,45,57,44,60,63,82,90,31,33,36,37,46,48,72,75,98
[  6] Sent Broadcast: 1|38,53,66,78,89,97,100,1,8,26,39,45,54,4,15,19,21,25,30,85,94,96,3,7,18,32,60,70,81,6,27,31,33,28,77,91
[  3] Sent Broadcast: 1|38,53,66,78,89,97,100,1,8,26,39,45,54,4,15,19,21,25,30,85,94,96,3,7,18,32,60,70,81,6,27,31,33
[ 94] Received message from   8: 1|0,38,53,66,78,89,97,100,1,8,26,39,45,54,4,15,19,21,25,30,85,94,96
[ 81] Sent Broadcast: 1|0,38,53,66,78,89,97,100,1,8,26,39,45,54,4,15,19,21,25,30,85,94,96,7,81,18,70
[ 39] Sent Broadcast: 1|0,38,53,66,78,89,97,100,1,8,26,39,45,54,4,15,19,21,67
[ 36] Received message from  48: 1|38,53,66,78,89,97,100,1,8,26,39,45,54,4,15,19,21,25,30,85,94,96,3,7,18,32,60,70,81,6,27,31,33,28,77,91,46,48,63,75,2,36,37,44,61,72,83,90,98
[ 10] Received message from  74: 1|0,38,53,66,78,89,97,100,1,11,40,42,59,68,73,86,95,13,67,93,12,21,39,74,5,10,44,57,82
[ 49] Received message from  56: 1|0,38,53,66,78,89,97,100,1,11,40,42,59,68,73,86,95,13,67,93,12,16,35,51,74,82,84,87,56,65,76,80,88,92,99,29,43,49,50,69
[  6] Received message from  70: 1|38,53,66,78,89,97,100,1,8,26,39,45,54,4,15,19,21,25,30,85,94,96,3,7,18,32,60,70,81,6,27,31,91
[ 32] Received message from  10: 1|0,38,53,66,78,89,97,100,1,21,39,54,67,73,74,5,8,10,15,45,57,31,32,44,60,63,82,90
[ 62] Received message from  34: 1|0,38,53,66,78,89,97,100,1,11,40,42,59,68,73,86,95,93,14,23,34,47,55,16,22,43,51,62,65,84
[ 28] Received message from  33: 1|38,53,66,78,89,97,100,1,8,26,39,45,54,4,15,19,21,25,30,85,94,96,3,7,18,32,60,70,81,6,27,31,33,28,46,48,63,77
[ 29] Received message from  76: 1|0,38,53,66,78,89,97,100,1,11,40,42,59,68,73,86,95,13,67,93,12,16,35,51,74,82,84,87,56,65,76,80,88,92,99,29,64,71
[ 61] Received message from  37: 1|0,38,53,66,78,89,97,100,1,21,39,54,67,73,74,5,8,10,15,45,57,44,60,63,82,90,2,37,48,72,83,36,61,75,98
[ 90] Received message from   5: 1|0,38,53,66,78,89,97,100,1,21,39,54,67,73,74,5,8,10,15,45,57,44,60,63,82,90
[ 72] Received message from  44: 1|0,38,53,66,78,89,97,100,1,21,39,54,67,73,74,5,8,10,15,45,57,44,60,63,82,90,2,37,48,72,83
[ 69] Received message from  29: 1|0,38,53,66,78,89,97,100,1,21,39,54,67,73,74,5,8,10,15,45,57,44,60,63,82,90,2,37,48,72,83,29,36,58,61,64,71,98,50,56,69,76,80,87,88
[  6] Received message from  60: 1|0,38,53,66,78,89,97,100,1,21,39,54,67,73,74,5,8,10,15,45,57,44,60,63,82,90,3,4,6,18,27,30,31,32,33,70
[ 76] Received message from  16: 1|0,38,53,66,78,89,97,100,1,11,40,42,59,68,73,86,95,13,67,93,12,16,35,51,74,82,84,87,22,34,43,65,76,80,92,99
[ 55] Sent Broadcast: 1|0,38,53,66,78,89,97,100,1,11,40,42,59,68,73,86,95,93,14,23,34,47,55,22,62
[  5] Sent Broadcast: 1|0,38,53,66,78,89,97,100,1,21,39,54,67,73,74,5,8,10,15,45,57,44,60,63,82,90
[ 27] Sent Broadcast: 1|38,53,66,78,89,97,100,1,8,26,39,45,54,4,15,19,21,25,30,85,94,96,3,7,18,32,60,70,81,6,27,31,33,28,77,91
[ 50] Received message from  58: 1|0,38,53,66,78,89,97,100,1,21,39,54,67,73,74,5,8,10,15,45,57,44,60,63,82,90,2,37,48,72,83,29,36,58,61,64,71,98,50,69,79
[ 81] Received message from   4: 1|0,38,53,66,78,89,97,100,1,8,26,39,45,54,4,15,19,21,25,30,85,94,96,3,7,18,32,60,70,81
[ 45] Received message from 100: 1|0,38,53,66,78,89,97,100,1,8,21,39,45,54,67,73,74
[ 34] Received message from  65: 1|0,38,53,66,78,89,97,100,1,11,40,42,59,68,73,86,95,13,67,93,12,16,35,51,74,82,84,87,56,65,76,80,88,92,99,22,34,43,47
[ 24] Received message from  20: 1|0,38,53,66,78,89,97,100,1,21,39,54,67,73,74,5,8,10,15,45,57,44,60,63,82,90,2,37,48,72,83,29,36,58,61,64,71,98,20,75,79,24
[ 63] Received message from  31: 1|38,53,66,78,89,97,100,1,8,26,39,45,54,4,15,19,21,25,30,85,94,96,3,7,18,32,60,70,81,6,27,31,33,10,63,77
[ 25] Received message from  85: 1|0,38,53,66,78,89,97,100,1,8,26,39,45,54,19,85,96,4,7,15,25,81,94
[ 82] Received message from  13: 1|0,38,53,66,78,89,97,100,1,11,40,42,59,68,73,86,95,13,67,93,12,16,35,51,74,82,84,87
[ 12] Received message from  82: 1|0,38,53,66,78,89,97,100,1,21,39,54,67,73,74,5,8,10,15,45,57,44,60,63,82,90,2,12,13,35,64,71,76,83,87
[ 84] Received message from  22: 1|0,38,53,66,78,89,97,100,1,11,40,42,59,68,73,86,95,93,14,23,34,47,55,22,62,16,43,51,65,84,92,99
[ 75] Received message from  46: 1|38,53,66,78,89,97,100,1,8,26,39,45,54,4,15,19,21,25,30,85,94,96,3,7,18,32,60,70,81,6,27,31,33,28,77,91,46,48,63,75
[ 96] Received message from   8: 1|0,38,53,66,78,89,97,100,1,8,26,39,45,54,4,15,19,21,25,30,85,94,96
[ 76] Received message from  51: 1|0,38,53,66,78,89,97,100,1,11,40,42,59,68,73,86,95,93,14,23,34,47,55,22,62,16,43,51,65,84,92,99,12,13,35,76,80,87
[ 88] Received message from  43: 1|0,38,53,66,78,89,97,100,1,11,40,42,59,68,73,86,95,93,14,23,34,47,55,22,62,16,43,51,65,84,92,99,49,56,80,88
[ 60] Received message from  18: 1|0,38,53,66,78,89,97,100,1,8,26,39,45,54,4,15,19,21,25,30,85,94,96,3,18,32,81,6,7,27,31,60,70
[ 25] Received message from  96: 1|0,38,53,66,78,89,97,100,1,8,26,39,45,54,19,85,96,4,7,15,25,30,81,94
[ 80] Received message from  35: 1|0,38,53,66,78,89,97,100,1,11,40,42,59,68,73,86,95,13,67,93,12,16,35,51,74,82,84,87,56,65,76,80,88,92,99
[  2] Received message from  90: 1|0,38,53,66,78,89,97,100,1,21,39,54,67,73,74,5,8,10,15,45,57,44,60,63,82,90,2,36,37,48,58,61,64,71,72,83,98
[ 45] Received message from  21: 1|0,38,53,66,78,89,97,100,1,21,39,54,67,73,74,5,8,10,15,45,57
[ 50] Received message from  56: 1|0,38,53,66,78,89,97,100,1,11,40,42,59,68,73,86,95,13,67,93,12,16,35,51,74,82,84,87,56,65,76,80,88,92,99,29,43,49,50,69
[  3] Received message from  94: 1|0,38,53,66,78,89,97,100,1,8,26,39,45,54,4,15,19,21,25,30,85,94,96,3,7,18,32,70,81
[ 58] Received message from  69: 1|0,38,53,66,78,89,97,100,1,11,40,42,59,68,73,86,95,93,14,23,34,47,55,22,62,16,43,51,65,84,92,99,49,56,80,88,69,29,50,58,64
[ 30] Received message from  45: 1|0,38,53,66,78,89,97,100,1,8,26,39,45,54,4,15,19,21,25,30,85,94,96
[ 46] Received message from  33: 1|38,53,66,78,89,97,100,1,8,26,39,45,54,4,15,19,21,25,30,85,94,96,3,7,18,32,60,70,81,6,27,31,33,28,46,48,63,77
[ 43] Sent Broadcast: 1|0,38,53,66,78,89,97,100,1,11,40,42,59,68,73,86,95,93,14,23,34,47,55,22,62,16,43,51,65,84,92,99,49,56,80,88
[ 44] Received message from  57: 1|0,38,53,66,78,89,97,100,1,11,40,42,59,68,73,86,95,13,67,93,12,16,35,51,74,82,84,87,57,5,10,21,44,60
[ 61] Received message from   2: 1|0,38,53,66,78,89,97,100,1,21,39,54,67,73,74,5,8,10,15,45,57,44,60,63,82,90,2,37,48,72,83,29,36,58,61,64,71,98
[ 29] Received message from  80: 1|0,38,53,66,78,89,97,100,1,11,40,42,59,68,73,86,95,93,14,23,34,47,55,22,62,16,43,51,65,84,92,99,49,56,80,88,29,35,69,76,87
[ 37] Received message from  48: 1|38,53,66,78,89,97,100,1,8,26,39,45,54,4,15,19,21,25,30,85,94,96,3,7,18,32,60,70,81,6,27,31,33,28,77,91,46,48,63,75,2,36,37,44,61,72,83,90,98
[  4] Sent Broadcast: 1|0,38,53,66,78,89,97,100,1,8,26,39,45,54,4,15,19,21,25,30,85,94,96,3,7,18,32,60,70,81
[  7] Received message from  30: 1|0,38,53,66,78,89,97,100,1,8,26,39,45,54,4,15,19,21,25,30,85,94,96,3,6,7,18,27,31,32,60,70,81
[ 69] Received message from  58: 1|0,38,53,66,78,89,97,100,1,21,39,54,67,73,74,5,8,10,15,45,57,44,60,63,82,90,2,37,48,72,83,29,36,58,61,64,71,98,50,69,79
[ 31] Received message from  32: 1|0,38,53,66,78,89,97,100,1,8,26,39,45,54,4,15,19,21,25,30,85,94,96,3,18,32,81,6,10,27,31,33,60,70
[ 64] Received message from  76: 1|0,38,53,66,78,89,97,100,1,11,40,42,59,68,73,86,95,13,67,93,12,16,35,51,74,82,84,87,56,65,76,80,88,92,99,29,64,71
[ 92] Received message from  22: 1|0,38,53,66,78,89,97,100,1,11,40,42,59,68,73,86,95,93,14,23,34,47,55,22,62,16,43,51,65,84,92,99
[ 36] Received message from  72: 1|0,38,53,66,78,89,97,100,1,21,39,54,67,73,74,5,8,10,15,45,57,44,60,63,82,90,2,37,48,72,83,36,58,61,71,98
[ 69] Received message from  56: 1|0,38,53,66,78,89,97,100,1,11,40,42,59,68,73,86,95,13,67,93,12,16,35,51,74,82,84,87,56,65,76,80,88,92,99,29,43,49,50,69
[ 94] Received message from  19: 1|0,38,53,66,78,89,97,100,1,8,26,39,45,54,19,85,96,4,7,15,18,25,30,81,94
[ 75] Received message from  36: 1|0,38,53,66,78,89,97,100,1,21,39,54,67,73,74,5,8,10,15,45,57,44,60,63,82,90,2,37,48,72,83,29,36,58,61,64,71,98,20,75,79
[ 76] Received message from  29: 1|0,38,53,66,78,89,97,100,1,21,39,54,67,73,74,5,8,10,15,45,57,44,60,63,82,90,2,37,48,72,83,29,36,58,61,64,71,98,50,56,69,76,80,87,88
[ 20] Sent Broadcast: 1|0,38,53,66,78,89,97,100,1,21,39,54,67,73,74,5,8,10,15,45,57,44,60,63,82,90,2,37,48,72,83,29,36,58,61,64,71,98,20,75,79,24
[ 29] Received message from  61: 1|0,38,53,66,78,89,97,100,1,21,39,54,67,73,74,5,8,10,15,45,57,44,60,63,82,90,2,37,48,72,83,36,61,75,98,29,50,58,64,71,79
[ 46] Sent Broadcast: 1|38,53,66,78,89,97,100,1,8,26,39,45,54,4,15,19,21,25,30,85,94,96,3,7,18,32,60,70,81,6,27,31,33,28,77,91,46,48,63,75
[  8] Sent Broadcast: 1|0,38,53,66,78,89,97,100,1,8,26,39,45,54,4,15,19,21,25,30,85,94,96
[ 83] Received message from  44: 1|0,38,53,66,78,89,97,100,1,21,39,54,67,73,74,5,8,10,15,45,57,44,60,63,82,90,2,37,48,72,83
[ 44] Received message from  74: 1|0,38,53,66,78,89,97,100,1,11,40,42,59,68,73,86,95,13,67,93,12,21,39,74,5,10,44,57,82
[ 27] Received message from  70: 1|38,53,66,78,89,97,100,1,8,26,39,45,54,4,15,19,21,25,30,85,94,96,3,7,18,32,60,70,81,6,27,31,91
[ 30] Received message from  54: 1|0,38,53,66,78,89,97,100,1,8,26,39,45,54,4,15,19,21,30
[ 54] Received message from 100: 1|0,38,53,66,78,89,97,100,1,8,21,39,45,54,67,73,74
[ 36] Received message from  63: 1|0,38,53,66,78,89,97,100,1,21,39,54,67,73,74,5,8,10,15,45,57,44,60,63,82,90,31,33,36,37,46,48,72,75,98
[ 20] Received message from  75: 1|38,53,66,78,89,97,100,1,8,26,39,45,54,4,15,19,21,25,30,85,94,96,3,7,18,32,60,70,81,6,27,31,33,28,77,91,46,48,63,75,20,36,37
[ 80] Received message from  16: 1|0,38,53,66,78,89,97,100,1,11,40,42,59,68,73,86,95,13,67,93,12,16,35,51,74,82,84,87,22,34,43,65,76,80,92,99
[ 29] Received message from  88: 1|0,38,53,66,78,89,97,100,1,11,40,42,59,68,73,86,95,93,14,23,34,47,55,22,62,16,43,51,65,84,92,99,49,56,80,88,29,35,50,64,69,76,87
[ 12] Received message from  84: 1|0,38,53,66,78,89,97,100,1,11,40,42,59,68,73,86,95,93,14,23,34,47,55,22,62,16,43,51,65,84,92,99,12,13,35,76,80,87
[ 65] Received message from  34: 1|0,38,53,66,78,89,97,100,1,11,40,42,59,68,73,86,95,93,14,23,34,47,55,16,22,43,51,62,65,84
[  2] Received message from  64: 1|0,38,53,66,78,89,97,100,1,11,40,42,59,68,73,86,95,13,67,93,12,16,35,51,74,82,84,87,56,65,76,80,88,92,99,29,64,71,2,50,58,61,69,83,90,98
[ 44] Sent Broadcast: 1|0,38,53,66,78,89,97,100,1,21,39,54,67,73,74,5,8,10,15,45,57,44,60,63,82,90,2,37,48,72,83
[ 35] Received message from  92: 1|0,38,53,66,78,89,97,100,1,11,40,42,59,68,73,86,95,93,14,23,34,47,55,22,62,16,43,51,65,84,92,99,35,49,56,69,76,80,87,88
[ 75] Received message from  37: 1|0,38,53,66,78,89,97,100,1,21,39,54,67,73,74,5,8,10,15,45,57,44,60,63,82,90,2,37,48,72,83,36,61,75,98
[ 18] Received message from  60: 1|0,38,53,66,78,89,97,100,1,21,39,54,67,73,74,5,8,10,15,45,57,44,60,63,82,90,3,4,6,18,27,30,31,32,33,70
[ 88] Received message from  35: 1|0,38,53,66,78,89,97,100,1,11,40,42,59,68,73,86,95,13,67,93,12,16,35,51,74,82,84,87,56,65,76,80,88,92,99
[ 79] Received message from  36: 1|0,38,53,66,78,89,97,100,1,21,39,54,67,73,74,5,8,10,15,45,57,44,60,63,82,90,2,37,48,72,83,29,36,58,61,64,71,98,20,75,79
[ 64] Received message from  69: 1|0,38,53,66,78,89,97,100,1,11,40,42,59,68,73,86,95,93,14,23,34,47,55,22,62,16,43,51,65,84,92,99,49,56,80,88,69,29,50,58,64
[ 36] Received message from  90: 1|0,38,53,66,78,89,97,100,1,21,39,54,67,73,74,5,8,10,15,45,57,44,60,63,82,90,2,36,37,48,58,61,64,71,72,83,98
[ 19] Sent Broadcast: 1|0,38,53,66,78,89,97,100,1,8,26,39,45,54,19,85,96,4,7,15,18,25,30,81,94
[ 81] Received message from  85: 1|0,38,53,66,78,89,97,100,1,8,26,39,45,54,19,85,96,4,7,15,25,81,94
[ 56] Sent Broadcast: 1|0,38,53,66,78,89,97,100,1,11,40,42,59,68,73,86,95,13,67,93,12,16,35,51,74,82,84,87,56,65,76,80,88,92,99,29,43,49,50,69
[ 84] Received message from  13: 1|0,38,53,66,78,89,97,100,1,11,40,42,59,68,73,86,95,13,67,93,12,16,35,51,74,82,84,87
[ 30] Received message from  96: 1|0,38,53,66,78,89,97,100,1,8,26,39,45,54,19,85,96,4,7,15,25,30,81,94
[ 85] Received message from  45: 1|0,38,53,66,78,89,97,100,1,8,26,39,45,54,4,15,19,21,25,30,85,94,96
[ 36] Sent Broadcast: 1|0,38,53,66,78,89,97,100,1,21,39,54,67,73,74,5,8,10,15,45,57,44,60,63,82,90,2,37,48,72,83,29,36,58,61,64,71,98,20,75,79
[ 70] Received message from  18: 1|0,38,53,66,78,89,97,100,1,8,26,39,45,54,4,15,19,21,25,30,85,94,96,3,18,32,81,6,7,27,31,60,70
[ 77] Received message from  31: 1|38,53,66,78,89,97,100,1,8,26,39,45,54,4,15,19,21,25,30,85,94,96,3,7,18,32,60,70,81,6,27,31,33,10,63,77
[ 13] Received message from  82: 1|0,38,53,66,78,89,97,100,1,21,39,54,67,73,74,5,8,10,15,45,57,44,60,63,82,90,2,12,13,35,64,71,76,83,87
[  7] Received message from  94: 1|0,38,53,66,78,89,97,100,1,8,26,39,45,54,4,15,19,21,25,30,85,94,96,3,7,18,32,70,81
[ 44] Received message from  10: 1|0,38,53,66,78,89,97,100,1,21,39,54,67,73,74,5,8,10,15,45,57,31,32,44,60,63,82,90
[ 43] Received message from  65: 1|0,38,53,66,78,89,97,100,1,11,40,42,59,68,73,86,95,13,67,93,12,16,35,51,74,82,84,87,56,65,76,80,88,92,99,22,34,43,47
[ 64] Received message from   2: 1|0,38,53,66,78,89,97,100,1,21,39,54,67,73,74,5,8,10,15,45,57,44,60,63,82,90,2,37,48,72,83,29,36,58,61,64,71,98
[ 29] Received message from  83: 1|0,38,53,66,78,89,97,100,1,21,39,54,67,73,74,5,8,10,15,45,57,44,60,63,82,90,2,37,48,72,83,29,36,58,61,64,71,98
[ 35] Received message from  80: 1|0,38,53,66,78,89,97,100,1,11,40,42,59,68,73,86,95,93,14,23,34,47,55,22,62,16,43,51,65,84,92,99,49,56,80,88,29,35,69,76,87
[ 58] Received message from  72: 1|0,38,53,66,78,89,97,100,1,21,39,54,67,73,74,5,8,10,15,45,57,44,60,63,82,90,2,37,48,72,83,36,58,61,71,98
[ 60] Received message from  57: 1|0,38,53,66,78,89,97,100,1,11,40,42,59,68,73,86,95,13,67,93,12,16,35,51,74,82,84,87,57,5,10,21,44,60
[ 54] Sent Broadcast: 1|0,38,53,66,78,89,97,100,1,8,26,39,45,54,4,15,19,21,30
[ 80] Received message from  51: 1|0,38,53,66,78,89,97,100,1,11,40,42,59,68,73,86,95,93,14,23,34,47,55,22,62,16,43,51,65,84,92,99,12,13,35,76,80,87
[ 24] Received message from  79: 1|0,38,53,66,78,89,97,100,1,21,39,54,67,73,74,5,8,10,15,45,57,44,60,63,82,90,2,37,48,72,83,29,36,58,61,64,71,98,20,75,79,24
[ 18] Received message from  30: 1|0,38,53,66,78,89,97,100,1,8,26,39,45,54,4,15,19,21,25,30,85,94,96,3,6,7,18,27,31,32,60,70,81
[ 44] Received message from  48: 1|38,53,66,78,89,97,100,1,8,26,39,45,54,4,15,19,21,25,30,85,94,96,3,7,18,32,60,70,81,6,27,31,33,28,77,91,46,48,63,75,2,36,37,44,61,72,83,90,98
[ 35] Received message from  88: 1|0,38,53,66,78,89,97,100,1,11,40,42,59,68,73,86,95,93,14,23,34,47,55,22,62,16,43,51,65,84,92,99,49,56,80,88,29,35,50,64,69,76,87
[ 99] Received message from  22: 1|0,38,53,66,78,89,97,100,1,11,40,42,59,68,73,86,95,93,14,23,34,47,55,22,62,16,43,51,65,84,92,99
[ 79] Received message from  58: 1|0,38,53,66,78,89,97,100,1,21,39,54,67,73,74,5,8,10,15,45,57,44,60,63,82,90,2,37,48,72,83,29,36,58,61,64,71,98,50,69,79
[ 48] Received message from  33: 1|38,53,66,78,89,97,100,1,8,26,39,45,54,4,15,19,21,25,30,85,94,96,3,7,18,32,60,70,81,6,27,31,33,28,46,48,63,77
[ 50] Received message from  61: 1|0,38,53,66,78,89,97,100,1,21,39,54,67,73,74,5,8,10,15,45,57,44,60,63,82,90,2,37,48,72,83,36,61,75,98,29,50,58,64,71,79
[ 33] Received message from  32: 1|0,38,53,66,78,89,97,100,1,8,26,39,45,54,4,15,19,21,25,30,85,94,96,3,18,32,81,6,10,27,31,33,60,70
[ 57] Sent Broadcast: 1|0,38,53,66,78,89,97,100,1,11,40,42,59,68,73,86,95,13,67,93,12,16,35,51,74,82,84,87,57,5,10,21,44,60
[ 80] Received message from  29: 1|0,38,53,66,78,89,97,100,1,21,39,54,67,73,74,5,8,10,15,45,57,44,60,63,82,90,2,37,48,72,83,29,36,58,61,64,71,98,50,56,69,76,80,87,88
[ 71] Received message from  76: 1|0,38,53,66,78,89,97,100,1,11,40,42,59,68,73,86,95,13,67,93,12,16,35,51,74,82,84,87,56,65,76,80,88,92,99,29,64,71
[ 81] Received message from  96: 1|0,38,53,66,78,89,97,100,1,8,26,39,45,54,19,85,96,4,7,15,25,30,81,94
[ 57] Received message from  21: 1|0,38,53,66,78,89,97,100,1,21,39,54,67,73,74,5,8,10,15,45,57
[ 31] Received message from  70: 1|38,53,66,78,89,97,100,1,8,26,39,45,54,4,15,19,21,25,30,85,94,96,3,7,18,32,60,70,81,6,27,31,91
[ 18] Sent Broadcast: 1|0,38,53,66,78,89,97,100,1,8,26,39,45,54,4,15,19,21,25,30,85,94,96,3,18,32,81,6,7,27,31,60,70
[ 69] Sent Broadcast: 1|0,38,53,66,78,89,97,100,1,11,40,42,59,68,73,86,95,93,14,23,34,47,55,22,62,16,43,51,65,84,92,99,49,56,80,88,69,29,50,58,64
[ 31] Sent Broadcast: 1|38,53,66,78,89,97,100,1,8,26,39,45,54,4,15,19,21,25,30,85,94,96,3,7,18,32,60,70,81,6,27,31,33,10,63,77
[ 61] Received message from  72: 1|0,38,53,66,78,89,97,100,1,21,39,54,67,73,74,5,8,10,15,45,57,44,60,63,82,90,2,37,48,72,83,36,58,61,71,98
[ 22] Sent Broadcast: 1|0,38,53,66,78,89,97,100,1,11,40,42,59,68,73,86,95,93,14,23,34,47,55,22,62,16,43,51,65,84,92,99
[ 79] Sent Broadcast: 1|0,38,53,66,78,89,97,100,1,21,39,54,67,73,74,5,8,10,15,45,57,44,60,63,82,90,2,37,48,72,83,29,36,58,61,64,71,98,20,75,79,24
[ 67] Received message from 100: 1|0,38,53,66,78,89,97,100,1,8,21,39,45,54,67,73,74
[ 35] Received message from  99: 1|0,38,53,66,78,89,97,100,1,11,40,42,59,68,73,86,95,93,14,23,34,47,55,22,62,16,43,51,65,84,92,99,35,49,56,76,80,87,88
[ 94] Received message from  85: 1|0,38,53,66,78,89,97,100,1,8,26,39,45,54,19,85,96,4,7,15,25,81,94
[ 71] Received message from   2: 1|0,38,53,66,78,89,97,100,1,21,39,54,67,73,74,5,8,10,15,45,57,44,60,63,82,90,2,37,48,72,83,29,36,58,61,64,71,98
[ 98] Received message from  37: 1|0,38,53,66,78,89,97,100,1,21,39,54,67,73,74,5,8,10,15,45,57,44,60,63,82,90,2,37,48,72,83,36,61,75,98
[ 13] Received message from  84: 1|0,38,53,66,78,89,97,100,1,11,40,42,59,68,73,86,95,93,14,23,34,47,55,22,62,16,43,51,65,84,92,99,12,13,35,76,80,87
[ 47] Received message from  65: 1|0,38,53,66,78,89,97,100,1,11,40,42,59,68,73,86,95,13,67,93,12,16,35,51,74,82,84,87,56,65,76,80,88,92,99,22,34,43,47
[ 92] Received message from  16: 1|0,38,53,66,78,89,97,100,1,11,40,42,59,68,73,86,95,13,67,93,12,16,35,51,74,82,84,87,22,34,43,65,76,80,92,99
[ 36] Received message from  75: 1|38,53,66,78,89,97,100,1,8,26,39,45,54,4,15,19,21,25,30,85,94,96,3,7,18,32,60,70,81,6,27,31,33,28,77,91,46,48,63,75,20,36,37
[ 69] Received message from  80: 1|0,38,53,66,78,89,97,100,1,11,40,42,59,68,73,86,95,93,14,23,34,47,55,22,62,16,43,51,65,84,92,99,49,56,80,88,29,35,69,76,87
[ 94] Received message from  45: 1|0,38,53,66,78,89,97,100,1,8,26,39,45,54,4,15,19,21,25,30,85,94,96
[ 50] Received message from  64: 1|0,38,53,66,78,89,97,100,1,11,40,42,59,68,73,86,95,13,67,93,12,16,35,51,74,82,84,87,56,65,76,80,88,92,99,29,64,71,2,50,58,61,69,83,90,98
[ 84] Received message from  34: 1|0,38,53,66,78,89,97,100,1,11,40,42,59,68,73,86,95,93,14,23,34,47,55,16,22,43,51,62,65,84
[ 60] Received message from  10: 1|0,38,53,66,78,89,97,100,1,21,39,54,67,73,74,5,8,10,15,45,57,31,32,44,60,63,82,90
[ 27] Received message from  60: 1|0,38,53,66,78,89,97,100,1,21,39,54,67,73,74,5,8,10,15,45,57,44,60,63,82,90,3,4,6,18,27,30,31,32,33,70
[ 61] Received message from  48: 1|38,53,66,78,89,97,100,1,8,26,39,45,54,4,15,19,21,25,30,85,94,96,3,7,18,32,60,70,81,6,27,31,33,28,77,91,46,48,63,75,2,36,37,44,61,72,83,90,98
[ 73] Received message from 100: 1|0,38,53,66,78,89,97,100,1,8,21,39,45,54,67,73,74
[ 57] Received message from  74: 1|0,38,53,66,78,89,97,100,1,11,40,42,59,68,73,86,95,13,67,93,12,21,39,74,5,10,44,57,82
[ 34] Sent Broadcast: 1|0,38,53,66,78,89,97,100,1,11,40,42,59,68,73,86,95,93,14,23,34,47,55,16,22,43,51,62,65,84
[ 58] Sent Broadcast: 1|0,38,53,66,78,89,97,100,1,21,39,54,67,73,74,5,8,10,15,45,57,44,60,63,82,90,2,37,48,72,83,29,36,58,61,64,71,98,50,69,79
[ 76] Sent Broadcast: 1|0,38,53,66,78,89,97,100,1,11,40,42,59,68,73,86,95,13,67,93,12,16,35,51,74,82,84,87,56,65,76,80,88,92,99,29,64,71
[ 21] Sent Broadcast: 1|0,38,53,66,78,89,97,100,1,21,39,54,67,73,74,5,8,10,15,45,57
[ 37] Received message from  63: 1|0,38,53,66,78,89,97,100,1,21,39,54,67,73,74,5,8,10,15,45,57,44,60,63,82,90,31,33,36,37,46,48,72,75,98
[ 85] Sent Broadcast: 1|0,38,53,66,78,89,97,100,1,8,26,39,45,54,19,85,96,4,7,15,25,81,94
[ 49] Received message from  92: 1|0,38,53,66,78,89,97,100,1,11,40,42,59,68,73,86,95,93,14,23,34,47,55,22,62,16,43,51,65,84,92,99,35,49,56,69,76,80,87,88
[ 35] Received message from  82: 1|0,38,53,66,78,89,97,100,1,21,39,54,67,73,74,5,8,10,15,45,57,44,60,63,82,90,2,12,13,35,64,71,76,83,87
[ 87] Received message from  13: 1|0,38,53,66,78,89,97,100,1,11,40,42,59,68,73,86,95,13,67,93,12,16,35,51,74,82,84,87
[ 18] Received message from  94: 1|0,38,53,66,78,89,97,100,1,8,26,39,45,54,4,15,19,21,25,30,85,94,96,3,7,18,32,70,81
[ 92] Received message from  35: 1|0,38,53,66,78,89,97,100,1,11,40,42,59,68,73,86,95,13,67,93,12,16,35,51,74,82,84,87,56,65,76,80,88,92,99
[ 36] Received message from  83: 1|0,38,53,66,78,89,97,100,1,21,39,54,67,73,74,5,8,10,15,45,57,44,60,63,82,90,2,37,48,72,83,29,36,58,61,64,71,98
[ 50] Received message from  71: 1|0,38,53,66,78,89,97,100,1,21,39,54,67,73,74,5,8,10,15,45,57,44,60,63,82,90,2,37,48,72,83,29,36,58,61,64,71,98,50,76,87
[ 65] Sent Broadcast: 1|0,38,53,66,78,89,97,100,1,11,40,42,59,68,73,86,95,13,67,93,12,16,35,51,74,82,84,87,56,65,76,80,88,92,99,22,34,43,47
[ 99] Received message from  16: 1|0,38,53,66,78,89,97,100,1,11,40,42,59,68,73,86,95,13,67,93,12,16,35,51,74,82,84,87,22,34,43,65,76,80,92,99
[ 27] Received message from  30: 1|0,38,53,66,78,89,97,100,1,8,26,39,45,54,4,15,19,21,25,30,85,94,96,3,6,7,18,27,31,32,60,70,81
[ 16] Sent Broadcast: 1|0,38,53,66,78,89,97,100,1,11,40,42,59,68,73,86,95,13,67,93,12,16,35,51,74,82,84,87,22,34,43,65,76,80,92,99
[ 37] Sent Broadcast: 1|0,38,53,66,78,89,97,100,1,21,39,54,67,73,74,5,8,10,15,45,57,44,60,63,82,90,2,37,48,72,83,36,61,75,98
[ 37] Received message from  90: 1|0,38,53,66,78,89,97,100,1,21,39,54,67,73,74,5,8,10,15,45,57,44,60,63,82,90,2,36,37,48,58,61,64,71,72,83,98
[ 46] Received message from  63: 1|0,38,53,66,78,89,97,100,1,21,39,54,67,73,74,5,8,10,15,45,57,44,60,63,82,90,31,33,36,37,46,48,72,75,98
[ 58] Received message from  61: 1|0,38,53,66,78,89,97,100,1,21,39,54,67,73,74,5,8,10,15,45,57,44,60,63,82,90,2,37,48,72,83,36,61,75,98,29,50,58,64,71,79
[ 94] Received message from  96: 1|0,38,53,66,78,89,97,100,1,8,26,39,45,54,19,85,96,4,7,15,25,30,81,94
[ 50] Received message from  88: 1|0,38,53,66,78,89,97,100,1,11,40,42,59,68,73,86,95,93,14,23,34,47,55,22,62,16,43,51,65,84,92,99,49,56,80,88,29,35,50,64,69,76,87
[ 99] Received message from  35: 1|0,38,53,66,78,89,97,100,1,11,40,42,59,68,73,86,95,13,67,93,12,16,35,51,74,82,84,87,56,65,76,80,88,92,99
[ 29] Received message from  98: 1|0,38,53,66,78,89,97,100,1,21,39,54,67,73,74,5,8,10,15,45,57,44,60,63,82,90,2,37,48,72,83,36,61,75,98,29,58,64,71,79
[ 63] Received message from  33: 1|38,53,66,78,89,97,100,1,8,26,39,45,54,4,15,19,21,25,30,85,94,96,3,7,18,32,60,70,81,6,27,31,33,28,46,48,63,77
[ 56] Received message from  92: 1|0,38,53,66,78,89,97,100,1,11,40,42,59,68,73,86,95,93,14,23,34,47,55,22,62,16,43,51,65,84,92,99,35,49,56,69,76,80,87,88
[ 29] Received message from  87: 1|0,38,53,66,78,89,97,100,1,11,40,42,59,68,73,86,95,13,67,93,12,16,35,51,74,82,84,87,29,56,64,71,76,80,88,92,99
[ 37] Received message from  75: 1|38,53,66,78,89,97,100,1,8,26,39,45,54,4,15,19,21,25,30,85,94,96,3,7,18,32,60,70,81,6,27,31,33,28,77,91,46,48,63,75,20,36,37
[ 71] Received message from  72: 1|0,38,53,66,78,89,97,100,1,21,39,54,67,73,74,5,8,10,15,45,57,44,60,63,82,90,2,37,48,72,83,36,58,61,71,98
[ 87] Received message from  29: 1|0,38,53,66,78,89,97,100,1,21,39,54,67,73,74,5,8,10,15,45,57,44,60,63,82,90,2,37,48,72,83,29,36,58,61,64,71,98,50,56,69,76,80,87,88
[ 91] Received message from  70: 1|38,53,66,78,89,97,100,1,8,26,39,45,54,4,15,19,21,25,30,85,94,96,3,7,18,32,60,70,81,6,27,31,91
[ 72] Received message from  48: 1|38,53,66,78,89,97,100,1,8,26,39,45,54,4,15,19,21,25,30,85,94,96,3,7,18,32,60,70,81,6,27,31,33,28,77,91,46,48,63,75,2,36,37,44,61,72,83,90,98
[ 60] Received message from  32: 1|0,38,53,66,78,89,97,100,1,8,26,39,45,54,4,15,19,21,25,30,85,94,96,3,18,32,81,6,10,27,31,33,60,70
[ 13] Sent Broadcast: 1|0,38,53,66,78,89,97,100,1,11,40,42,59,68,73,86,95,13,67,93,12,16,35,51,74,82,84,87
[ 70] Sent Broadcast: 1|38,53,66,78,89,97,100,1,8,26,39,45,54,4,15,19,21,25,30,85,94,96,3,7,18,32,60,70,81,6,27,31,91
[ 96] Sent Broadcast: 1|0,38,53,66,78,89,97,100,1,8,26,39,45,54,19,85,96,4,7,15,25,30,81,94
[ 30] Received message from  60: 1|0,38,53,66,78,89,97,100,1,21,39,54,67,73,74,5,8,10,15,45,57,44,60,63,82,90,3,4,6,18,27,30,31,32,33,70
[ 35] Sent Broadcast: 1|0,38,53,66,78,89,97,100,1,11,40,42,59,68,73,86,95,13,67,93,12,16,35,51,74,82,84,87,56,65,76,80,88,92,99
[ 74] Received message from 100: 1|0,38,53,66,78,89,97,100,1,8,21,39,45,54,67,73,74
[100] Sent Broadcast: 1|0,38,53,66,78,89,97,100,1,8,21,39,45,54,67,73,74
[ 35] Received message from  84: 1|0,38,53,66,78,89,97,100,1,11,40,42,59,68,73,86,95,93,14,23,34,47,55,22,62,16,43,51,65,84,92,99,12,13,35,76,80,87
[ 76] Received message from  80: 1|0,38,53,66,78,89,97,100,1,11,40,42,59,68,73,86,95,93,14,23,34,47,55,22,62,16,43,51,65,84,92,99,49,56,80,88,29,35,69,76,87
[ 82] Received message from  74: 1|0,38,53,66,78,89,97,100,1,11,40,42,59,68,73,86,95,13,67,93,12,21,39,74,5,10,44,57,82
[ 56] Received message from  87: 1|0,38,53,66,78,89,97,100,1,11,40,42,59,68,73,86,95,13,67,93,12,16,35,51,74,82,84,87,29,56,64,71,76,80,88,92,99
[ 74] Sent Broadcast: 1|0,38,53,66,78,89,97,100,1,11,40,42,59,68,73,86,95,13,67,93,12,21,39,74,5,10,44,57,82
[ 69] Received message from  92: 1|0,38,53,66,78,89,97,100,1,11,40,42,59,68,73,86,95,93,14,23,34,47,55,22,62,16,43,51,65,84,92,99,35,49,56,69,76,80,87,88
[ 76] Received message from  71: 1|0,38,53,66,78,89,97,100,1,21,39,54,67,73,74,5,8,10,15,45,57,44,60,63,82,90,2,37,48,72,83,29,36,58,61,64,71,98,50,76,87
[ 48] Received message from  90: 1|0,38,53,66,78,89,97,100,1,21,39,54,67,73,74,5,8,10,15,45,57,44,60,63,82,90,2,36,37,48,58,61,64,71,72,83,98
[ 75] Sent Broadcast: 1|38,53,66,78,89,97,100,1,8,26,39,45,54,4,15,19,21,25,30,85,94,96,3,7,18,32,60,70,81,6,27,31,33,28,77,91,46,48,63,75,20,36,37
[ 87] Received message from  51: 1|0,38,53,66,78,89,97,100,1,11,40,42,59,68,73,86,95,93,14,23,34,47,55,22,62,16,43,51,65,84,92,99,12,13,35,76,80,87
[ 64] Received message from  82: 1|0,38,53,66,78,89,97,100,1,21,39,54,67,73,74,5,8,10,15,45,57,44,60,63,82,90,2,12,13,35,64,71,76,83,87
[ 58] Received message from  64: 1|0,38,53,66,78,89,97,100,1,11,40,42,59,68,73,86,95,13,67,93,12,16,35,51,74,82,84,87,56,65,76,80,88,92,99,29,64,71,2,50,58,61,69,83,90,98
[ 87] Received message from  80: 1|0,38,53,66,78,89,97,100,1,11,40,42,59,68,73,86,95,93,14,23,34,47,55,22,62,16,43,51,65,84,92,99,49,56,80,88,29,35,69,76,87
[ 51] Sent Broadcast: 1|0,38,53,66,78,89,97,100,1,11,40,42,59,68,73,86,95,93,14,23,34,47,55,22,62,16,43,51,65,84,92,99,12,13,35,76,80,87
[ 63] Received message from  10: 1|0,38,53,66,78,89,97,100,1,21,39,54,67,73,74,5,8,10,15,45,57,31,32,44,60,63,82,90
[ 98] Received message from   2: 1|0,38,53,66,78,89,97,100,1,21,39,54,67,73,74,5,8,10,15,45,57,44,60,63,82,90,2,37,48,72,83,29,36,58,61,64,71,98
[ 32] Received message from  94: 1|0,38,53,66,78,89,97,100,1,8,26,39,45,54,4,15,19,21,25,30,85,94,96,3,7,18,32,70,81
[ 48] Received message from  63: 1|0,38,53,66,78,89,97,100,1,21,39,54,67,73,74,5,8,10,15,45,57,44,60,63,82,90,31,33,36,37,46,48,72,75,98
[ 76] Received message from  84: 1|0,38,53,66,78,89,97,100,1,11,40,42,59,68,73,86,95,93,14,23,34,47,55,22,62,16,43,51,65,84,92,99,12,13,35,76,80,87
[ 83] Received message from  48: 1|38,53,66,78,89,97,100,1,8,26,39,45,54,4,15,19,21,25,30,85,94,96,3,7,18,32,60,70,81,6,27,31,33,28,77,91,46,48,63,75,2,36,37,44,61,72,83,90,98
[ 49] Received message from  99: 1|0,38,53,66,78,89,97,100,1,11,40,42,59,68,73,86,95,93,14,23,34,47,55,22,62,16,43,51,65,84,92,99,35,49,56,76,80,87,88
[ 70] Received message from  32: 1|0,38,53,66,78,89,97,100,1,8,26,39,45,54,4,15,19,21,25,30,85,94,96,3,18,32,81,6,10,27,31,33,60,70
[ 58] Received message from  98: 1|0,38,53,66,78,89,97,100,1,21,39,54,67,73,74,5,8,10,15,45,57,44,60,63,82,90,2,37,48,72,83,36,61,75,98,29,58,64,71,79
[ 77] Received message from  33: 1|38,53,66,78,89,97,100,1,8,26,39,45,54,4,15,19,21,25,30,85,94,96,3,7,18,32,60,70,81,6,27,31,33,28,46,48,63,77
[ 31] Received message from  30: 1|0,38,53,66,78,89,97,100,1,8,26,39,45,54,4,15,19,21,25,30,85,94,96,3,6,7,18,27,31,32,60,70,81
[ 87] Received message from  71: 1|0,38,53,66,78,89,97,100,1,21,39,54,67,73,74,5,8,10,15,45,57,44,60,63,82,90,2,37,48,72,83,29,36,58,61,64,71,98,50,76,87
[ 64] Received message from  61: 1|0,38,53,66,78,89,97,100,1,21,39,54,67,73,74,5,8,10,15,45,57,44,60,63,82,90,2,37,48,72,83,36,61,75,98,29,50,58,64,71,79
[ 58] Received message from  83: 1|0,38,53,66,78,89,97,100,1,21,39,54,67,73,74,5,8,10,15,45,57,44,60,63,82,90,2,37,48,72,83,29,36,58,61,64,71,98
[ 31] Received message from  60: 1|0,38,53,66,78,89,97,100,1,21,39,54,67,73,74,5,8,10,15,45,57,44,60,63,82,90,3,4,6,18,27,30,31,32,33,70
[ 88] Received message from  29: 1|0,38,53,66,78,89,97,100,1,21,39,54,67,73,74,5,8,10,15,45,57,44,60,63,82,90,2,37,48,72,83,29,36,58,61,64,71,98,50,56,69,76,80,87,88
[ 96] Received message from  45: 1|0,38,53,66,78,89,97,100,1,8,26,39,45,54,4,15,19,21,25,30,85,94,96
[ 98] Received message from  72: 1|0,38,53,66,78,89,97,100,1,21,39,54,67,73,74,5,8,10,15,45,57,44,60,63,82,90,2,37,48,72,83,36,58,61,71,98
[ 58] Received message from  90: 1|0,38,53,66,78,89,97,100,1,21,39,54,67,73,74,5,8,10,15,45,57,44,60,63,82,90,2,36,37,48,58,61,64,71,72,83,98
[ 64] Received message from  88: 1|0,38,53,66,78,89,97,100,1,11,40,42,59,68,73,86,95,93,14,23,34,47,55,22,62,16,43,51,65,84,92,99,49,56,80,88,29,35,50,64,69,76,87
[  2] Sent Broadcast: 1|0,38,53,66,78,89,97,100,1,21,39,54,67,73,74,5,8,10,15,45,57,44,60,63,82,90,2,37,48,72,83,29,36,58,61,64,71,98
[ 76] Received message from  92: 1|0,38,53,66,78,89,97,100,1,11,40,42,59,68,73,86,95,93,14,23,34,47,55,22,62,16,43,51,65,84,92,99,35,49,56,69,76,80,87,88
[ 80] Sent Broadcast: 1|0,38,53,66,78,89,97,100,1,11,40,42,59,68,73,86,95,93,14,23,34,47,55,22,62,16,43,51,65,84,92,99,49,56,80,88,29,35,69,76,87
[ 71] Sent Broadcast: 1|0,38,53,66,78,89,97,100,1,21,39,54,67,73,74,5,8,10,15,45,57,44,60,63,82,90,2,37,48,72,83,29,36,58,61,64,71,98,50,76,87
[ 72] Sent Broadcast: 1|0,38,53,66,78,89,97,100,1,21,39,54,67,73,74,5,8,10,15,45,57,44,60,63,82,90,2,37,48,72,83,36,58,61,71,98
[ 32] Sent Broadcast: 1|0,38,53,66,78,89,97,100,1,8,26,39,45,54,4,15,19,21,25,30,85,94,96,3,18,32,81,6,10,27,31,33,60,70
[ 33] Sent Broadcast: 1|38,53,66,78,89,97,100,1,8,26,39,45,54,4,15,19,21,25,30,85,94,96,3,7,18,32,60,70,81,6,27,31,33,28,46,48,63,77
[ 29] Sent Broadcast: 1|0,38,53,66,78,89,97,100,1,21,39,54,67,73,74,5,8,10,15,45,57,44,60,63,82,90,2,37,48,72,83,29,36,58,61,64,71,98,50,56,69,76,80,87,88
[ 45] Sent Broadcast: 1|0,38,53,66,78,89,97,100,1,8,26,39,45,54,4,15,19,21,25,30,85,94,96
[ 71] Received message from  82: 1|0,38,53,66,78,89,97,100,1,21,39,54,67,73,74,5,8,10,15,45,57,44,60,63,82,90,2,12,13,35,64,71,76,83,87
[ 61] Received message from  64: 1|0,38,53,66,78,89,97,100,1,11,40,42,59,68,73,86,95,13,67,93,12,16,35,51,74,82,84,87,56,65,76,80,88,92,99,29,64,71,2,50,58,61,69,83,90,98
[ 82] Received message from  10: 1|0,38,53,66,78,89,97,100,1,21,39,54,67,73,74,5,8,10,15,45,57,31,32,44,60,63,82,90
[ 64] Received message from  87: 1|0,38,53,66,78,89,97,100,1,11,40,42,59,68,73,86,95,13,67,93,12,16,35,51,74,82,84,87,29,56,64,71,76,80,88,92,99
[ 70] Received message from  94: 1|0,38,53,66,78,89,97,100,1,8,26,39,45,54,4,15,19,21,25,30,85,94,96,3,7,18,32,70,81
[ 72] Received message from  63: 1|0,38,53,66,78,89,97,100,1,21,39,54,67,73,74,5,8,10,15,45,57,44,60,63,82,90,31,33,36,37,46,48,72,75,98
[ 71] Received message from  61: 1|0,38,53,66,78,89,97,100,1,21,39,54,67,73,74,5,8,10,15,45,57,44,60,63,82,90,2,37,48,72,83,36,61,75,98,29,50,58,64,71,79
[ 61] Received message from  90: 1|0,38,53,66,78,89,97,100,1,21,39,54,67,73,74,5,8,10,15,45,57,44,60,63,82,90,2,36,37,48,58,61,64,71,72,83,98
[ 69] Received message from  88: 1|0,38,53,66,78,89,97,100,1,11,40,42,59,68,73,86,95,93,14,23,34,47,55,22,62,16,43,51,65,84,92,99,49,56,80,88,29,35,50,64,69,76,87
[ 76] Received message from  82: 1|0,38,53,66,78,89,97,100,1,21,39,54,67,73,74,5,8,10,15,45,57,44,60,63,82,90,2,12,13,35,64,71,76,83,87
[ 90] Received message from  48: 1|38,53,66,78,89,97,100,1,8,26,39,45,54,4,15,19,21,25,30,85,94,96,3,7,18,32,60,70,81,6,27,31,33,28,77,91,46,48,63,75,2,36,37,44,61,72,83,90,98
[ 64] Received message from  98: 1|0,38,53,66,78,89,97,100,1,21,39,54,67,73,74,5,8,10,15,45,57,44,60,63,82,90,2,37,48,72,83,36,61,75,98,29,58,64,71,79
[ 80] Received message from  84: 1|0,38,53,66,78,89,97,100,1,11,40,42,59,68,73,86,95,93,14,23,34,47,55,22,62,16,43,51,65,84,92,99,12,13,35,76,80,87
[ 32] Received message from  60: 1|0,38,53,66,78,89,97,100,1,21,39,54,67,73,74,5,8,10,15,45,57,44,60,63,82,90,3,4,6,18,27,30,31,32,33,70
[ 61] Received message from  83: 1|0,38,53,66,78,89,97,100,1,21,39,54,67,73,74,5,8,10,15,45,57,44,60,63,82,90,2,37,48,72,83,29,36,58,61,64,71,98
[ 81] Received message from  94: 1|0,38,53,66,78,89,97,100,1,8,26,39,45,54,4,15,19,21,25,30,85,94,96,3,7,18,32,70,81
[ 56] Received message from  99: 1|0,38,53,66,78,89,97,100,1,11,40,42,59,68,73,86,95,93,14,23,34,47,55,22,62,16,43,51,65,84,92,99,35,49,56,76,80,87,88
[ 69] Received message from  64: 1|0,38,53,66,78,89,97,100,1,11,40,42,59,68,73,86,95,13,67,93,12,16,35,51,74,82,84,87,56,65,76,80,88,92,99,29,64,71,2,50,58,61,69,83,90,98
[ 76] Received message from  88: 1|0,38,53,66,78,89,97,100,1,11,40,42,59,68,73,86,95,93,14,23,34,47,55,22,62,16,43,51,65,84,92,99,49,56,80,88,29,35,50,64,69,76,87
[ 71] Received message from  87: 1|0,38,53,66,78,89,97,100,1,11,40,42,59,68,73,86,95,13,67,93,12,16,35,51,74,82,84,87,29,56,64,71,76,80,88,92,99
[ 90] Received message from  10: 1|0,38,53,66,78,89,97,100,1,21,39,54,67,73,74,5,8,10,15,45,57,31,32,44,60,63,82,90
[ 83] Received message from  82: 1|0,38,53,66,78,89,97,100,1,21,39,54,67,73,74,5,8,10,15,45,57,44,60,63,82,90,2,12,13,35,64,71,76,83,87
[ 87] Received message from  84: 1|0,38,53,66,78,89,97,100,1,11,40,42,59,68,73,86,95,93,14,23,34,47,55,22,62,16,43,51,65,84,92,99,12,13,35,76,80,87
[ 71] Received message from  98: 1|0,38,53,66,78,89,97,100,1,21,39,54,67,73,74,5,8,10,15,45,57,44,60,63,82,90,2,37,48,72,83,36,61,75,98,29,58,64,71,79
[ 64] Received message from  90: 1|0,38,53,66,78,89,97,100,1,21,39,54,67,73,74,5,8,10,15,45,57,44,60,63,82,90,2,36,37,48,58,61,64,71,72,83,98
[ 75] Received message from  63: 1|0,38,53,66,78,89,97,100,1,21,39,54,67,73,74,5,8,10,15,45,57,44,60,63,82,90,31,33,36,37,46,48,72,75,98
[ 32] Received message from  30: 1|0,38,53,66,78,89,97,100,1,8,26,39,45,54,4,15,19,21,25,30,85,94,96,3,6,7,18,27,31,32,60,70,81
[ 94] Sent Broadcast: 1|0,38,53,66,78,89,97,100,1,8,26,39,45,54,4,15,19,21,25,30,85,94,96,3,7,18,32,70,81
[ 80] Received message from  92: 1|0,38,53,66,78,89,97,100,1,11,40,42,59,68,73,86,95,93,14,23,34,47,55,22,62,16,43,51,65,84,92,99,35,49,56,69,76,80,87,88
[ 84] Sent Broadcast: 1|0,38,53,66,78,89,97,100,1,11,40,42,59,68,73,86,95,93,14,23,34,47,55,22,62,16,43,51,65,84,92,99,12,13,35,76,80,87
[ 98] Received message from  48: 1|38,53,66,78,89,97,100,1,8,26,39,45,54,4,15,19,21,25,30,85,94,96,3,7,18,32,60,70,81,6,27,31,33,28,77,91,46,48,63,75,2,36,37,44,61,72,83,90,98
[ 10] Sent Broadcast: 1|0,38,53,66,78,89,97,100,1,21,39,54,67,73,74,5,8,10,15,45,57,31,32,44,60,63,82,90
[ 87] Received message from  88: 1|0,38,53,66,78,89,97,100,1,11,40,42,59,68,73,86,95,93,14,23,34,47,55,22,62,16,43,51,65,84,92,99,49,56,80,88,29,35,50,64,69,76,87
[ 33] Received message from  60: 1|0,38,53,66,78,89,97,100,1,21,39,54,67,73,74,5,8,10,15,45,57,44,60,63,82,90,3,4,6,18,27,30,31,32,33,70
[ 79] Received message from  61: 1|0,38,53,66,78,89,97,100,1,21,39,54,67,73,74,5,8,10,15,45,57,44,60,63,82,90,2,37,48,72,83,36,61,75,98,29,50,58,64,71,79
[ 76] Received message from  99: 1|0,38,53,66,78,89,97,100,1,11,40,42,59,68,73,86,95,93,14,23,34,47,55,22,62,16,43,51,65,84,92,99,35,49,56,76,80,87,88
[ 64] Received message from  83: 1|0,38,53,66,78,89,97,100,1,21,39,54,67,73,74,5,8,10,15,45,57,44,60,63,82,90,2,37,48,72,83,29,36,58,61,64,71,98
[ 48] Sent Broadcast: 1|38,53,66,78,89,97,100,1,8,26,39,45,54,4,15,19,21,25,30,85,94,96,3,7,18,32,60,70,81,6,27,31,33,28,77,91,46,48,63,75,2,36,37,44,61,72,83,90,98
[ 79] Received message from  98: 1|0,38,53,66,78,89,97,100,1,21,39,54,67,73,74,5,8,10,15,45,57,44,60,63,82,90,2,37,48,72,83,36,61,75,98,29,58,64,71,79
[ 88] Sent Broadcast: 1|0,38,53,66,78,89,97,100,1,11,40,42,59,68,73,86,95,93,14,23,34,47,55,22,62,16,43,51,65,84,92,99,49,56,80,88,29,35,50,64,69,76,87
[ 60] Received message from  30: 1|0,38,53,66,78,89,97,100,1,8,26,39,45,54,4,15,19,21,25,30,85,94,96,3,6,7,18,27,31,32,60,70,81
[ 61] Sent Broadcast: 1|0,38,53,66,78,89,97,100,1,21,39,54,67,73,74,5,8,10,15,45,57,44,60,63,82,90,2,37,48,72,83,36,61,75,98,29,50,58,64,71,79
[ 87] Received message from  82: 1|0,38,53,66,78,89,97,100,1,21,39,54,67,73,74,5,8,10,15,45,57,44,60,63,82,90,2,12,13,35,64,71,76,83,87
[ 83] Received message from  64: 1|0,38,53,66,78,89,97,100,1,11,40,42,59,68,73,86,95,13,67,93,12,16,35,51,74,82,84,87,56,65,76,80,88,92,99,29,64,71,2,50,58,61,69,83,90,98
[ 87] Received message from  92: 1|0,38,53,66,78,89,97,100,1,11,40,42,59,68,73,86,95,93,14,23,34,47,55,22,62,16,43,51,65,84,92,99,35,49,56,69,76,80,87,88
[ 76] Received message from  87: 1|0,38,53,66,78,89,97,100,1,11,40,42,59,68,73,86,95,13,67,93,12,16,35,51,74,82,84,87,29,56,64,71,76,80,88,92,99
[ 82] Sent Broadcast: 1|0,38,53,66,78,89,97,100,1,21,39,54,67,73,74,5,8,10,15,45,57,44,60,63,82,90,2,12,13,35,64,71,76,83,87
[ 70] Received message from  60: 1|0,38,53,66,78,89,97,100,1,21,39,54,67,73,74,5,8,10,15,45,57,44,60,63,82,90,3,4,6,18,27,30,31,32,33,70
[ 98] Received message from  63: 1|0,38,53,66,78,89,97,100,1,21,39,54,67,73,74,5,8,10,15,45,57,44,60,63,82,90,31,33,36,37,46,48,72,75,98
[ 60] Sent Broadcast: 1|0,38,53,66,78,89,97,100,1,21,39,54,67,73,74,5,8,10,15,45,57,44,60,63,82,90,3,4,6,18,27,30,31,32,33,70
[ 70] Received message from  30: 1|0,38,53,66,78,89,97,100,1,8,26,39,45,54,4,15,19,21,25,30,85,94,96,3,6,7,18,27,31,32,60,70,81
[ 98] Sent Broadcast: 1|0,38,53,66,78,89,97,100,1,21,39,54,67,73,74,5,8,10,15,45,57,44,60,63,82,90,2,37,48,72,83,36,61,75,98,29,58,64,71,79
[ 63] Sent Broadcast: 1|0,38,53,66,78,89,97,100,1,21,39,54,67,73,74,5,8,10,15,45,57,44,60,63,82,90,31,33,36,37,46,48,72,75,98
[ 80] Received message from  99: 1|0,38,53,66,78,89,97,100,1,11,40,42,59,68,73,86,95,93,14,23,34,47,55,22,62,16,43,51,65,84,92,99,35,49,56,76,80,87,88
[ 90] Received message from  64: 1|0,38,53,66,78,89,97,100,1,11,40,42,59,68,73,86,95,13,67,93,12,16,35,51,74,82,84,87,56,65,76,80,88,92,99,29,64,71,2,50,58,61,69,83,90,98
[ 88] Received message from  92: 1|0,38,53,66,78,89,97,100,1,11,40,42,59,68,73,86,95,93,14,23,34,47,55,22,62,16,43,51,65,84,92,99,35,49,56,69,76,80,87,88
[ 81] Received message from  30: 1|0,38,53,66,78,89,97,100,1,8,26,39,45,54,4,15,19,21,25,30,85,94,96,3,6,7,18,27,31,32,60,70,81
[ 30] Sent Broadcast: 1|0,38,53,66,78,89,97,100,1,8,26,39,45,54,4,15,19,21,25,30,85,94,96,3,6,7,18,27,31,32,60,70,81
[ 80] Received message from  87: 1|0,38,53,66,78,89,97,100,1,11,40,42,59,68,73,86,95,13,67,93,12,16,35,51,74,82,84,87,29,56,64,71,76,80,88,92,99
[ 92] Sent Broadcast: 1|0,38,53,66,78,89,97,100,1,11,40,42,59,68,73,86,95,93,14,23,34,47,55,22,62,16,43,51,65,84,92,99,35,49,56,69,76,80,87,88
[ 98] Received message from  64: 1|0,38,53,66,78,89,97,100,1,11,40,42,59,68,73,86,95,13,67,93,12,16,35,51,74,82,84,87,56,65,76,80,88,92,99,29,64,71,2,50,58,61,69,83,90,98
[ 64] Sent Broadcast: 1|0,38,53,66,78,89,97,100,1,11,40,42,59,68,73,86,95,13,67,93,12,16,35,51,74,82,84,87,56,65,76,80,88,92,99,29,64,71,2,50,58,61,69,83,90,98
[ 71] Received message from  90: 1|0,38,53,66,78,89,97,100,1,21,39,54,67,73,74,5,8,10,15,45,57,44,60,63,82,90,2,36,37,48,58,61,64,71,72,83,98
[ 88] Received message from  87: 1|0,38,53,66,78,89,97,100,1,11,40,42,59,68,73,86,95,13,67,93,12,16,35,51,74,82,84,87,29,56,64,71,76,80,88,92,99
[ 87] Received message from  99: 1|0,38,53,66,78,89,97,100,1,11,40,42,59,68,73,86,95,93,14,23,34,47,55,22,62,16,43,51,65,84,92,99,35,49,56,76,80,87,88
[ 72] Received message from  90: 1|0,38,53,66,78,89,97,100,1,21,39,54,67,73,74,5,8,10,15,45,57,44,60,63,82,90,2,36,37,48,58,61,64,71,72,83,98
[ 88] Received message from  99: 1|0,38,53,66,78,89,97,100,1,11,40,42,59,68,73,86,95,93,14,23,34,47,55,22,62,16,43,51,65,84,92,99,35,49,56,76,80,87,88
[ 71] Received message from  83: 1|0,38,53,66,78,89,97,100,1,21,39,54,67,73,74,5,8,10,15,45,57,44,60,63,82,90,2,37,48,72,83,29,36,58,61,64,71,98
[ 99] Sent Broadcast: 1|0,38,53,66,78,89,97,100,1,11,40,42,59,68,73,86,95,93,14,23,34,47,55,22,62,16,43,51,65,84,92,99,35,49,56,76,80,87,88
[ 92] Received message from  87: 1|0,38,53,66,78,89,97,100,1,11,40,42,59,68,73,86,95,13,67,93,12,16,35,51,74,82,84,87,29,56,64,71,76,80,88,92,99
[ 98] Received message from  83: 1|0,38,53,66,78,89,97,100,1,21,39,54,67,73,74,5,8,10,15,45,57,44,60,63,82,90,2,37,48,72,83,29,36,58,61,64,71,98
[ 83] Sent Broadcast: 1|0,38,53,66,78,89,97,100,1,21,39,54,67,73,74,5,8,10,15,45,57,44,60,63,82,90,2,37,48,72,83,29,36,58,61,64,71,98
[ 83] Received message from  90: 1|0,38,53,66,78,89,97,100,1,21,39,54,67,73,74,5,8,10,15,45,57,44,60,63,82,90,2,36,37,48,58,61,64,71,72,83,98
[ 99] Received message from  87: 1|0,38,53,66,78,89,97,100,1,11,40,42,59,68,73,86,95,13,67,93,12,16,35,51,74,82,84,87,29,56,64,71,76,80,88,92,99
[ 87] Sent Broadcast: 1|0,38,53,66,78,89,97,100,1,11,40,42,59,68,73,86,95,13,67,93,12,16,35,51,74,82,84,87,29,56,64,71,76,80,88,92,99
[ 98] Received message from  90: 1|0,38,53,66,78,89,97,100,1,21,39,54,67,73,74,5,8,10,15,45,57,44,60,63,82,90,2,36,37,48,58,61,64,71,72,83,98
[ 90] Sent Broadcast: 1|0,38,53,66,78,89,97,100,1,21,39,54,67,73,74,5,8,10,15,45,57,44,60,63,82,90,2,36,37,48,58,61,64,71,72,83,98
