[ 12] Received message from   1: 1|0,12,38,41,46,68,72,84,96
[  4] Received message from  12: 1|0,12,38,41,46,68,72,84,96,1,4,31,64,76
[ 38] Received message from   1: 1|0,12,38,41,46,68,72,84,96
[ 31] Received message from  12: 1|0,12,38,41,46,68,72,84,96,1,4,31,64,76
[ 41] Received message from   1: 1|0,12,38,41,46,68,72,84,96
[ 30] Received message from  38: 1|0,12,38,41,46,68,72,84,96,1,30
[  8] Received message from   4: 1|0,12,38,41,46,68,72,84,96,1,4,31,64,76,8,28,49,50,59,65,90,98
[ 46] Received message from   1: 1|0,12,38,41,46,68,72,84,96
[ 64] Received message from  12: 1|0,12,38,41,46,68,72,84,96,1,4,31,64,76
[ 87] Received message from  31: 1|0,12,38,41,46,68,72,84,96,1,4,31,64,76,87
[ 28] Received message from   4: 1|0,12,38,41,46,68,72,84,96,1,4,31,64,76,8,28,49,50,59,65,90,98
[ 11] Received message from   8: 1|0,12,38,41,46,68,72,84,96,1,4,31,64,76,8,28,49,50,59,65,90,98,11,16,19,20,21,24,51,52,54,81
[ 88] Received message from  30: 1|0,12,38,41,46,68,72,84,96,1,30,88
[ 38] Sent Broadcast: 1|0,12,38,41,46,68,72,84,96,1,30
[ 31] Received message from  46: 1|0,12,38,41,46,68,72,84,96,1,31
[ 31] Sent Broadcast: 1|0,12,38,41,46,68,72,84,96,1,4,31,64,76,87
[ 30] Received message from  41: 1|0,12,38,41,46,68,72,84,96,1,30,63,88
[ 46] Sent Broadcast: 1|0,12,38,41,46,68,72,84,96,1,31
[ 30] Sent Broadcast: 1|0,12,38,41,46,68,72,84,96,1,30,88
[  8] Received message from  64: 1|0,12,38,41,46,68,72,84,96,1,4,31,64,76,8,16,19,20,24,28,49,50,59,65,71,90,98
[ 26] Received message from  11: 1|0,12,38,41,46,68,72,84,96,1,4,31,64,76,8,28,49,50,59,65,90,98,11,16,19,20,21,24,51,52,54,81,26,57,70,73,83,85
[ 76] Received message from  12: 1|0,12,38,41,46,68,72,84,96,1,4,31,64,76
[  3] Received message from  28: 1|0,12,38,41,46,68,72,84,96,1,4,31,64,76,8,28,49,50,59,65,90,98,3,13,16,20,24,61,71,86
[ 45] Received message from  88: 1|0,12,38,41,46,68,72,84,96,1,30,88,45,63
[ 68] Received message from   1: 1|0,12,38,41,46,68,72,84,96
[ 49] Received message from   4: 1|0,12,38,41,46,68,72,84,96,1,4,31,64,76,8,28,49,50,59,65,90,98
[ 63] Received message from  41: 1|0,12,38,41,46,68,72,84,96,1,30,63,88
[ 16] Received message from   8: 1|0,12,38,41,46,68,72,84,96,1,4,31,64,76,8,28,49,50,59,65,90,98,11,16,19,20,21,24,51,52,54,81
[ 12] Sent Broadcast: 1|0,12,38,41,46,68,72,84,96,1,4,31,64,76
[ 16] Received message from  64: 1|0,12,38,41,46,68,72,84,96,1,4,31,64,76,8,16,19,20,24,28,49,50,59,65,71,90,98
[ 13] Received message from  26: 1|0,12,38,41,46,68,72,84,96,1,4,31,64,76,8,28,49,50,59,65,90,98,11,16,19,20,21,24,51,52,54,81,26,57,70,73,83,85,13,36,69,71,78,86
[ 17] Received message from  76: 1|0,12,38,41,46,68,72,84,96,1,4,31,64,76,17,50,53,65,66,87
[ 36] Received message from   3: 1|12,38,41,46,68,72,84,96,1,4,31,64,76,8,28,49,50,59,65,90,98,3,13,16,20,24,61,71,86,36,63,95
[ 25] Received message from  45: 1|0,12,38,41,46,68,72,84,96,1,30,88,45,63,25,60,80,94
[ 11] Received message from  49: 1|0,12,38,41,46,68,72,84,96,1,4,31,64,76,8,28,49,50,59,65,90,98,11,13,16,19,20,21,24,51,54,71
[  3] Received message from  63: 1|0,12,38,41,46,68,72,84,96,1,30,63,88,3,60,61,86,95
[ 17] Received message from  87: 1|0,12,38,41,46,68,72,84,96,1,4,31,64,76,87,17,29,48,53,66,91,92
[ 72] Received message from   1: 1|0,12,38,41,46,68,72,84,96
[  3] Received message from  68: 1|0,12,38,41,46,68,72,84,96,1,3,4,31,61,63
[ 13] Received message from  28: 1|0,12,38,41,46,68,72,84,96,1,4,31,64,76,8,28,49,50,59,65,90,98,3,13,16,20,24,61,71,86
[ 57] Received message from  11: 1|0,12,38,41,46,68,72,84,96,1,4,31,64,76,8,28,49,50,59,65,90,98,11,16,19,20,21,24,51,52,54,81,26,57,70,73,83,85
[ 63] Received message from  88: 1|0,12,38,41,46,68,72,84,96,1,30,88,45,63
[  9] Received message from  17: 1|0,12,38,41,46,68,72,84,96,1,4,31,64,76,17,50,53,65,66,87,9,18,22,29,48,91,92,97,100
[ 50] Received message from   4: 1|0,12,38,41,46,68,72,84,96,1,4,31,64,76,8,28,49,50,59,65,90,98
[ 88] Received message from  41: 1|0,12,38,41,46,68,72,84,96,1,30,63,88
[ 13] Received message from  16: 1|0,12,38,41,46,68,72,84,96,1,4,31,64,76,8,28,49,50,59,65,90,98,11,16,19,20,21,24,51,52,54,81,13,26,71,83
[ 19] Received message from   8: 1|0,12,38,41,46,68,72,84,96,1,4,31,64,76,8,28,49,50,59,65,90,98,11,16,19,20,21,24,51,52,54,81
[ 26] Received message from  36: 1|12,38,41,46,68,72,84,96,1,4,31,64,76,8,28,49,50,59,65,90,98,3,13,16,20,24,61,71,86,36,63,95,26
[ 50] Received message from  76: 1|0,12,38,41,46,68,72,84,96,1,4,31,64,76,17,50,53,65,66,87
[  3] Received message from  13: 1|0,12,38,41,46,68,72,84,96,1,4,31,64,76,8,28,49,50,59,65,90,98,11,16,19,20,21,24,51,52,54,81,26,57,70,73,83,85,13,36,69,71,78,86,3,61,95
[ 36] Sent Broadcast: 1|12,38,41,46,68,72,84,96,1,4,31,64,76,8,28,49,50,59,65,90,98,3,13,16,20,24,61,71,86,36,63,95,26
[ 13] Received message from  49: 1|0,12,38,41,46,68,72,84,96,1,4,31,64,76,8,28,49,50,59,65,90,98,11,13,16,19,20,21,24,51,54,71
[ 36] Received message from  26: 1|0,12,38,41,46,68,72,84,96,1,4,31,64,76,8,28,49,50,59,65,90,98,11,16,19,20,21,24,51,52,54,81,26,57,70,73,83,85,13,36,69,71,78,86
[ 19] Received message from  64: 1|0,12,38,41,46,68,72,84,96,1,4,31,64,76,8,16,19,20,24,28,49,50,59,65,71,90,98
[  2] Received message from   9: 1|0,12,38,41,46,68,72,84,96,1,4,31,64,76,17,50,53,65,66,87,9,18,22,29,48,91,92,97,100,2,34,47,67
[  6] Received message from  57: 1|0,12,38,41,46,68,72,84,96,1,4,31,64,76,8,28,49,50,59,65,90,98,11,16,19,20,21,24,51,52,54,81,26,57,70,73,83,85,6,58,62,78
[  4] Received message from  72: 1|0,12,38,41,46,68,72,84,96,1,4,31,76
[ 16] Received message from  28: 1|0,12,38,41,46,68,72,84,96,1,4,31,64,76,8,28,49,50,59,65,90,98,3,13,16,20,24,61,71,86
[ 18] Received message from  19: 1|0,12,38,41,46,68,72,84,96,1,4,31,64,76,8,28,49,50,59,65,90,98,11,16,19,20,21,24,51,52,54,81,18,22,35,53
[ 63] Received message from   3: 1|12,38,41,46,68,72,84,96,1,4,31,64,76,8,28,49,50,59,65,90,98,3,13,16,20,24,61,71,86,36,63,95
[ 20] Received message from   8: 1|0,12,38,41,46,68,72,84,96,1,4,31,64,76,8,28,49,50,59,65,90,98,11,16,19,20,21,24,51,52,54,81
[ 88] Sent Broadcast: 1|0,12,38,41,46,68,72,84,96,1,30,88,45,63
[ 41] Sent Broadcast: 1|0,12,38,41,46,68,72,84,96,1,30,63,88
[ 84] Received message from   1: 1|0,12,38,41,46,68,72,84,96
[ 16] Received message from  50: 1|0,12,38,41,46,68,72,84,96,1,4,31,64,76,8,28,49,50,59,65,90,98,16,19,81
[ 60] Received message from  45: 1|0,12,38,41,46,68,72,84,96,1,30,88,45,63,25,60,80,94
[ 61] Received message from  13: 1|0,12,38,41,46,68,72,84,96,1,4,31,64,76,8,28,49,50,59,65,90,98,11,16,19,20,21,24,51,52,54,81,26,57,70,73,83,85,13,36,69,71,78,86,3,61,95
[  2] Received message from  18: 1|0,12,38,41,46,68,72,84,96,1,4,31,64,76,8,28,49,50,59,65,90,98,11,16,19,20,21,24,51,52,54,81,18,22,35,53,2,9,17,44,47,56,97
[ 60] Received message from  63: 1|0,12,38,41,46,68,72,84,96,1,30,63,88,3,60,61,86,95
[ 69] Received message from   6: 1|0,12,38,41,46,68,72,84,96,1,4,31,64,76,8,28,49,50,59,65,90,98,11,16,19,20,21,24,51,52,54,81,26,57,70,73,83,85,6,58,62,78,69
[ 29] Received message from  87: 1|0,12,38,41,46,68,72,84,96,1,4,31,64,76,87,17,29,48,53,66,91,92
[ 22] Received message from  19: 1|0,12,38,41,46,68,72,84,96,1,4,31,64,76,8,28,49,50,59,65,90,98,11,16,19,20,21,24,51,52,54,81,18,22,35,53
[ 18] Received message from  17: 1|0,12,38,41,46,68,72,84,96,1,4,31,64,76,17,50,53,65,66,87,9,18,22,29,48,91,92,97,100
[ 16] Received message from  49: 1|0,12,38,41,46,68,72,84,96,1,4,31,64,76,8,28,49,50,59,65,90,98,11,13,16,19,20,21,24,51,54,71
[ 70] Received message from  11: 1|0,12,38,41,46,68,72,84,96,1,4,31,64,76,8,28,49,50,59,65,90,98,11,16,19,20,21,24,51,52,54,81,26,57,70,73,83,85
[ 14] Received message from   2: 1|0,12,38,41,46,68,72,84,96,1,4,31,64,76,17,50,53,65,66,87,9,18,22,29,48,91,92,97,100,2,34,47,67,14,15,35,42,44,56,75,77,82
[ 59] Received message from   4: 1|0,12,38,41,46,68,72,84,96,1,4,31,64,76,8,28,49,50,59,65,90,98
[  4] Received message from  68: 1|0,12,38,41,46,68,72,84,96,1,3,4,31,61,63
[ 30] Received message from  84: 1|0,12,38,41,46,68,72,84,96,1,30,63,88
[ 53] Received message from  76: 1|0,12,38,41,46,68,72,84,96,1,4,31,64,76,17,50,53,65,66,87
[ 19] Received message from  50: 1|0,12,38,41,46,68,72,84,96,1,4,31,64,76,8,28,49,50,59,65,90,98,16,19,81
[ 95] Received message from   3: 1|12,38,41,46,68,72,84,96,1,4,31,64,76,8,28,49,50,59,65,90,98,3,13,16,20,24,61,71,86,36,63,95
[ 26] Received message from  16: 1|0,12,38,41,46,68,72,84,96,1,4,31,64,76,8,28,49,50,59,65,90,98,11,16,19,20,21,24,51,52,54,81,13,26,71,83
[ 31] Received message from  72: 1|0,12,38,41,46,68,72,84,96,1,4,31,76
[ 34] Received message from   9: 1|0,12,38,41,46,68,72,84,96,1,4,31,64,76,17,50,53,65,66,87,9,18,22,29,48,91,92,97,100,2,34,47,67
[ 69] Received message from  26: 1|0,12,38,41,46,68,72,84,96,1,4,31,64,76,8,28,49,50,59,65,90,98,11,16,19,20,21,24,51,52,54,81,26,57,70,73,83,85,13,36,69,71,78,86
[ 20] Received message from  64: 1|0,12,38,41,46,68,72,84,96,1,4,31,64,76,8,16,19,20,24,28,49,50,59,65,71,90,98
[ 32] Received message from  14: 1|0,12,38,41,46,68,72,84,96,1,4,31,64,76,17,50,53,65,66,87,9,18,22,29,48,91,92,97,100,2,34,47,67,14,15,35,42,44,56,75,77,82,32,37
[ 58] Received message from  57: 1|0,12,38,41,46,68,72,84,96,1,4,31,64,76,8,28,49,50,59,65,90,98,11,16,19,20,21,24,51,52,54,81,26,57,70,73,83,85,6,58,62,78
[ 13] Received message from  20: 1|0,12,38,41,46,68,72,84,96,1,4,31,64,76,8,28,49,50,59,65,90,98,11,16,19,20,21,24,51,52,54,81,13,26,57,70,71,73,83
[ 96] Received message from   1: 1|0,12,38,41,46,68,72,84,96
[  6] Sent Broadcast: 1|0,12,38,41,46,68,72,84,96,1,4,31,64,76,8,28,49,50,59,65,90,98,11,16,19,20,21,24,51,52,54,81,26,57,70,73,83,85,6,58,62,78,69
[  3] Sent Broadcast: 1|12,38,41,46,68,72,84,96,1,4,31,64,76,8,28,49,50,59,65,90,98,3,13,16,20,24,61,71,86,36,63,95
[ 40] Received message from  29: 1|0,12,38,41,46,68,72,84,96,1,4,31,64,76,87,17,29,48,53,66,91,92,40,74,100
[  3] Received message from  59: 1|0,12,38,41,46,68,72,84,96,1,4,31,64,76,8,28,49,50,59,65,90,98,3,13,16,26,36,61,71,86,95
[ 63] Received message from  61: 1|0,12,38,41,46,68,72,84,96,1,4,31,64,76,8,28,49,50,59,65,90,98,11,16,19,20,21,24,51,52,54,81,26,57,70,73,83,85,13,36,69,71,78,86,3,61,95,63
[ 80] Received message from  45: 1|0,12,38,41,46,68,72,84,96,1,30,88,45,63,25,60,80,94
[ 48] Received message from  87: 1|0,12,38,41,46,68,72,84,96,1,4,31,64,76,87,17,29,48,53,66,91,92
[  9] Received message from  53: 1|0,12,38,41,46,68,72,84,96,1,4,31,64,76,17,50,53,65,66,87,9,18,19,22,29,48,91,92,97
[ 21] Received message from   8: 1|0,12,38,41,46,68,72,84,96,1,4,31,64,76,8,28,49,50,59,65,90,98,11,16,19,20,21,24,51,52,54,81
[  2] Received message from  22: 1|0,12,38,41,46,68,72,84,96,1,4,31,64,76,8,28,49,50,59,65,90,98,11,16,19,20,21,24,51,52,54,81,18,22,35,53,2,9,17,44,47,56,75,77,97
[ 65] Received message from   4: 1|0,12,38,41,46,68,72,84,96,1,4,31,64,76,8,28,49,50,59,65,90,98
[ 31] Received message from  68: 1|0,12,38,41,46,68,72,84,96,1,3,4,31,61,63
[ 61] Received message from  63: 1|0,12,38,41,46,68,72,84,96,1,30,63,88,3,60,61,86,95
[  6] Received message from  70: 1|0,12,38,41,46,68,72,84,96,1,4,31,64,76,8,28,49,50,59,65,90,98,11,16,19,20,21,24,51,52,54,81,26,57,70,73,83,85,6,58,69,78
[ 20] Received message from  28: 1|0,12,38,41,46,68,72,84,96,1,4,31,64,76,8,28,49,50,59,65,90,98,3,13,16,20,24,61,71,86
[ 63] Received message from  84: 1|0,12,38,41,46,68,72,84,96,1,30,63,88
[ 95] Received message from  13: 1|0,12,38,41,46,68,72,84,96,1,4,31,64,76,8,28,49,50,59,65,90,98,11,16,19,20,21,24,51,52,54,81,26,57,70,73,83,85,13,36,69,71,78,86,3,61,95
[ 73] Received message from  11: 1|0,12,38,41,46,68,72,84,96,1,4,31,64,76,8,28,49,50,59,65,90,98,11,16,19,20,21,24,51,52,54,81,26,57,70,73,83,85
[  9] Received message from  18: 1|0,12,38,41,46,68,72,84,96,1,4,31,64,76,8,28,49,50,59,65,90,98,11,16,19,20,21,24,51,52,54,81,18,22,35,53,2,9,17,44,47,56,97
[ 15] Received message from   2: 1|0,12,38,41,46,68,72,84,96,1,4,31,64,76,17,50,53,65,66,87,9,18,22,29,48,91,92,97,100,2,34,47,67,14,15,35,42,44,56,75,77,82
[  7] Received message from  40: 1|0,12,38,41,46,68,72,84,96,1,4,31,64,76,87,17,29,48,53,66,91,92,40,74,100,7,23,33,55,93
[ 22] Received message from  17: 1|0,12,38,41,46,68,72,84,96,1,4,31,64,76,17,50,53,65,66,87,9,18,22,29,48,91,92,97,100
[ 81] Received message from  50: 1|0,12,38,41,46,68,72,84,96,1,4,31,64,76,8,28,49,50,59,65,90,98,16,19,81
[ 76] Received message from  72: 1|0,12,38,41,46,68,72,84,96,1,4,31,76
[ 65] Received message from  76: 1|0,12,38,41,46,68,72,84,96,1,4,31,64,76,17,50,53,65,66,87
[ 35] Received message from  19: 1|0,12,38,41,46,68,72,84,96,1,4,31,64,76,8,28,49,50,59,65,90,98,11,16,19,20,21,24,51,52,54,81,18,22,35,53
[ 30] Received message from  96: 1|0,12,38,41,46,68,72,84,96,1,30
[ 24] Received message from  64: 1|0,12,38,41,46,68,72,84,96,1,4,31,64,76,8,16,19,20,24,28,49,50,59,65,71,90,98
[ 32] Received message from  34: 1|0,12,38,41,46,68,72,84,96,1,4,31,64,76,17,50,53,65,66,87,9,18,22,29,48,91,92,97,100,2,34,47,67,32
[ 47] Received message from   9: 1|0,12,38,41,46,68,72,84,96,1,4,31,64,76,17,50,53,65,66,87,9,18,22,29,48,91,92,97,100,2,34,47,67
[ 19] Received message from  49: 1|0,12,38,41,46,68,72,84,96,1,4,31,64,76,8,28,49,50,59,65,90,98,11,13,16,19,20,21,24,51,54,71
[ 71] Received message from  16: 1|0,12,38,41,46,68,72,84,96,1,4,31,64,76,8,28,49,50,59,65,90,98,11,16,19,20,21,24,51,52,54,81,13,26,71,83
[ 50] Sent Broadcast: 1|0,12,38,41,46,68,72,84,96,1,4,31,64,76,8,28,49,50,59,65,90,98,16,19,81
[  1] Sent Broadcast: 1|0,12,38,41,46,68,72,84,96
[ 74] Received message from  29: 1|0,12,38,41,46,68,72,84,96,1,4,31,64,76,87,17,29,48,53,66,91,92,40,74,100
[ 61] Sent Broadcast: 1|0,12,38,41,46,68,72,84,96,1,4,31,64,76,8,28,49,50,59,65,90,98,11,16,19,20,21,24,51,52,54,81,26,57,70,73,83,85,13,36,69,71,78,86,3,61,95,63
[ 71] Received message from  26: 1|0,12,38,41,46,68,72,84,96,1,4,31,64,76,8,28,49,50,59,65,90,98,11,16,19,20,21,24,51,52,54,81,26,57,70,73,83,85,13,36,69,71,78,86
[ 37] Received message from  14: 1|0,12,38,41,46,68,72,84,96,1,4,31,64,76,17,50,53,65,66,87,9,18,22,29,48,91,92,97,100,2,34,47,67,14,15,35,42,44,56,75,77,82,32,37
[ 90] Received message from   4: 1|0,12,38,41,46,68,72,84,96,1,4,31,64,76,8,28,49,50,59,65,90,98
[ 53] Received message from  87: 1|0,12,38,41,46,68,72,84,96,1,4,31,64,76,87,17,29,48,53,66,91,92
[ 18] Received message from  65: 1|0,12,38,41,46,68,72,84,96,1,4,31,64,76,8,28,49,50,59,65,90,98,18,19,53,81
[ 66] Received message from  76: 1|0,12,38,41,46,68,72,84,96,1,4,31,64,76,17,50,53,65,66,87
[ 79] Received message from   7: 1|12,38,41,46,68,72,84,96,1,4,31,64,76,87,17,29,48,53,66,91,92,40,74,100,7,23,33,55,93,79
[ 18] Received message from  53: 1|0,12,38,41,46,68,72,84,96,1,4,31,64,76,17,50,53,65,66,87,9,18,19,22,29,48,91,92,97
[ 26] Received message from  20: 1|0,12,38,41,46,68,72,84,96,1,4,31,64,76,8,28,49,50,59,65,90,98,11,16,19,20,21,24,51,52,54,81,13,26,57,70,71,73,83
[ 13] Sent Broadcast: 1|0,12,38,41,46,68,72,84,96,1,4,31,64,76,8,28,49,50,59,65,90,98,11,16,19,20,21,24,51,52,54,81,26,57,70,73,83,85,13,36,69,71,78,86,3,61,95
[ 72] Sent Broadcast: 1|0,12,38,41,46,68,72,84,96,1,4,31,76
[100] Received message from  29: 1|0,12,38,41,46,68,72,84,96,1,4,31,64,76,87,17,29,48,53,66,91,92,40,74,100
[ 96] Sent Broadcast: 1|0,12,38,41,46,68,72,84,96,1,30
[ 14] Sent Broadcast: 1|0,12,38,41,46,68,72,84,96,1,4,31,64,76,17,50,53,65,66,87,9,18,22,29,48,91,92,97,100,2,34,47,67,14,15,35,42,44,56,75,77,82,32,37
[ 13] Received message from  59: 1|0,12,38,41,46,68,72,84,96,1,4,31,64,76,8,28,49,50,59,65,90,98,3,13,16,26,36,61,71,86,95
[ 58] Received message from  70: 1|0,12,38,41,46,68,72,84,96,1,4,31,64,76,8,28,49,50,59,65,90,98,11,16,19,20,21,24,51,52,54,81,26,57,70,73,83,85,6,58,69,78
[ 34] Sent Broadcast: 1|0,12,38,41,46,68,72,84,96,1,4,31,64,76,17,50,53,65,66,87,9,18,22,29,48,91,92,97,100,2,34,47,67,32
[ 83] Received message from  11: 1|0,12,38,41,46,68,72,84,96,1,4,31,64,76,8,28,49,50,59,65,90,98,11,16,19,20,21,24,51,52,54,81,26,57,70,73,83,85
[ 53] Received message from  19: 1|0,12,38,41,46,68,72,84,96,1,4,31,64,76,8,28,49,50,59,65,90,98,11,16,19,20,21,24,51,52,54,81,18,22,35,53
[ 62] Received message from  57: 1|0,12,38,41,46,68,72,84,96,1,4,31,64,76,8,28,49,50,59,65,90,98,11,16,19,20,21,24,51,52,54,81,26,57,70,73,83,85,6,58,62,78
[ 24] Received message from   8: 1|0,12,38,41,46,68,72,84,96,1,4,31,64,76,8,28,49,50,59,65,90,98,11,16,19,20,21,24,51,52,54,81
[  9] Received message from  48: 1|0,12,38,41,46,68,72,84,96,1,4,31,64,76,87,17,29,48,53,66,91,92,9,34,67,100
[  7] Received message from  74: 1|0,12,38,41,46,68,72,84,96,1,4,31,64,76,87,17,29,48,53,66,91,92,40,74,100,7,23,33,55,93
[ 28] Received message from  64: 1|0,12,38,41,46,68,72,84,96,1,4,31,64,76,8,16,19,20,24,28,49,50,59,65,71,90,98
[ 61] Received message from  68: 1|0,12,38,41,46,68,72,84,96,1,3,4,31,61,63
[ 86] Received message from  63: 1|0,12,38,41,46,68,72,84,96,1,30,63,88,3,60,61,86,95
[ 10] Received message from  73: 1|0,12,38,41,46,68,72,84,96,1,4,31,64,76,8,28,49,50,59,65,90,98,11,16,19,20,21,24,51,52,54,81,26,57,70,73,83,85,10,58,62
[  5] Received message from  15: 1|0,12,38,41,46,68,72,84,96,1,4,31,64,76,17,50,53,65,66,87,9,18,22,29,48,91,92,97,100,2,34,47,67,14,15,35,42,44,56,75,77,82,5,32,39,43
[  3] Received message from  71: 1|0,12,38,41,46,68,72,84,96,1,4,31,64,76,8,28,49,50,59,65,90,98,11,16,19,20,21,24,51,52,54,81,13,26,71,83,3,36,61,86,95
[ 11] Received message from  24: 1|0,12,38,41,46,68,72,84,96,1,4,31,64,76,8,16,19,20,24,28,49,50,59,65,71,90,98,11,21,51,52,54,57,73,83,85
[ 26] Received message from  21: 1|0,12,38,41,46,68,72,84,96,1,4,31,64,76,8,28,49,50,59,65,90,98,11,16,19,20,21,24,51,52,54,81,26,57,70,73,83,85
[ 19] Sent Broadcast: 1|0,12,38,41,46,68,72,84,96,1,4,31,64,76,8,28,49,50,59,65,90,98,11,16,19,20,21,24,51,52,54,81,18,22,35,53
[  2] Received message from  35: 1|0,12,38,41,46,68,72,84,96,1,4,31,64,76,8,28,49,50,59,65,90,98,11,16,19,20,21,24,51,52,54,81,18,22,35,53,2,5,15,27,39,42,43,44,47,56,75,77,82,97,99
[ 94] Received message from  45: 1|0,12,38,41,46,68,72,84,96,1,30,88,45,63,25,60,80,94
[ 14] Received message from  47: 1|0,12,38,41,46,68,72,84,96,1,4,31,64,76,17,50,53,65,66,87,9,18,22,29,48,91,92,97,100,2,34,47,67,14,15,35,42,44,56,75,77,82
[ 27] Received message from  81: 1|0,12,38,41,46,68,72,84,96,1,4,31,64,76,8,28,49,50,59,65,90,98,16,19,81,27,35,42,54,56,77,85,99
[ 29] Received message from  66: 1|0,12,38,41,46,68,72,84,96,1,4,31,64,76,17,50,53,65,66,87,29,40,48,74,91,92
[  7] Sent Broadcast: 1|12,38,41,46,68,72,84,96,1,4,31,64,76,87,17,29,48,53,66,91,92,40,74,100,7,23,33,55,93,79
[ 35] Received message from   2: 1|0,12,38,41,46,68,72,84,96,1,4,31,64,76,17,50,53,65,66,87,9,18,22,29,48,91,92,97,100,2,34,47,67,14,15,35,42,44,56,75,77,82
[ 16] Received message from  59: 1|0,12,38,41,46,68,72,84,96,1,4,31,64,76,8,28,49,50,59,65,90,98,3,13,16,26,36,61,71,86,95
[  3] Received message from  90: 1|0,12,38,41,46,68,72,84,96,1,4,31,64,76,8,28,49,50,59,65,90,98,3,13,16,20,24,61,71,86
[ 88] Received message from  84: 1|0,12,38,41,46,68,72,84,96,1,30,63,88
[ 24] Received message from  28: 1|0,12,38,41,46,68,72,84,96,1,4,31,64,76,8,28,49,50,59,65,90,98,3,13,16,20,24,61,71,86
[ 23] Received message from  40: 1|0,12,38,41,46,68,72,84,96,1,4,31,64,76,87,17,29,48,53,66,91,92,40,74,100,7,23,33,55,93
[ 17] Received message from  18: 1|0,12,38,41,46,68,72,84,96,1,4,31,64,76,8,28,49,50,59,65,90,98,11,16,19,20,21,24,51,52,54,81,18,22,35,53,2,9,17,44,47,56,97
[ 67] Received message from   9: 1|0,12,38,41,46,68,72,84,96,1,4,31,64,76,17,50,53,65,66,87,9,18,22,29,48,91,92,97,100,2,34,47,67
[ 20] Received message from  49: 1|0,12,38,41,46,68,72,84,96,1,4,31,64,76,8,28,49,50,59,65,90,98,11,13,16,19,20,21,24,51,54,71
[ 13] Received message from  86: 1|0,12,38,41,46,68,72,84,96,1,30,63,88,3,60,61,86,95,13,26,28,36,59,71,90
[ 78] Received message from  57: 1|0,12,38,41,46,68,72,84,96,1,4,31,64,76,8,28,49,50,59,65,90,98,11,16,19,20,21,24,51,52,54,81,26,57,70,73,83,85,6,58,62,78
[ 29] Received message from  17: 1|0,12,38,41,46,68,72,84,96,1,4,31,64,76,17,50,53,65,66,87,9,18,22,29,48,91,92,97,100
[ 57] Received message from  20: 1|0,12,38,41,46,68,72,84,96,1,4,31,64,76,8,28,49,50,59,65,90,98,11,16,19,20,21,24,51,52,54,81,13,26,57,70,71,73,83
[ 19] Received message from  65: 1|0,12,38,41,46,68,72,84,96,1,4,31,64,76,8,28,49,50,59,65,90,98,18,19,53,81
[ 83] Received message from  16: 1|0,12,38,41,46,68,72,84,96,1,4,31,64,76,8,28,49,50,59,65,90,98,11,16,19,20,21,24,51,52,54,81,13,26,71,83
[ 87] Received message from  76: 1|0,12,38,41,46,68,72,84,96,1,4,31,64,76,17,50,53,65,66,87
[ 27] Received message from  10: 1|0,12,38,41,46,68,72,84,96,1,4,31,64,76,8,28,49,50,59,65,90,98,11,16,19,20,21,24,51,52,54,81,26,57,70,73,83,85,10,58,62,27,89,99
[ 98] Received message from   4: 1|0,12,38,41,46,68,72,84,96,1,4,31,64,76,8,28,49,50,59,65,90,98
[  5] Received message from  35: 1|0,12,38,41,46,68,72,84,96,1,4,31,64,76,8,28,49,50,59,65,90,98,11,16,19,20,21,24,51,52,54,81,18,22,35,53,2,5,15,27,39,42,43,44,47,56,75,77,82,97,99
[ 21] Received message from  49: 1|0,12,38,41,46,68,72,84,96,1,4,31,64,76,8,28,49,50,59,65,90,98,11,13,16,19,20,21,24,51,54,71
[ 27] Received message from   5: 1|0,12,38,41,46,68,72,84,96,1,4,31,64,76,17,50,53,65,66,87,9,18,22,29,48,91,92,97,100,2,34,47,67,14,15,35,42,44,56,75,77,82,5,32,39,43,27,89,99
[ 10] Received message from  62: 1|0,12,38,41,46,68,72,84,96,1,4,31,64,76,8,28,49,50,59,65,90,98,11,16,19,20,21,24,51,52,54,81,26,57,70,73,83,85,6,58,62,78,10,27,89,99
[ 79] Received message from  23: 1|12,38,41,46,68,72,84,96,1,4,31,64,76,87,17,29,48,53,66,91,92,40,74,100,7,23,33,55,93,79
[ 45] Sent Broadcast: 1|0,12,38,41,46,68,72,84,96,1,30,88,45,63,25,60,80,94
[ 76] Sent Broadcast: 1|0,12,38,41,46,68,72,84,96,1,4,31,64,76,17,50,53,65,66,87
[ 78] Received message from  26: 1|0,12,38,41,46,68,72,84,96,1,4,31,64,76,8,28,49,50,59,65,90,98,11,16,19,20,21,24,51,52,54,81,26,57,70,73,83,85,13,36,69,71,78,86
[ 29] Sent Broadcast: 1|0,12,38,41,46,68,72,84,96,1,4,31,64,76,87,17,29,48,53,66,91,92,40,74,100
[  9] Received message from  22: 1|0,12,38,41,46,68,72,84,96,1,4,31,64,76,8,28,49,50,59,65,90,98,11,16,19,20,21,24,51,52,54,81,18,22,35,53,2,9,17,44,47,56,75,77,97
[ 57] Received message from  21: 1|0,12,38,41,46,68,72,84,96,1,4,31,64,76,8,28,49,50,59,65,90,98,11,16,19,20,21,24,51,52,54,81,26,57,70,73,83,85
[ 51] Received message from   8: 1|0,12,38,41,46,68,72,84,96,1,4,31,64,76,8,28,49,50,59,65,90,98,11,16,19,20,21,24,51,52,54,81
[ 34] Received message from  48: 1|0,12,38,41,46,68,72,84,96,1,4,31,64,76,87,17,29,48,53,66,91,92,9,34,67,100
[ 85] Received message from  11: 1|0,12,38,41,46,68,72,84,96,1,4,31,64,76,8,28,49,50,59,65,90,98,11,16,19,20,21,24,51,52,54,81,26,57,70,73,83,85
[ 66] Received message from  87: 1|0,12,38,41,46,68,72,84,96,1,4,31,64,76,87,17,29,48,53,66,91,92
[  9] Sent Broadcast: 1|0,12,38,41,46,68,72,84,96,1,4,31,64,76,17,50,53,65,66,87,9,18,22,29,48,91,92,97,100,2,34,47,67
[ 84] Sent Broadcast: 1|0,12,38,41,46,68,72,84,96,1,30,63,88
[ 69] Received message from  70: 1|0,12,38,41,46,68,72,84,96,1,4,31,64,76,8,28,49,50,59,65,90,98,11,16,19,20,21,24,51,52,54,81,26,57,70,73,83,85,6,58,69,78
[ 49] Received message from  64: 1|0,12,38,41,46,68,72,84,96,1,4,31,64,76,8,16,19,20,24,28,49,50,59,65,71,90,98
[ 42] Received message from   2: 1|0,12,38,41,46,68,72,84,96,1,4,31,64,76,17,50,53,65,66,87,9,18,22,29,48,91,92,97,100,2,34,47,67,14,15,35,42,44,56,75,77,82
[ 57] Sent Broadcast: 1|0,12,38,41,46,68,72,84,96,1,4,31,64,76,8,28,49,50,59,65,90,98,11,16,19,20,21,24,51,52,54,81,26,57,70,73,83,85,6,58,62,78
[ 58] Received message from  73: 1|0,12,38,41,46,68,72,84,96,1,4,31,64,76,8,28,49,50,59,65,90,98,11,16,19,20,21,24,51,52,54,81,26,57,70,73,83,85,10,58,62
[ 23] Received message from  74: 1|0,12,38,41,46,68,72,84,96,1,4,31,64,76,87,17,29,48,53,66,91,92,40,74,100,7,23,33,55,93
[ 63] Received message from  68: 1|0,12,38,41,46,68,72,84,96,1,3,4,31,61,63
[ 32] Received message from  15: 1|0,12,38,41,46,68,72,84,96,1,4,31,64,76,17,50,53,65,66,87,9,18,22,29,48,91,92,97,100,2,34,47,67,14,15,35,42,44,56,75,77,82,5,32,39,43
[ 48] Received message from  17: 1|0,12,38,41,46,68,72,84,96,1,4,31,64,76,17,50,53,65,66,87,9,18,22,29,48,91,92,97,100
[ 95] Received message from  63: 1|0,12,38,41,46,68,72,84,96,1,30,63,88,3,60,61,86,95
[  6] Received message from  83: 1|0,12,38,41,46,68,72,84,96,1,4,31,64,76,8,28,49,50,59,65,90,98,11,16,19,20,21,24,51,52,54,81,13,26,71,83,6,57,58,69,70,78
[ 36] Received message from  71: 1|0,12,38,41,46,68,72,84,96,1,4,31,64,76,8,28,49,50,59,65,90,98,11,16,19,20,21,24,51,52,54,81,13,26,71,83,3,36,61,86,95
[ 17] Received message from  22: 1|0,12,38,41,46,68,72,84,96,1,4,31,64,76,8,28,49,50,59,65,90,98,11,16,19,20,21,24,51,52,54,81,18,22,35,53,2,9,17,44,47,56,75,77,97
[ 15] Received message from  47: 1|0,12,38,41,46,68,72,84,96,1,4,31,64,76,17,50,53,65,66,87,9,18,22,29,48,91,92,97,100,2,34,47,67,14,15,35,42,44,56,75,77,82
[  9] Received message from 100: 1|0,12,38,41,46,68,72,84,96,1,4,31,64,76,87,17,29,48,53,66,91,92,40,74,100,9,34,67
[ 40] Received message from  66: 1|0,12,38,41,46,68,72,84,96,1,4,31,64,76,17,50,53,65,66,87,29,40,48,74,91,92
[ 21] Received message from  24: 1|0,12,38,41,46,68,72,84,96,1,4,31,64,76,8,16,19,20,24,28,49,50,59,65,71,90,98,11,21,51,52,54,57,73,83,85
[  5] Received message from  27: 1|0,12,38,41,46,68,72,84,96,1,4,31,64,76,8,28,49,50,59,65,90,98,16,19,81,27,35,42,54,56,77,85,99,5,10,39,43,62,89
[ 19] Received message from  53: 1|0,12,38,41,46,68,72,84,96,1,4,31,64,76,17,50,53,65,66,87,9,18,19,22,29,48,91,92,97
[ 35] Received message from  81: 1|0,12,38,41,46,68,72,84,96,1,4,31,64,76,8,28,49,50,59,65,90,98,16,19,81,27,35,42,54,56,77,85,99
[ 10] Received message from  85: 1|0,12,38,41,46,68,72,84,96,1,4,31,64,76,8,28,49,50,59,65,90,98,11,16,19,20,21,24,51,52,54,81,26,57,70,73,83,85,10,27,62,89,99
[ 69] Received message from  78: 1|0,12,38,41,46,68,72,84,96,1,4,31,64,76,8,28,49,50,59,65,90,98,11,16,19,20,21,24,51,52,54,81,26,57,70,73,83,85,6,58,62,78,69
[ 13] Received message from  90: 1|0,12,38,41,46,68,72,84,96,1,4,31,64,76,8,28,49,50,59,65,90,98,3,13,16,20,24,61,71,86
[ 16] Sent Broadcast: 1|0,12,38,41,46,68,72,84,96,1,4,31,64,76,8,28,49,50,59,65,90,98,11,16,19,20,21,24,51,52,54,81,13,26,71,83
[  4] Sent Broadcast: 1|0,12,38,41,46,68,72,84,96,1,4,31,64,76,8,28,49,50,59,65,90,98
[ 61] Received message from  28: 1|0,12,38,41,46,68,72,84,96,1,4,31,64,76,8,28,49,50,59,65,90,98,3,13,16,20,24,61,71,86
[ 33] Received message from  40: 1|0,12,38,41,46,68,72,84,96,1,4,31,64,76,87,17,29,48,53,66,91,92,40,74,100,7,23,33,55,93
[ 26] Received message from  59: 1|0,12,38,41,46,68,72,84,96,1,4,31,64,76,8,28,49,50,59,65,90,98,3,13,16,26,36,61,71,86,95
[ 91] Received message from  87: 1|0,12,38,41,46,68,72,84,96,1,4,31,64,76,87,17,29,48,53,66,91,92
[ 26] Received message from  86: 1|0,12,38,41,46,68,72,84,96,1,30,63,88,3,60,61,86,95,13,26,28,36,59,71,90
[ 44] Received message from  18: 1|0,12,38,41,46,68,72,84,96,1,4,31,64,76,8,28,49,50,59,65,90,98,11,16,19,20,21,24,51,52,54,81,18,22,35,53,2,9,17,44,47,56,97
[ 11] Sent Broadcast: 1|0,12,38,41,46,68,72,84,96,1,4,31,64,76,8,28,49,50,59,65,90,98,11,16,19,20,21,24,51,52,54,81,26,57,70,73,83,85
[ 23] Sent Broadcast: 1|12,38,41,46,68,72,84,96,1,4,31,64,76,87,17,29,48,53,66,91,92,40,74,100,7,23,33,55,93,79
[ 68] Sent Broadcast: 1|0,12,38,41,46,68,72,84,96,1,3,4,31,61,63
[ 63] Sent Broadcast: 1|0,12,38,41,46,68,72,84,96,1,30,63,88,3,60,61,86,95
[ 15] Received message from  35: 1|0,12,38,41,46,68,72,84,96,1,4,31,64,76,8,28,49,50,59,65,90,98,11,16,19,20,21,24,51,52,54,81,18,22,35,53,2,5,15,27,39,42,43,44,47,56,75,77,82,97,99
[ 78] Sent Broadcast: 1|0,12,38,41,46,68,72,84,96,1,4,31,64,76,8,28,49,50,59,65,90,98,11,16,19,20,21,24,51,52,54,81,26,57,70,73,83,85,6,58,62,78,69
[ 53] Received message from  65: 1|0,12,38,41,46,68,72,84,96,1,4,31,64,76,8,28,49,50,59,65,90,98,18,19,53,81
[ 57] Received message from  51: 1|0,12,38,41,46,68,72,84,96,1,4,31,64,76,8,28,49,50,59,65,90,98,11,16,19,20,21,24,51,52,54,81,57,62,73,83,85
[ 19] Received message from  98: 1|0,12,38,41,46,68,72,84,96,1,4,31,64,76,8,28,49,50,59,65,90,98,19,81
[  5] Received message from  42: 1|0,12,38,41,46,68,72,84,96,1,4,31,64,76,17,50,53,65,66,87,9,18,22,29,48,91,92,97,100,2,34,47,67,14,15,35,42,44,56,75,77,82,5,27,39,43,81,99
[ 62] Received message from  73: 1|0,12,38,41,46,68,72,84,96,1,4,31,64,76,8,28,49,50,59,65,90,98,11,16,19,20,21,24,51,52,54,81,26,57,70,73,83,85,10,58,62
[ 39] Received message from  15: 1|0,12,38,41,46,68,72,84,96,1,4,31,64,76,17,50,53,65,66,87,9,18,22,29,48,91,92,97,100,2,34,47,67,14,15,35,42,44,56,75,77,82,5,32,39,43
[ 70] Received message from  20: 1|0,12,38,41,46,68,72,84,96,1,4,31,64,76,8,28,49,50,59,65,90,98,11,16,19,20,21,24,51,52,54,81,13,26,57,70,71,73,83
[ 91] Received message from  17: 1|0,12,38,41,46,68,72,84,96,1,4,31,64,76,17,50,53,65,66,87,9,18,22,29,48,91,92,97,100
[ 57] Received message from  83: 1|0,12,38,41,46,68,72,84,96,1,4,31,64,76,8,28,49,50,59,65,90,98,11,16,19,20,21,24,51,52,54,81,13,26,71,83,6,57,58,69,70,78
[ 24] Received message from  49: 1|0,12,38,41,46,68,72,84,96,1,4,31,64,76,8,28,49,50,59,65,90,98,11,13,16,19,20,21,24,51,54,71
[ 86] Received message from  26: 1|0,12,38,41,46,68,72,84,96,1,4,31,64,76,8,28,49,50,59,65,90,98,11,16,19,20,21,24,51,52,54,81,26,57,70,73,83,85,13,36,69,71,78,86
[ 50] Received message from  64: 1|0,12,38,41,46,68,72,84,96,1,4,31,64,76,8,16,19,20,24,28,49,50,59,65,71,90,98
[ 71] Received message from  28: 1|0,12,38,41,46,68,72,84,96,1,4,31,64,76,8,28,49,50,59,65,90,98,3,13,16,20,24,61,71,86
[ 89] Received message from  10: 1|0,12,38,41,46,68,72,84,96,1,4,31,64,76,8,28,49,50,59,65,90,98,11,16,19,20,21,24,51,52,54,81,26,57,70,73,83,85,10,58,62,27,89,99
[ 27] Received message from  62: 1|0,12,38,41,46,68,72,84,96,1,4,31,64,76,8,28,49,50,59,65,90,98,11,16,19,20,21,24,51,52,54,81,26,57,70,73,83,85,6,58,62,78,10,27,89,99
[ 34] Received message from 100: 1|0,12,38,41,46,68,72,84,96,1,4,31,64,76,87,17,29,48,53,66,91,92,40,74,100,9,34,67
[ 52] Received message from   8: 1|0,12,38,41,46,68,72,84,96,1,4,31,64,76,8,28,49,50,59,65,90,98,11,16,19,20,21,24,51,52,54,81
[ 67] Received message from  48: 1|0,12,38,41,46,68,72,84,96,1,4,31,64,76,87,17,29,48,53,66,91,92,9,34,67,100
[ 73] Sent Broadcast: 1|0,12,38,41,46,68,72,84,96,1,4,31,64,76,8,28,49,50,59,65,90,98,11,16,19,20,21,24,51,52,54,81,26,57,70,73,83,85,10,58,62
[ 16] Received message from  90: 1|0,12,38,41,46,68,72,84,96,1,4,31,64,76,8,28,49,50,59,65,90,98,3,13,16,20,24,61,71,86
[ 28] Received message from  86: 1|0,12,38,41,46,68,72,84,96,1,30,63,88,3,60,61,86,95,13,26,28,36,59,71,90
[ 62] Received message from  51: 1|0,12,38,41,46,68,72,84,96,1,4,31,64,76,8,28,49,50,59,65,90,98,11,16,19,20,21,24,51,52,54,81,57,62,73,83,85
[ 61] Received message from  71: 1|0,12,38,41,46,68,72,84,96,1,4,31,64,76,8,28,49,50,59,65,90,98,11,16,19,20,21,24,51,52,54,81,13,26,71,83,3,36,61,86,95
[ 47] Received message from  18: 1|0,12,38,41,46,68,72,84,96,1,4,31,64,76,8,28,49,50,59,65,90,98,11,16,19,20,21,24,51,52,54,81,18,22,35,53,2,9,17,44,47,56,97
[ 35] Received message from  47: 1|0,12,38,41,46,68,72,84,96,1,4,31,64,76,17,50,53,65,66,87,9,18,22,29,48,91,92,97,100,2,34,47,67,14,15,35,42,44,56,75,77,82
[ 42] Received message from  81: 1|0,12,38,41,46,68,72,84,96,1,4,31,64,76,8,28,49,50,59,65,90,98,16,19,81,27,35,42,54,56,77,85,99
[ 10] Received message from  27: 1|0,12,38,41,46,68,72,84,96,1,4,31,64,76,8,28,49,50,59,65,90,98,16,19,81,27,35,42,54,56,77,85,99,5,10,39,43,62,89
[ 79] Received message from  33: 1|12,38,41,46,68,72,84,96,1,4,31,64,76,87,17,29,48,53,66,91,92,40,74,100,7,23,33,55,93,79
[ 51] Received message from  24: 1|0,12,38,41,46,68,72,84,96,1,4,31,64,76,8,16,19,20,24,28,49,50,59,65,71,90,98,11,21,51,52,54,57,73,83,85
[ 70] Received message from  21: 1|0,12,38,41,46,68,72,84,96,1,4,31,64,76,8,28,49,50,59,65,90,98,11,16,19,20,21,24,51,52,54,81,26,57,70,73,83,85
[ 40] Received message from  91: 1|0,12,38,41,46,68,72,84,96,1,4,31,64,76,87,17,29,48,53,66,91,92,40,74,93
[ 22] Received message from  53: 1|0,12,38,41,46,68,72,84,96,1,4,31,64,76,17,50,53,65,66,87,9,18,19,22,29,48,91,92,97
[ 48] Received message from  66: 1|0,12,38,41,46,68,72,84,96,1,4,31,64,76,17,50,53,65,66,87,29,40,48,74,91,92
[ 78] Received message from  70: 1|0,12,38,41,46,68,72,84,96,1,4,31,64,76,8,28,49,50,59,65,90,98,11,16,19,20,21,24,51,52,54,81,26,57,70,73,83,85,6,58,69,78
[ 89] Received message from   5: 1|0,12,38,41,46,68,72,84,96,1,4,31,64,76,17,50,53,65,66,87,9,18,22,29,48,91,92,97,100,2,34,47,67,14,15,35,42,44,56,75,77,82,5,32,39,43,27,89,99
[ 33] Received message from  74: 1|0,12,38,41,46,68,72,84,96,1,4,31,64,76,87,17,29,48,53,66,91,92,40,74,100,7,23,33,55,93
[ 92] Received message from  87: 1|0,12,38,41,46,68,72,84,96,1,4,31,64,76,87,17,29,48,53,66,91,92
[ 44] Received message from   2: 1|0,12,38,41,46,68,72,84,96,1,4,31,64,76,17,50,53,65,66,87,9,18,22,29,48,91,92,97,100,2,34,47,67,14,15,35,42,44,56,75,77,82
[ 26] Sent Broadcast: 1|0,12,38,41,46,68,72,84,96,1,4,31,64,76,8,28,49,50,59,65,90,98,11,16,19,20,21,24,51,52,54,81,26,57,70,73,83,85,13,36,69,71,78,86
[ 27] Received message from  85: 1|0,12,38,41,46,68,72,84,96,1,4,31,64,76,8,28,49,50,59,65,90,98,11,16,19,20,21,24,51,52,54,81,26,57,70,73,83,85,10,27,62,89,99
[ 36] Received message from  59: 1|0,12,38,41,46,68,72,84,96,1,4,31,64,76,8,28,49,50,59,65,90,98,3,13,16,26,36,61,71,86,95
[  5] Received message from  44: 1|0,12,38,41,46,68,72,84,96,1,4,31,64,76,8,28,49,50,59,65,90,98,11,16,19,20,21,24,51,52,54,81,18,22,35,53,2,9,17,44,47,56,97,5,14,15,39,42,43,75,77,82
[ 55] Received message from  40: 1|0,12,38,41,46,68,72,84,96,1,4,31,64,76,87,17,29,48,53,66,91,92,40,74,100,7,23,33,55,93
[ 33] Sent Broadcast: 1|12,38,41,46,68,72,84,96,1,4,31,64,76,87,17,29,48,53,66,91,92,40,74,100,7,23,33,55,93,79
[ 81] Received message from  98: 1|0,12,38,41,46,68,72,84,96,1,4,31,64,76,8,28,49,50,59,65,90,98,19,81
[ 71] Received message from  20: 1|0,12,38,41,46,68,72,84,96,1,4,31,64,76,8,28,49,50,59,65,90,98,11,16,19,20,21,24,51,52,54,81,13,26,57,70,71,73,83
[  5] Received message from  89: 1|0,12,38,41,46,68,72,84,96,1,4,31,64,76,8,28,49,50,59,65,90,98,11,16,19,20,21,24,51,52,54,81,26,57,70,73,83,85,10,58,62,27,89,99,5,39
[ 27] Received message from  35: 1|0,12,38,41,46,68,72,84,96,1,4,31,64,76,8,28,49,50,59,65,90,98,11,16,19,20,21,24,51,52,54,81,18,22,35,53,2,5,15,27,39,42,43,44,47,56,75,77,82,97,99
[ 43] Received message from  15: 1|0,12,38,41,46,68,72,84,96,1,4,31,64,76,17,50,53,65,66,87,9,18,22,29,48,91,92,97,100,2,34,47,67,14,15,35,42,44,56,75,77,82,5,32,39,43
[ 44] Received message from  22: 1|0,12,38,41,46,68,72,84,96,1,4,31,64,76,8,28,49,50,59,65,90,98,11,16,19,20,21,24,51,52,54,81,18,22,35,53,2,9,17,44,47,56,75,77,97
[ 67] Received message from 100: 1|0,12,38,41,46,68,72,84,96,1,4,31,64,76,87,17,29,48,53,66,91,92,40,74,100,9,34,67
[ 51] Received message from  49: 1|0,12,38,41,46,68,72,84,96,1,4,31,64,76,8,28,49,50,59,65,90,98,11,13,16,19,20,21,24,51,54,71
[ 59] Received message from  64: 1|0,12,38,41,46,68,72,84,96,1,4,31,64,76,8,16,19,20,24,28,49,50,59,65,71,90,98
[ 58] Received message from  83: 1|0,12,38,41,46,68,72,84,96,1,4,31,64,76,8,28,49,50,59,65,90,98,11,16,19,20,21,24,51,52,54,81,13,26,71,83,6,57,58,69,70,78
[ 27] Received message from  42: 1|0,12,38,41,46,68,72,84,96,1,4,31,64,76,17,50,53,65,66,87,9,18,22,29,48,91,92,97,100,2,34,47,67,14,15,35,42,44,56,75,77,82,5,27,39,43,81,99
[ 92] Received message from  17: 1|0,12,38,41,46,68,72,84,96,1,4,31,64,76,17,50,53,65,66,87,9,18,22,29,48,91,92,97,100
[ 86] Received message from  71: 1|0,12,38,41,46,68,72,84,96,1,4,31,64,76,8,28,49,50,59,65,90,98,11,16,19,20,21,24,51,52,54,81,13,26,71,83,3,36,61,86,95
[ 73] Received message from  21: 1|0,12,38,41,46,68,72,84,96,1,4,31,64,76,8,28,49,50,59,65,90,98,11,16,19,20,21,24,51,52,54,81,26,57,70,73,83,85
[ 99] Received message from  10: 1|0,12,38,41,46,68,72,84,96,1,4,31,64,76,8,28,49,50,59,65,90,98,11,16,19,20,21,24,51,52,54,81,26,57,70,73,83,85,10,58,62,27,89,99
[ 15] Sent Broadcast: 1|0,12,38,41,46,68,72,84,96,1,4,31,64,76,17,50,53,65,66,87,9,18,22,29,48,91,92,97,100,2,34,47,67,14,15,35,42,44,56,75,77,82,5,32,39,43
[ 70] Sent Broadcast: 1|0,12,38,41,46,68,72,84,96,1,4,31,64,76,8,28,49,50,59,65,90,98,11,16,19,20,21,24,51,52,54,81,26,57,70,73,83,85,6,58,69,78
[ 87] Sent Broadcast: 1|0,12,38,41,46,68,72,84,96,1,4,31,64,76,87,17,29,48,53,66,91,92
[100] Sent Broadcast: 1|0,12,38,41,46,68,72,84,96,1,4,31,64,76,87,17,29,48,53,66,91,92,40,74,100,9,34,67
[ 98] Sent Broadcast: 1|0,12,38,41,46,68,72,84,96,1,4,31,64,76,8,28,49,50,59,65,90,98,19,81
[ 61] Received message from  59: 1|0,12,38,41,46,68,72,84,96,1,4,31,64,76,8,28,49,50,59,65,90,98,3,13,16,26,36,61,71,86,95
[ 81] Received message from  65: 1|0,12,38,41,46,68,72,84,96,1,4,31,64,76,8,28,49,50,59,65,90,98,18,19,53,81
[ 86] Received message from  28: 1|0,12,38,41,46,68,72,84,96,1,4,31,64,76,8,28,49,50,59,65,90,98,3,13,16,20,24,61,71,86
[ 26] Received message from  52: 1|0,12,38,41,46,68,72,84,96,1,4,31,64,76,8,28,49,50,59,65,90,98,11,16,19,20,21,24,51,52,54,81,26,57,62,70,73,83,85
[ 27] Received message from  39: 1|0,12,38,41,46,68,72,84,96,1,4,31,64,76,17,50,53,65,66,87,9,18,22,29,48,91,92,97,100,2,34,47,67,14,15,35,42,44,56,75,77,82,5,32,39,43,27,89,99
[ 40] Received message from  92: 1|0,12,38,41,46,68,72,84,96,1,4,31,64,76,87,17,29,48,53,66,91,92,40,74,93,100
[ 65] Sent Broadcast: 1|0,12,38,41,46,68,72,84,96,1,4,31,64,76,8,28,49,50,59,65,90,98,18,19,53,81
[ 89] Received message from  62: 1|0,12,38,41,46,68,72,84,96,1,4,31,64,76,8,28,49,50,59,65,90,98,11,16,19,20,21,24,51,52,54,81,26,57,70,73,83,85,6,58,62,78,10,27,89,99
[ 10] Sent Broadcast: 1|0,12,38,41,46,68,72,84,96,1,4,31,64,76,8,28,49,50,59,65,90,98,11,16,19,20,21,24,51,52,54,81,26,57,70,73,83,85,10,58,62,27,89,99
[100] Received message from  48: 1|0,12,38,41,46,68,72,84,96,1,4,31,64,76,87,17,29,48,53,66,91,92,9,34,67,100
[ 14] Received message from  44: 1|0,12,38,41,46,68,72,84,96,1,4,31,64,76,8,28,49,50,59,65,90,98,11,16,19,20,21,24,51,52,54,81,18,22,35,53,2,9,17,44,47,56,97,5,14,15,39,42,43,75,77,82
[ 97] Received message from  17: 1|0,12,38,41,46,68,72,84,96,1,4,31,64,76,17,50,53,65,66,87,9,18,22,29,48,91,92,97,100
[ 52] Received message from  24: 1|0,12,38,41,46,68,72,84,96,1,4,31,64,76,8,16,19,20,24,28,49,50,59,65,71,90,98,11,21,51,52,54,57,73,83,85
[ 74] Received message from  66: 1|0,12,38,41,46,68,72,84,96,1,4,31,64,76,17,50,53,65,66,87,29,40,48,74,91,92
[  5] Received message from  99: 1|0,12,38,41,46,68,72,84,96,1,4,31,64,76,8,28,49,50,59,65,90,98,11,16,19,20,21,24,51,52,54,81,26,57,70,73,83,85,10,58,62,27,89,99,5,35,39,42,43,56,77
[ 54] Received message from   8: 1|0,12,38,41,46,68,72,84,96,1,4,31,64,76,8,28,49,50,59,65,90,98,11,16,19,20,21,24,51,52,54,81
[ 79] Received message from  55: 1|12,38,41,46,68,72,84,96,1,4,31,64,76,87,17,29,48,53,66,91,92,40,74,100,7,23,33,55,93,79
[ 47] Received message from  22: 1|0,12,38,41,46,68,72,84,96,1,4,31,64,76,8,28,49,50,59,65,90,98,11,16,19,20,21,24,51,52,54,81,18,22,35,53,2,9,17,44,47,56,75,77,97
[ 42] Received message from  47: 1|0,12,38,41,46,68,72,84,96,1,4,31,64,76,17,50,53,65,66,87,9,18,22,29,48,91,92,97,100,2,34,47,67,14,15,35,42,44,56,75,77,82
[ 28] Sent Broadcast: 1|0,12,38,41,46,68,72,84,96,1,4,31,64,76,8,28,49,50,59,65,90,98,3,13,16,20,24,61,71,86
[ 20] Received message from  90: 1|0,12,38,41,46,68,72,84,96,1,4,31,64,76,8,28,49,50,59,65,90,98,3,13,16,20,24,61,71,86
[ 48] Sent Broadcast: 1|0,12,38,41,46,68,72,84,96,1,4,31,64,76,87,17,29,48,53,66,91,92,9,34,67,100
[ 55] Received message from  74: 1|0,12,38,41,46,68,72,84,96,1,4,31,64,76,87,17,29,48,53,66,91,92,40,74,100,7,23,33,55,93
[ 89] Received message from  39: 1|0,12,38,41,46,68,72,84,96,1,4,31,64,76,17,50,53,65,66,87,9,18,22,29,48,91,92,97,100,2,34,47,67,14,15,35,42,44,56,75,77,82,5,32,39,43,27,89,99
[ 99] Received message from   5: 1|0,12,38,41,46,68,72,84,96,1,4,31,64,76,17,50,53,65,66,87,9,18,22,29,48,91,92,97,100,2,34,47,67,14,15,35,42,44,56,75,77,82,5,32,39,43,27,89,99
[ 36] Received message from  86: 1|0,12,38,41,46,68,72,84,96,1,30,63,88,3,60,61,86,95,13,26,28,36,59,71,90
[ 73] Received message from  51: 1|0,12,38,41,46,68,72,84,96,1,4,31,64,76,8,28,49,50,59,65,90,98,11,16,19,20,21,24,51,52,54,81,57,62,73,83,85
[ 39] Received message from  27: 1|0,12,38,41,46,68,72,84,96,1,4,31,64,76,8,28,49,50,59,65,90,98,16,19,81,27,35,42,54,56,77,85,99,5,10,39,43,62,89
[ 57] Received message from  52: 1|0,12,38,41,46,68,72,84,96,1,4,31,64,76,8,28,49,50,59,65,90,98,11,16,19,20,21,24,51,52,54,81,26,57,62,70,73,83,85
[ 74] Received message from  91: 1|0,12,38,41,46,68,72,84,96,1,4,31,64,76,87,17,29,48,53,66,91,92,40,74,93
[ 69] Received message from  83: 1|0,12,38,41,46,68,72,84,96,1,4,31,64,76,8,28,49,50,59,65,90,98,11,16,19,20,21,24,51,52,54,81,13,26,71,83,6,57,58,69,70,78
[ 62] Received message from  85: 1|0,12,38,41,46,68,72,84,96,1,4,31,64,76,8,28,49,50,59,65,90,98,11,16,19,20,21,24,51,52,54,81,26,57,70,73,83,85,10,27,62,89,99
[ 93] Received message from  40: 1|0,12,38,41,46,68,72,84,96,1,4,31,64,76,87,17,29,48,53,66,91,92,40,74,100,7,23,33,55,93
[ 65] Received message from  64: 1|0,12,38,41,46,68,72,84,96,1,4,31,64,76,8,16,19,20,24,28,49,50,59,65,71,90,98
[ 27] Received message from  43: 1|0,12,38,41,46,68,72,84,96,1,4,31,64,76,17,50,53,65,66,87,9,18,22,29,48,91,92,97,100,2,34,47,67,14,15,35,42,44,56,75,77,82,5,32,39,43,27,99
[  2] Received message from  97: 1|0,12,38,41,46,68,72,84,96,1,4,31,64,76,17,50,53,65,66,87,9,18,22,29,48,91,92,97,100,2,34,35,44,47,56,75
[ 56] Received message from  18: 1|0,12,38,41,46,68,72,84,96,1,4,31,64,76,8,28,49,50,59,65,90,98,11,16,19,20,21,24,51,52,54,81,18,22,35,53,2,9,17,44,47,56,97
[ 95] Received message from  71: 1|0,12,38,41,46,68,72,84,96,1,4,31,64,76,8,28,49,50,59,65,90,98,11,16,19,20,21,24,51,52,54,81,13,26,71,83,3,36,61,86,95
[ 29] Received message from  53: 1|0,12,38,41,46,68,72,84,96,1,4,31,64,76,17,50,53,65,66,87,9,18,19,22,29,48,91,92,97
[ 99] Received message from  62: 1|0,12,38,41,46,68,72,84,96,1,4,31,64,76,8,28,49,50,59,65,90,98,11,16,19,20,21,24,51,52,54,81,26,57,70,73,83,85,6,58,62,78,10,27,89,99
[ 56] Received message from   2: 1|0,12,38,41,46,68,72,84,96,1,4,31,64,76,17,50,53,65,66,87,9,18,22,29,48,91,92,97,100,2,34,47,67,14,15,35,42,44,56,75,77,82
[ 24] Received message from  90: 1|0,12,38,41,46,68,72,84,96,1,4,31,64,76,8,28,49,50,59,65,90,98,3,13,16,20,24,61,71,86
[ 74] Received message from  92: 1|0,12,38,41,46,68,72,84,96,1,4,31,64,76,87,17,29,48,53,66,91,92,40,74,93,100
[ 71] Sent Broadcast: 1|0,12,38,41,46,68,72,84,96,1,4,31,64,76,8,28,49,50,59,65,90,98,11,16,19,20,21,24,51,52,54,81,13,26,71,83,3,36,61,86,95
[ 83] Received message from  21: 1|0,12,38,41,46,68,72,84,96,1,4,31,64,76,8,28,49,50,59,65,90,98,11,16,19,20,21,24,51,52,54,81,26,57,70,73,83,85
[ 55] Sent Broadcast: 1|12,38,41,46,68,72,84,96,1,4,31,64,76,87,17,29,48,53,66,91,92,40,74,100,7,23,33,55,93,79
[ 71] Received message from  59: 1|0,12,38,41,46,68,72,84,96,1,4,31,64,76,8,28,49,50,59,65,90,98,3,13,16,26,36,61,71,86,95
[ 73] Received message from  20: 1|0,12,38,41,46,68,72,84,96,1,4,31,64,76,8,28,49,50,59,65,90,98,11,16,19,20,21,24,51,52,54,81,13,26,57,70,71,73,83
[  5] Sent Broadcast: 1|0,12,38,41,46,68,72,84,96,1,4,31,64,76,17,50,53,65,66,87,9,18,22,29,48,91,92,97,100,2,34,47,67,14,15,35,42,44,56,75,77,82,5,32,39,43,27,89,99
[ 40] Sent Broadcast: 1|0,12,38,41,46,68,72,84,96,1,4,31,64,76,87,17,29,48,53,66,91,92,40,74,100,7,23,33,55,93
[ 62] Sent Broadcast: 1|0,12,38,41,46,68,72,84,96,1,4,31,64,76,8,28,49,50,59,65,90,98,11,16,19,20,21,24,51,52,54,81,26,57,70,73,83,85,6,58,62,78,10,27,89,99
[ 81] Received message from   8: 1|0,12,38,41,46,68,72,84,96,1,4,31,64,76,8,28,49,50,59,65,90,98,11,16,19,20,21,24,51,52,54,81
[ 54] Received message from  81: 1|0,12,38,41,46,68,72,84,96,1,4,31,64,76,8,28,49,50,59,65,90,98,16,19,81,27,35,42,54,56,77,85,99
[ 91] Received message from  66: 1|0,12,38,41,46,68,72,84,96,1,4,31,64,76,17,50,53,65,66,87,29,40,48,74,91,92
[  5] Received message from  56: 1|0,12,38,41,46,68,72,84,96,1,4,31,64,76,8,28,49,50,59,65,90,98,11,16,19,20,21,24,51,52,54,81,18,22,35,53,2,9,17,44,47,56,97,5,15,27,39,42,43,75,77,82,99
[ 56] Received message from  22: 1|0,12,38,41,46,68,72,84,96,1,4,31,64,76,8,28,49,50,59,65,90,98,11,16,19,20,21,24,51,52,54,81,18,22,35,53,2,9,17,44,47,56,75,77,97
[ 39] Received message from  89: 1|0,12,38,41,46,68,72,84,96,1,4,31,64,76,8,28,49,50,59,65,90,98,11,16,19,20,21,24,51,52,54,81,26,57,70,73,83,85,10,58,62,27,89,99,5,39
[ 35] Received message from  99: 1|0,12,38,41,46,68,72,84,96,1,4,31,64,76,8,28,49,50,59,65,90,98,11,16,19,20,21,24,51,52,54,81,26,57,70,73,83,85,10,58,62,27,89,99,5,35,39,42,43,56,77
[ 85] Received message from  21: 1|0,12,38,41,46,68,72,84,96,1,4,31,64,76,8,28,49,50,59,65,90,98,11,16,19,20,21,24,51,52,54,81,26,57,70,73,83,85
[  8] Sent Broadcast: 1|0,12,38,41,46,68,72,84,96,1,4,31,64,76,8,28,49,50,59,65,90,98,11,16,19,20,21,24,51,52,54,81
[ 83] Received message from  51: 1|0,12,38,41,46,68,72,84,96,1,4,31,64,76,8,28,49,50,59,65,90,98,11,16,19,20,21,24,51,52,54,81,57,62,73,83,85
[ 71] Received message from  64: 1|0,12,38,41,46,68,72,84,96,1,4,31,64,76,8,16,19,20,24,28,49,50,59,65,71,90,98
[ 39] Received message from  35: 1|0,12,38,41,46,68,72,84,96,1,4,31,64,76,8,28,49,50,59,65,90,98,11,16,19,20,21,24,51,52,54,81,18,22,35,53,2,5,15,27,39,42,43,44,47,56,75,77,82,97,99
[ 15] Received message from  44: 1|0,12,38,41,46,68,72,84,96,1,4,31,64,76,8,28,49,50,59,65,90,98,11,16,19,20,21,24,51,52,54,81,18,22,35,53,2,9,17,44,47,56,97,5,14,15,39,42,43,75,77,82
[ 44] Received message from  47: 1|0,12,38,41,46,68,72,84,96,1,4,31,64,76,17,50,53,65,66,87,9,18,22,29,48,91,92,97,100,2,34,47,67,14,15,35,42,44,56,75,77,82
[100] Received message from  17: 1|0,12,38,41,46,68,72,84,96,1,4,31,64,76,17,50,53,65,66,87,9,18,22,29,48,91,92,97,100
[ 70] Received message from  83: 1|0,12,38,41,46,68,72,84,96,1,4,31,64,76,8,28,49,50,59,65,90,98,11,16,19,20,21,24,51,52,54,81,13,26,71,83,6,57,58,69,70,78
[ 93] Received message from  91: 1|0,12,38,41,46,68,72,84,96,1,4,31,64,76,87,17,29,48,53,66,91,92,40,74,93
[ 39] Received message from  42: 1|0,12,38,41,46,68,72,84,96,1,4,31,64,76,17,50,53,65,66,87,9,18,22,29,48,91,92,97,100,2,34,47,67,14,15,35,42,44,56,75,77,82,5,27,39,43,81,99
[ 54] Received message from  49: 1|0,12,38,41,46,68,72,84,96,1,4,31,64,76,8,28,49,50,59,65,90,98,11,13,16,19,20,21,24,51,54,71
[ 86] Received message from  59: 1|0,12,38,41,46,68,72,84,96,1,4,31,64,76,8,28,49,50,59,65,90,98,3,13,16,26,36,61,71,86,95
[ 62] Received message from  52: 1|0,12,38,41,46,68,72,84,96,1,4,31,64,76,8,28,49,50,59,65,90,98,11,16,19,20,21,24,51,52,54,81,26,57,62,70,73,83,85
[ 59] Received message from  86: 1|0,12,38,41,46,68,72,84,96,1,30,63,88,3,60,61,86,95,13,26,28,36,59,71,90
[ 43] Received message from  27: 1|0,12,38,41,46,68,72,84,96,1,4,31,64,76,8,28,49,50,59,65,90,98,16,19,81,27,35,42,54,56,77,85,99,5,10,39,43,62,89
[ 89] Received message from  85: 1|0,12,38,41,46,68,72,84,96,1,4,31,64,76,8,28,49,50,59,65,90,98,11,16,19,20,21,24,51,52,54,81,26,57,70,73,83,85,10,27,62,89,99
[ 57] Received message from  54: 1|0,12,38,41,46,68,72,84,96,1,4,31,64,76,8,28,49,50,59,65,90,98,11,16,19,20,21,24,51,52,54,81,57,73,85
[ 99] Received message from  39: 1|0,12,38,41,46,68,72,84,96,1,4,31,64,76,17,50,53,65,66,87,9,18,22,29,48,91,92,97,100,2,34,47,67,14,15,35,42,44,56,75,77,82,5,32,39,43,27,89,99
[ 93] Received message from  74: 1|0,12,38,41,46,68,72,84,96,1,4,31,64,76,87,17,29,48,53,66,91,92,40,74,100,7,23,33,55,93
[ 21] Sent Broadcast: 1|0,12,38,41,46,68,72,84,96,1,4,31,64,76,8,28,49,50,59,65,90,98,11,16,19,20,21,24,51,52,54,81,26,57,70,73,83,85
[ 89] Sent Broadcast: 1|0,12,38,41,46,68,72,84,96,1,4,31,64,76,8,28,49,50,59,65,90,98,11,16,19,20,21,24,51,52,54,81,26,57,70,73,83,85,10,58,62,27,89,99,5,39
[ 97] Received message from  18: 1|0,12,38,41,46,68,72,84,96,1,4,31,64,76,8,28,49,50,59,65,90,98,11,16,19,20,21,24,51,52,54,81,18,22,35,53,2,9,17,44,47,56,97
[ 17] Sent Broadcast: 1|0,12,38,41,46,68,72,84,96,1,4,31,64,76,17,50,53,65,66,87,9,18,22,29,48,91,92,97,100
[ 85] Received message from  51: 1|0,12,38,41,46,68,72,84,96,1,4,31,64,76,8,28,49,50,59,65,90,98,11,16,19,20,21,24,51,52,54,81,57,62,73,83,85
[ 93] Received message from  92: 1|0,12,38,41,46,68,72,84,96,1,4,31,64,76,87,17,29,48,53,66,91,92,40,74,93,100
[ 99] Received message from  43: 1|0,12,38,41,46,68,72,84,96,1,4,31,64,76,17,50,53,65,66,87,9,18,22,29,48,91,92,97,100,2,34,47,67,14,15,35,42,44,56,75,77,82,5,32,39,43,27,99
[ 91] Sent Broadcast: 1|0,12,38,41,46,68,72,84,96,1,4,31,64,76,87,17,29,48,53,66,91,92,40,74,93
[ 18] Sent Broadcast: 1|0,12,38,41,46,68,72,84,96,1,4,31,64,76,8,28,49,50,59,65,90,98,11,16,19,20,21,24,51,52,54,81,18,22,35,53,2,9,17,44,47,56,97
[ 74] Sent Broadcast: 1|0,12,38,41,46,68,72,84,96,1,4,31,64,76,87,17,29,48,53,66,91,92,40,74,100,7,23,33,55,93
[ 34] Received message from  97: 1|0,12,38,41,46,68,72,84,96,1,4,31,64,76,17,50,53,65,66,87,9,18,22,29,48,91,92,97,100,2,34,35,44,47,56,75
[ 83] Received message from  20: 1|0,12,38,41,46,68,72,84,96,1,4,31,64,76,8,28,49,50,59,65,90,98,11,16,19,20,21,24,51,52,54,81,13,26,57,70,71,73,83
[ 48] Received message from  53: 1|0,12,38,41,46,68,72,84,96,1,4,31,64,76,17,50,53,65,66,87,9,18,19,22,29,48,91,92,97
[ 61] Received message from  90: 1|0,12,38,41,46,68,72,84,96,1,4,31,64,76,8,28,49,50,59,65,90,98,3,13,16,20,24,61,71,86
[ 15] Received message from  56: 1|0,12,38,41,46,68,72,84,96,1,4,31,64,76,8,28,49,50,59,65,90,98,11,16,19,20,21,24,51,52,54,81,18,22,35,53,2,9,17,44,47,56,97,5,15,27,39,42,43,75,77,82,99
[ 92] Received message from  66: 1|0,12,38,41,46,68,72,84,96,1,4,31,64,76,17,50,53,65,66,87,29,40,48,74,91,92
[ 39] Received message from  99: 1|0,12,38,41,46,68,72,84,96,1,4,31,64,76,8,28,49,50,59,65,90,98,11,16,19,20,21,24,51,52,54,81,26,57,70,73,83,85,10,58,62,27,89,99,5,35,39,42,43,56,77
[ 54] Received message from  24: 1|0,12,38,41,46,68,72,84,96,1,4,31,64,76,8,16,19,20,24,28,49,50,59,65,71,90,98,11,21,51,52,54,57,73,83,85
[ 90] Received message from  64: 1|0,12,38,41,46,68,72,84,96,1,4,31,64,76,8,16,19,20,24,28,49,50,59,65,71,90,98
[ 56] Received message from  47: 1|0,12,38,41,46,68,72,84,96,1,4,31,64,76,17,50,53,65,66,87,9,18,22,29,48,91,92,97,100,2,34,47,67,14,15,35,42,44,56,75,77,82
[ 75] Received message from   2: 1|0,12,38,41,46,68,72,84,96,1,4,31,64,76,17,50,53,65,66,87,9,18,22,29,48,91,92,97,100,2,34,47,67,14,15,35,42,44,56,75,77,82
[ 78] Received message from  83: 1|0,12,38,41,46,68,72,84,96,1,4,31,64,76,8,28,49,50,59,65,90,98,11,16,19,20,21,24,51,52,54,81,13,26,71,83,6,57,58,69,70,78
[ 99] Received message from  85: 1|0,12,38,41,46,68,72,84,96,1,4,31,64,76,8,28,49,50,59,65,90,98,11,16,19,20,21,24,51,52,54,81,26,57,70,73,83,85,10,27,62,89,99
[ 51] Sent Broadcast: 1|0,12,38,41,46,68,72,84,96,1,4,31,64,76,8,28,49,50,59,65,90,98,11,16,19,20,21,24,51,52,54,81,57,62,73,83,85
[ 43] Received message from  42: 1|0,12,38,41,46,68,72,84,96,1,4,31,64,76,17,50,53,65,66,87,9,18,22,29,48,91,92,97,100,2,34,47,67,14,15,35,42,44,56,75,77,82,5,27,39,43,81,99
[ 70] Received message from  52: 1|0,12,38,41,46,68,72,84,96,1,4,31,64,76,8,28,49,50,59,65,90,98,11,16,19,20,21,24,51,52,54,81,26,57,62,70,73,83,85
[ 62] Received message from  27: 1|0,12,38,41,46,68,72,84,96,1,4,31,64,76,8,28,49,50,59,65,90,98,16,19,81,27,35,42,54,56,77,85,99,5,10,39,43,62,89
[ 39] Sent Broadcast: 1|0,12,38,41,46,68,72,84,96,1,4,31,64,76,17,50,53,65,66,87,9,18,22,29,48,91,92,97,100,2,34,47,67,14,15,35,42,44,56,75,77,82,5,32,39,43,27,89,99
[ 42] Received message from  35: 1|0,12,38,41,46,68,72,84,96,1,4,31,64,76,8,28,49,50,59,65,90,98,11,16,19,20,21,24,51,52,54,81,18,22,35,53,2,5,15,27,39,42,43,44,47,56,75,77,82,97,99
[ 39] Received message from  44: 1|0,12,38,41,46,68,72,84,96,1,4,31,64,76,8,28,49,50,59,65,90,98,11,16,19,20,21,24,51,52,54,81,18,22,35,53,2,9,17,44,47,56,97,5,14,15,39,42,43,75,77,82
[ 71] Received message from  49: 1|0,12,38,41,46,68,72,84,96,1,4,31,64,76,8,28,49,50,59,65,90,98,11,13,16,19,20,21,24,51,54,71
[ 35] Received message from  97: 1|0,12,38,41,46,68,72,84,96,1,4,31,64,76,17,50,53,65,66,87,9,18,22,29,48,91,92,97,100,2,34,35,44,47,56,75
[ 73] Received message from  54: 1|0,12,38,41,46,68,72,84,96,1,4,31,64,76,8,28,49,50,59,65,90,98,11,16,19,20,21,24,51,52,54,81,57,73,85
[ 20] Sent Broadcast: 1|0,12,38,41,46,68,72,84,96,1,4,31,64,76,8,28,49,50,59,65,90,98,11,16,19,20,21,24,51,52,54,81,13,26,57,70,71,73,83
[ 95] Received message from  59: 1|0,12,38,41,46,68,72,84,96,1,4,31,64,76,8,28,49,50,59,65,90,98,3,13,16,26,36,61,71,86,95
[ 56] Received message from  81: 1|0,12,38,41,46,68,72,84,96,1,4,31,64,76,8,28,49,50,59,65,90,98,16,19,81,27,35,42,54,56,77,85,99
[ 75] Received message from  22: 1|0,12,38,41,46,68,72,84,96,1,4,31,64,76,8,28,49,50,59,65,90,98,11,16,19,20,21,24,51,52,54,81,18,22,35,53,2,9,17,44,47,56,75,77,97
[ 59] Sent Broadcast: 1|0,12,38,41,46,68,72,84,96,1,4,31,64,76,8,28,49,50,59,65,90,98,3,13,16,26,36,61,71,86,95
[  5] Received message from  75: 1|0,12,38,41,46,68,72,84,96,1,4,31,64,76,17,50,53,65,66,87,9,18,22,29,48,91,92,97,100,2,34,47,67,14,15,35,42,44,56,75,77,82,5,39,43
[ 83] Sent Broadcast: 1|0,12,38,41,46,68,72,84,96,1,4,31,64,76,8,28,49,50,59,65,90,98,11,16,19,20,21,24,51,52,54,81,13,26,71,83,6,57,58,69,70,78
[ 66] Sent Broadcast: 1|0,12,38,41,46,68,72,84,96,1,4,31,64,76,17,50,53,65,66,87,29,40,48,74,91,92
[ 43] Sent Broadcast: 1|0,12,38,41,46,68,72,84,96,1,4,31,64,76,17,50,53,65,66,87,9,18,22,29,48,91,92,97,100,2,34,47,67,14,15,35,42,44,56,75,77,82,5,32,39,43,27,99
[ 85] Sent Broadcast: 1|0,12,38,41,46,68,72,84,96,1,4,31,64,76,8,28,49,50,59,65,90,98,11,16,19,20,21,24,51,52,54,81,26,57,70,73,83,85,10,27,62,89,99
[ 49] Sent Broadcast: 1|0,12,38,41,46,68,72,84,96,1,4,31,64,76,8,28,49,50,59,65,90,98,11,13,16,19,20,21,24,51,54,71
[ 71] Received message from  86: 1|0,12,38,41,46,68,72,84,96,1,30,63,88,3,60,61,86,95,13,26,28,36,59,71,90
[ 81] Received message from  42: 1|0,12,38,41,46,68,72,84,96,1,4,31,64,76,17,50,53,65,66,87,9,18,22,29,48,91,92,97,100,2,34,47,67,14,15,35,42,44,56,75,77,82,5,27,39,43,81,99
[100] Received message from  92: 1|0,12,38,41,46,68,72,84,96,1,4,31,64,76,87,17,29,48,53,66,91,92,40,74,93,100
[ 98] Received message from  64: 1|0,12,38,41,46,68,72,84,96,1,4,31,64,76,8,16,19,20,24,28,49,50,59,65,71,90,98
[ 89] Received message from  27: 1|0,12,38,41,46,68,72,84,96,1,4,31,64,76,8,28,49,50,59,65,90,98,16,19,81,27,35,42,54,56,77,85,99,5,10,39,43,62,89
[ 44] Received message from  97: 1|0,12,38,41,46,68,72,84,96,1,4,31,64,76,17,50,53,65,66,87,9,18,22,29,48,91,92,97,100,2,34,35,44,47,56,75
[ 39] Received message from  75: 1|0,12,38,41,46,68,72,84,96,1,4,31,64,76,17,50,53,65,66,87,9,18,22,29,48,91,92,97,100,2,34,47,67,14,15,35,42,44,56,75,77,82,5,39,43
[ 85] Received message from  54: 1|0,12,38,41,46,68,72,84,96,1,4,31,64,76,8,28,49,50,59,65,90,98,11,16,19,20,21,24,51,52,54,81,57,73,85
[ 42] Received message from  99: 1|0,12,38,41,46,68,72,84,96,1,4,31,64,76,8,28,49,50,59,65,90,98,11,16,19,20,21,24,51,52,54,81,26,57,70,73,83,85,10,58,62,27,89,99,5,35,39,42,43,56,77
[ 27] Received message from  56: 1|0,12,38,41,46,68,72,84,96,1,4,31,64,76,8,28,49,50,59,65,90,98,11,16,19,20,21,24,51,52,54,81,18,22,35,53,2,9,17,44,47,56,97,5,15,27,39,42,43,75,77,82,99
[ 91] Received message from  53: 1|0,12,38,41,46,68,72,84,96,1,4,31,64,76,17,50,53,65,66,87,9,18,19,22,29,48,91,92,97
[ 92] Sent Broadcast: 1|0,12,38,41,46,68,72,84,96,1,4,31,64,76,87,17,29,48,53,66,91,92,40,74,93,100
[ 77] Received message from   2: 1|0,12,38,41,46,68,72,84,96,1,4,31,64,76,17,50,53,65,66,87,9,18,22,29,48,91,92,97,100,2,34,47,67,14,15,35,42,44,56,75,77,82
[ 71] Received message from  90: 1|0,12,38,41,46,68,72,84,96,1,4,31,64,76,8,28,49,50,59,65,90,98,3,13,16,20,24,61,71,86
[ 73] Received message from  52: 1|0,12,38,41,46,68,72,84,96,1,4,31,64,76,8,28,49,50,59,65,90,98,11,16,19,20,21,24,51,52,54,81,26,57,62,70,73,83,85
[ 57] Received message from  24: 1|0,12,38,41,46,68,72,84,96,1,4,31,64,76,8,16,19,20,24,28,49,50,59,65,71,90,98,11,21,51,52,54,57,73,83,85
[ 75] Received message from  47: 1|0,12,38,41,46,68,72,84,96,1,4,31,64,76,17,50,53,65,66,87,9,18,22,29,48,91,92,97,100,2,34,47,67,14,15,35,42,44,56,75,77,82
[ 64] Sent Broadcast: 1|0,12,38,41,46,68,72,84,96,1,4,31,64,76,8,16,19,20,24,28,49,50,59,65,71,90,98
[ 27] Sent Broadcast: 1|0,12,38,41,46,68,72,84,96,1,4,31,64,76,8,28,49,50,59,65,90,98,16,19,81,27,35,42,54,56,77,85,99,5,10,39,43,62,89
[ 54] Sent Broadcast: 1|0,12,38,41,46,68,72,84,96,1,4,31,64,76,8,28,49,50,59,65,90,98,11,16,19,20,21,24,51,52,54,81,57,73,85
[ 43] Received message from  35: 1|0,12,38,41,46,68,72,84,96,1,4,31,64,76,8,28,49,50,59,65,90,98,11,16,19,20,21,24,51,52,54,81,18,22,35,53,2,5,15,27,39,42,43,44,47,56,75,77,82,97,99
[ 42] Received message from  44: 1|0,12,38,41,46,68,72,84,96,1,4,31,64,76,8,28,49,50,59,65,90,98,11,16,19,20,21,24,51,52,54,81,18,22,35,53,2,9,17,44,47,56,97,5,14,15,39,42,43,75,77,82
[ 99] Received message from  42: 1|0,12,38,41,46,68,72,84,96,1,4,31,64,76,17,50,53,65,66,87,9,18,22,29,48,91,92,97,100,2,34,47,67,14,15,35,42,44,56,75,77,82,5,27,39,43,81,99
[ 43] Received message from  75: 1|0,12,38,41,46,68,72,84,96,1,4,31,64,76,17,50,53,65,66,87,9,18,22,29,48,91,92,97,100,2,34,47,67,14,15,35,42,44,56,75,77,82,5,39,43
[ 39] Received message from  56: 1|0,12,38,41,46,68,72,84,96,1,4,31,64,76,8,28,49,50,59,65,90,98,11,16,19,20,21,24,51,52,54,81,18,22,35,53,2,9,17,44,47,56,97,5,15,27,39,42,43,75,77,82,99
[ 47] Received message from  97: 1|0,12,38,41,46,68,72,84,96,1,4,31,64,76,17,50,53,65,66,87,9,18,22,29,48,91,92,97,100,2,34,35,44,47,56,75
[ 82] Received message from   2: 1|0,12,38,41,46,68,72,84,96,1,4,31,64,76,17,50,53,65,66,87,9,18,22,29,48,91,92,97,100,2,34,47,67,14,15,35,42,44,56,75,77,82
[ 75] Sent Broadcast: 1|0,12,38,41,46,68,72,84,96,1,4,31,64,76,17,50,53,65,66,87,9,18,22,29,48,91,92,97,100,2,34,47,67,14,15,35,42,44,56,75,77,82,5,39,43
[ 42] Sent Broadcast: 1|0,12,38,41,46,68,72,84,96,1,4,31,64,76,17,50,53,65,66,87,9,18,22,29,48,91,92,97,100,2,34,47,67,14,15,35,42,44,56,75,77,82,5,27,39,43,81,99
[  2] Sent Broadcast: 1|0,12,38,41,46,68,72,84,96,1,4,31,64,76,17,50,53,65,66,87,9,18,22,29,48,91,92,97,100,2,34,47,67,14,15,35,42,44,56,75,77,82
[ 77] Received message from  22: 1|0,12,38,41,46,68,72,84,96,1,4,31,64,76,8,28,49,50,59,65,90,98,11,16,19,20,21,24,51,52,54,81,18,22,35,53,2,9,17,44,47,56,75,77,97
[ 90] Received message from  86: 1|0,12,38,41,46,68,72,84,96,1,30,63,88,3,60,61,86,95,13,26,28,36,59,71,90
[ 43] Received message from  99: 1|0,12,38,41,46,68,72,84,96,1,4,31,64,76,8,28,49,50,59,65,90,98,11,16,19,20,21,24,51,52,54,81,26,57,70,73,83,85,10,58,62,27,89,99,5,35,39,42,43,56,77
[ 77] Received message from  81: 1|0,12,38,41,46,68,72,84,96,1,4,31,64,76,8,28,49,50,59,65,90,98,16,19,81,27,35,42,54,56,77,85,99
[ 86] Sent Broadcast: 1|0,12,38,41,46,68,72,84,96,1,30,63,88,3,60,61,86,95,13,26,28,36,59,71,90
[ 44] Received message from  35: 1|0,12,38,41,46,68,72,84,96,1,4,31,64,76,8,28,49,50,59,65,90,98,11,16,19,20,21,24,51,52,54,81,18,22,35,53,2,5,15,27,39,42,43,44,47,56,75,77,82,97,99
[  5] Received message from  77: 1|0,12,38,41,46,68,72,84,96,1,4,31,64,76,17,50,53,65,66,87,9,18,22,29,48,91,92,97,100,2,34,47,67,14,15,35,42,44,56,75,77,82,5,27,39,43,81,99
[ 92] Received message from  53: 1|0,12,38,41,46,68,72,84,96,1,4,31,64,76,17,50,53,65,66,87,9,18,19,22,29,48,91,92,97
[ 83] Received message from  52: 1|0,12,38,41,46,68,72,84,96,1,4,31,64,76,8,28,49,50,59,65,90,98,11,16,19,20,21,24,51,52,54,81,26,57,62,70,73,83,85
[ 56] Received message from  97: 1|0,12,38,41,46,68,72,84,96,1,4,31,64,76,17,50,53,65,66,87,9,18,22,29,48,91,92,97,100,2,34,35,44,47,56,75
[ 86] Received message from  90: 1|0,12,38,41,46,68,72,84,96,1,4,31,64,76,8,28,49,50,59,65,90,98,3,13,16,20,24,61,71,86
[ 42] Received message from  56: 1|0,12,38,41,46,68,72,84,96,1,4,31,64,76,8,28,49,50,59,65,90,98,11,16,19,20,21,24,51,52,54,81,18,22,35,53,2,9,17,44,47,56,97,5,15,27,39,42,43,75,77,82,99
[ 43] Received message from  44: 1|0,12,38,41,46,68,72,84,96,1,4,31,64,76,8,28,49,50,59,65,90,98,11,16,19,20,21,24,51,52,54,81,18,22,35,53,2,9,17,44,47,56,97,5,14,15,39,42,43,75,77,82
[ 97] Received message from  22: 1|0,12,38,41,46,68,72,84,96,1,4,31,64,76,8,28,49,50,59,65,90,98,11,16,19,20,21,24,51,52,54,81,18,22,35,53,2,9,17,44,47,56,75,77,97
[ 77] Received message from  47: 1|0,12,38,41,46,68,72,84,96,1,4,31,64,76,17,50,53,65,66,87,9,18,22,29,48,91,92,97,100,2,34,47,67,14,15,35,42,44,56,75,77,82
[  5] Received message from  82: 1|0,12,38,41,46,68,72,84,96,1,4,31,64,76,17,50,53,65,66,87,9,18,22,29,48,91,92,97,100,2,34,47,67,14,15,35,42,44,56,75,77,82,5,39,43
[ 47] Received message from  35: 1|0,12,38,41,46,68,72,84,96,1,4,31,64,76,8,28,49,50,59,65,90,98,11,16,19,20,21,24,51,52,54,81,18,22,35,53,2,5,15,27,39,42,43,44,47,56,75,77,82,97,99
[ 56] Received message from  99: 1|0,12,38,41,46,68,72,84,96,1,4,31,64,76,8,28,49,50,59,65,90,98,11,16,19,20,21,24,51,52,54,81,26,57,70,73,83,85,10,58,62,27,89,99,5,35,39,42,43,56,77
[ 73] Received message from  24: 1|0,12,38,41,46,68,72,84,96,1,4,31,64,76,8,16,19,20,24,28,49,50,59,65,71,90,98,11,21,51,52,54,57,73,83,85
[ 90] Sent Broadcast: 1|0,12,38,41,46,68,72,84,96,1,4,31,64,76,8,28,49,50,59,65,90,98,3,13,16,20,24,61,71,86
[ 22] Sent Broadcast: 1|0,12,38,41,46,68,72,84,96,1,4,31,64,76,8,28,49,50,59,65,90,98,11,16,19,20,21,24,51,52,54,81,18,22,35,53,2,9,17,44,47,56,75,77,97
[ 43] Received message from  56: 1|0,12,38,41,46,68,72,84,96,1,4,31,64,76,8,28,49,50,59,65,90,98,11,16,19,20,21,24,51,52,54,81,18,22,35,53,2,9,17,44,47,56,97,5,15,27,39,42,43,75,77,82,99
[ 56] Received message from  35: 1|0,12,38,41,46,68,72,84,96,1,4,31,64,76,8,28,49,50,59,65,90,98,11,16,19,20,21,24,51,52,54,81,18,22,35,53,2,5,15,27,39,42,43,44,47,56,75,77,82,97,99
[ 77] Received message from  99: 1|0,12,38,41,46,68,72,84,96,1,4,31,64,76,8,28,49,50,59,65,90,98,11,16,19,20,21,24,51,52,54,81,26,57,70,73,83,85,10,58,62,27,89,99,5,35,39,42,43,56,77
[ 82] Received message from  47: 1|0,12,38,41,46,68,72,84,96,1,4,31,64,76,17,50,53,65,66,87,9,18,22,29,48,91,92,97,100,2,34,47,67,14,15,35,42,44,56,75,77,82
[ 97] Received message from  53: 1|0,12,38,41,46,68,72,84,96,1,4,31,64,76,17,50,53,65,66,87,9,18,19,22,29,48,91,92,97
[ 75] Received message from  97: 1|0,12,38,41,46,68,72,84,96,1,4,31,64,76,17,50,53,65,66,87,9,18,22,29,48,91,92,97,100,2,34,35,44,47,56,75
[ 27] Received message from  77: 1|0,12,38,41,46,68,72,84,96,1,4,31,64,76,17,50,53,65,66,87,9,18,22,29,48,91,92,97,100,2,34,47,67,14,15,35,42,44,56,75,77,82,5,27,39,43,81,99
[ 99] Sent Broadcast: 1|0,12,38,41,46,68,72,84,96,1,4,31,64,76,8,28,49,50,59,65,90,98,11,16,19,20,21,24,51,52,54,81,26,57,70,73,83,85,10,58,62,27,89,99,5,35,39,42,43,56,77
[ 53] Sent Broadcast: 1|0,12,38,41,46,68,72,84,96,1,4,31,64,76,17,50,53,65,66,87,9,18,19,22,29,48,91,92,97
[ 47] Sent Broadcast: 1|0,12,38,41,46,68,72,84,96,1,4,31,64,76,17,50,53,65,66,87,9,18,22,29,48,91,92,97,100,2,34,47,67,14,15,35,42,44,56,75,77,82
[ 83] Received message from  24: 1|0,12,38,41,46,68,72,84,96,1,4,31,64,76,8,16,19,20,24,28,49,50,59,65,71,90,98,11,21,51,52,54,57,73,83,85
[ 39] Received message from  82: 1|0,12,38,41,46,68,72,84,96,1,4,31,64,76,17,50,53,65,66,87,9,18,22,29,48,91,92,97,100,2,34,47,67,14,15,35,42,44,56,75,77,82,5,39,43
[ 85] Received message from  81: 1|0,12,38,41,46,68,72,84,96,1,4,31,64,76,8,28,49,50,59,65,90,98,16,19,81,27,35,42,54,56,77,85,99
[ 97] Sent Broadcast: 1|0,12,38,41,46,68,72,84,96,1,4,31,64,76,17,50,53,65,66,87,9,18,22,29,48,91,92,97,100,2,34,35,44,47,56,75
[ 75] Received message from  44: 1|0,12,38,41,46,68,72,84,96,1,4,31,64,76,8,28,49,50,59,65,90,98,11,16,19,20,21,24,51,52,54,81,18,22,35,53,2,9,17,44,47,56,97,5,14,15,39,42,43,75,77,82
[ 85] Received message from  52: 1|0,12,38,41,46,68,72,84,96,1,4,31,64,76,8,28,49,50,59,65,90,98,11,16,19,20,21,24,51,52,54,81,26,57,62,70,73,83,85
[ 39] Received message from  77: 1|0,12,38,41,46,68,72,84,96,1,4,31,64,76,17,50,53,65,66,87,9,18,22,29,48,91,92,97,100,2,34,47,67,14,15,35,42,44,56,75,77,82,5,27,39,43,81,99
[ 52] Sent Broadcast: 1|0,12,38,41,46,68,72,84,96,1,4,31,64,76,8,28,49,50,59,65,90,98,11,16,19,20,21,24,51,52,54,81,26,57,62,70,73,83,85
[ 75] Received message from  56: 1|0,12,38,41,46,68,72,84,96,1,4,31,64,76,8,28,49,50,59,65,90,98,11,16,19,20,21,24,51,52,54,81,18,22,35,53,2,9,17,44,47,56,97,5,15,27,39,42,43,75,77,82,99
[ 85] Received message from  24: 1|0,12,38,41,46,68,72,84,96,1,4,31,64,76,8,16,19,20,24,28,49,50,59,65,71,90,98,11,21,51,52,54,57,73,83,85
[ 43] Received message from  82: 1|0,12,38,41,46,68,72,84,96,1,4,31,64,76,17,50,53,65,66,87,9,18,22,29,48,91,92,97,100,2,34,47,67,14,15,35,42,44,56,75,77,82,5,39,43
[ 82] Sent Broadcast: 1|0,12,38,41,46,68,72,84,96,1,4,31,64,76,17,50,53,65,66,87,9,18,22,29,48,91,92,97,100,2,34,47,67,14,15,35,42,44,56,75,77,82,5,39,43
[ 24] Sent Broadcast: 1|0,12,38,41,46,68,72,84,96,1,4,31,64,76,8,16,19,20,24,28,49,50,59,65,71,90,98,11,21,51,52,54,57,73,83,85
[ 75] Received message from  35: 1|0,12,38,41,46,68,72,84,96,1,4,31,64,76,8,28,49,50,59,65,90,98,11,16,19,20,21,24,51,52,54,81,18,22,35,53,2,5,15,27,39,42,43,44,47,56,75,77,82,97,99
[ 99] Received message from  81: 1|0,12,38,41,46,68,72,84,96,1,4,31,64,76,8,28,49,50,59,65,90,98,16,19,81,27,35,42,54,56,77,85,99
[ 43] Received message from  77: 1|0,12,38,41,46,68,72,84,96,1,4,31,64,76,17,50,53,65,66,87,9,18,22,29,48,91,92,97,100,2,34,47,67,14,15,35,42,44,56,75,77,82,5,27,39,43,81,99
[ 81] Sent Broadcast: 1|0,12,38,41,46,68,72,84,96,1,4,31,64,76,8,28,49,50,59,65,90,98,16,19,81,27,35,42,54,56,77,85,99
[ 77] Received message from  44: 1|0,12,38,41,46,68,72,84,96,1,4,31,64,76,8,28,49,50,59,65,90,98,11,16,19,20,21,24,51,52,54,81,18,22,35,53,2,9,17,44,47,56,97,5,14,15,39,42,43,75,77,82
[ 81] Received message from  77: 1|0,12,38,41,46,68,72,84,96,1,4,31,64,76,17,50,53,65,66,87,9,18,22,29,48,91,92,97,100,2,34,47,67,14,15,35,42,44,56,75,77,82,5,27,39,43,81,99
[ 77] Received message from  56: 1|0,12,38,41,46,68,72,84,96,1,4,31,64,76,8,28,49,50,59,65,90,98,11,16,19,20,21,24,51,52,54,81,18,22,35,53,2,9,17,44,47,56,97,5,15,27,39,42,43,75,77,82,99
[ 99] Received message from  77: 1|0,12,38,41,46,68,72,84,96,1,4,31,64,76,17,50,53,65,66,87,9,18,22,29,48,91,92,97,100,2,34,47,67,14,15,35,42,44,56,75,77,82,5,27,39,43,81,99
[ 82] Received message from  44: 1|0,12,38,41,46,68,72,84,96,1,4,31,64,76,8,28,49,50,59,65,90,98,11,16,19,20,21,24,51,52,54,81,18,22,35,53,2,9,17,44,47,56,97,5,14,15,39,42,43,75,77,82
[ 77] Received message from  35: 1|0,12,38,41,46,68,72,84,96,1,4,31,64,76,8,28,49,50,59,65,90,98,11,16,19,20,21,24,51,52,54,81,18,22,35,53,2,5,15,27,39,42,43,44,47,56,75,77,82,97,99
[ 44] Sent Broadcast: 1|0,12,38,41,46,68,72,84,96,1,4,31,64,76,8,28,49,50,59,65,90,98,11,16,19,20,21,24,51,52,54,81,18,22,35,53,2,9,17,44,47,56,97,5,14,15,39,42,43,75,77,82
[ 77] Sent Broadcast: 1|0,12,38,41,46,68,72,84,96,1,4,31,64,76,17,50,53,65,66,87,9,18,22,29,48,91,92,97,100,2,34,47,67,14,15,35,42,44,56,75,77,82,5,27,39,43,81,99
[ 82] Received message from  56: 1|0,12,38,41,46,68,72,84,96,1,4,31,64,76,8,28,49,50,59,65,90,98,11,16,19,20,21,24,51,52,54,81,18,22,35,53,2,9,17,44,47,56,97,5,15,27,39,42,43,75,77,82,99
[ 99] Received message from  56: 1|0,12,38,41,46,68,72,84,96,1,4,31,64,76,8,28,49,50,59,65,90,98,11,16,19,20,21,24,51,52,54,81,18,22,35,53,2,9,17,44,47,56,97,5,15,27,39,42,43,75,77,82,99
[ 82] Received message from  35: 1|0,12,38,41,46,68,72,84,96,1,4,31,64,76,8,28,49,50,59,65,90,98,11,16,19,20,21,24,51,52,54,81,18,22,35,53,2,5,15,27,39,42,43,44,47,56,75,77,82,97,99
[ 56] Sent Broadcast: 1|0,12,38,41,46,68,72,84,96,1,4,31,64,76,8,28,49,50,59,65,90,98,11,16,19,20,21,24,51,52,54,81,18,22,35,53,2,9,17,44,47,56,97,5,15,27,39,42,43,75,77,82,99
[ 97] Received message from  35: 1|0,12,38,41,46,68,72,84,96,1,4,31,64,76,8,28,49,50,59,65,90,98,11,16,19,20,21,24,51,52,54,81,18,22,35,53,2,5,15,27,39,42,43,44,47,56,75,77,82,97,99
[ 99] Received message from  35: 1|0,12,38,41,46,68,72,84,96,1,4,31,64,76,8,28,49,50,59,65,90,98,11,16,19,20,21,24,51,52,54,81,18,22,35,53,2,5,15,27,39,42,43,44,47,56,75,77,82,97,99
[ 35] Sent Broadcast: 1|0,12,38,41,46,68,72,84,96,1,4,31,64,76,8,28,49,50,59,65,90,98,11,16,19,20,21,24,51,52,54,81,18,22,35,53,2,5,15,27,39,42,43,44,47,56,75,77,82,97,99
