[  6] Received message from   1: 1|0,6,18,22,25,29,32,44,47,57,65,74,76,81,93
[ 18] Received message from   1: 1|0,6,18,22,25,29,32,44,47,57,65,74,76,81,93
[ 17] Received message from   6: 1|0,6,18,22,25,29,32,44,47,57,65,74,76,81,93,1,17,72,87,94
[  2] Received message from  17: 1|0,6,18,22,25,29,32,44,47,57,65,74,76,81,93,1,17,72,87,94,2,26,39,48,53,63
[ 22] Received message from   1: 1|0,6,18,22,25,29,32,44,47,57,65,74,76,81,93
[ 25] Received message from   1: 1|0,6,18,22,25,29,32,44,47,57,65,74,76,81,93
[ 26] Received message from  17: 1|0,6,18,22,25,29,32,44,47,57,65,74,76,81,93,1,17,72,87,94,2,26,39,48,53,63
[ 72] Received message from   6: 1|0,6,18,22,25,29,32,44,47,57,65,74,76,81,93,1,17,72,87,94
[ 29] Received message from   1: 1|0,6,18,22,25,29,32,44,47,57,65,74,76,81,93
[ 62] Received message from  18: 1|0,6,18,22,25,29,32,44,47,57,65,74,76,81,93,1,62,98,99
[ 72] Received message from  22: 1|0,6,18,22,25,29,32,44,47,57,65,74,76,81,93,1,72
[ 22] Sent Broadcast: 1|0,6,18,22,25,29,32,44,47,57,65,74,76,81,93,1,72
[ 39] Received message from  17: 1|0,6,18,22,25,29,32,44,47,57,65,74,76,81,93,1,17,72,87,94,2,26,39,48,53,63
[ 12] Received message from   2: 1|0,6,18,22,25,29,32,44,47,57,65,74,76,81,93,1,17,72,87,94,2,26,39,48,53,63,12,20,36,38,56,58,66,88,91
[  5] Received message from  26: 1|0,6,18,22,25,29,32,44,47,57,65,74,76,81,93,1,17,72,87,94,2,26,39,48,53,63,5,30,34,43,75,79
[ 11] Received message from  25: 1|0,6,18,22,25,29,32,44,47,57,65,74,76,81,93,1,11,27,72,89,99
[ 27] Received message from  29: 1|0,6,18,22,25,29,32,44,47,57,65,74,76,81,93,1,27,72,99
[  7] Received message from  62: 1|0,6,18,22,25,29,32,44,47,57,65,74,76,81,93,1,62,98,99,7,33,73,85,92
[ 32] Received message from   1: 1|0,6,18,22,25,29,32,44,47,57,65,74,76,81,93
[ 48] Received message from  17: 1|0,6,18,22,25,29,32,44,47,57,65,74,76,81,93,1,17,72,87,94,2,26,39,48,53,63
[ 98] Received message from  18: 1|0,6,18,22,25,29,32,44,47,57,65,74,76,81,93,1,62,98,99
[ 27] Received message from  25: 1|0,6,18,22,25,29,32,44,47,57,65,74,76,81,93,1,11,27,72,89,99
[ 10] Received message from   5: 1|0,6,18,22,25,29,32,44,47,57,65,74,76,81,93,1,17,72,87,94,2,26,39,48,53,63,5,30,34,43,75,79,10,21,28,50,67,78,84
[ 87] Received message from   6: 1|0,6,18,22,25,29,32,44,47,57,65,74,76,81,93,1,17,72,87,94
[ 44] Received message from   1: 1|0,6,18,22,25,29,32,44,47,57,65,74,76,81,93
[ 20] Received message from   2: 1|0,6,18,22,25,29,32,44,47,57,65,74,76,81,93,1,17,72,87,94,2,26,39,48,53,63,12,20,36,38,56,58,66,88,91
[ 33] Received message from  62: 1|0,6,18,22,25,29,32,44,47,57,65,74,76,81,93,1,62,98,99,7,33,73,85,92
[ 41] Received message from   7: 1|0,6,18,22,25,29,32,44,47,57,65,74,76,81,93,1,62,98,99,7,33,73,85,92,41,79,83
[ 35] Received message from  98: 1|0,6,18,22,25,29,32,44,47,57,65,74,76,81,93,1,62,98,99,35,49,64,73
[ 72] Received message from  29: 1|0,6,18,22,25,29,32,44,47,57,65,74,76,81,93,1,27,72,99
[ 30] Received message from  26: 1|0,6,18,22,25,29,32,44,47,57,65,74,76,81,93,1,17,72,87,94,2,26,39,48,53,63,5,30,34,43,75,79
[  3] Received message from  72: 1|0,6,18,22,25,29,32,44,47,57,65,74,76,81,93,1,17,72,87,94,3,11,16,27,38,66,89
[ 53] Received message from  17: 1|0,6,18,22,25,29,32,44,47,57,65,74,76,81,93,1,17,72,87,94,2,26,39,48,53,63
[ 43] Received message from  48: 1|0,6,18,22,25,29,32,44,47,57,65,74,76,81,93,1,17,72,87,94,2,26,39,48,53,63,43,75,79
[  2] Received message from  87: 1|0,6,18,22,25,29,32,44,47,57,65,74,76,81,93,1,17,72,87,94,2,12,20,38,53,56,66,88
[  3] Received message from  12: 1|0,6,18,22,25,29,32,44,47,57,65,74,76,81,93,1,17,72,87,94,2,26,39,48,53,63,12,20,36,38,56,58,66,88,91,3
[ 99] Received message from  32: 1|0,6,18,22,25,29,32,44,47,57,65,74,76,81,93,1,99
[ 35] Received message from  44: 1|0,6,18,22,25,29,32,44,47,57,65,74,76,81,93,1,35,49,98,99
[ 34] Received message from  20: 1|0,6,18,22,25,29,32,44,47,57,65,74,76,81,93,1,17,72,87,94,2,26,39,48,53,63,12,20,36,38,56,58,66,88,91,34,59,70
[ 20] Received message from  39: 1|0,6,18,22,25,29,32,44,47,57,65,74,76,81,93,1,17,72,87,94,2,26,39,48,53,63,20,21,30,34,59,70,78
[ 24] Received message from  10: 1|0,6,18,22,25,29,32,44,47,57,65,74,76,81,93,1,17,72,87,94,2,26,39,48,53,63,5,30,34,43,75,79,10,21,28,50,67,78,84,24,68
[ 99] Received message from  18: 1|0,6,18,22,25,29,32,44,47,57,65,74,76,81,93,1,62,98,99
[ 12] Received message from   3: 1|0,6,18,22,25,29,32,44,47,57,65,74,76,81,93,1,17,72,87,94,3,11,16,27,38,66,89,12,58,88
[ 21] Received message from   5: 1|0,6,18,22,25,29,32,44,47,57,65,74,76,81,93,1,17,72,87,94,2,26,39,48,53,63,5,30,34,43,75,79,10,21,28,50,67,78,84
[ 14] Received message from  33: 1|0,6,18,22,25,29,32,44,47,57,65,74,76,81,93,1,62,98,99,7,33,73,85,92,14,40,41,61,80,83
[ 32] Sent Broadcast: 1|0,6,18,22,25,29,32,44,47,57,65,74,76,81,93,1,99
[  4] Received message from  41: 1|0,6,18,22,25,29,32,44,47,57,65,74,76,81,93,1,62,98,99,7,33,73,85,92,41,79,83,4,14,45,80,97,100
[  3] Received message from  11: 1|0,6,18,22,25,29,32,44,47,57,65,74,76,81,93,1,11,27,72,89,99,3,16,38,66,88
[  5] Received message from  43: 1|0,6,18,22,25,29,32,44,47,57,65,74,76,81,93,1,17,72,87,94,2,26,39,48,53,63,43,75,79,5,50,82,84,86
[ 10] Received message from  30: 1|0,6,18,22,25,29,32,44,47,57,65,74,76,81,93,1,17,72,87,94,2,26,39,48,53,63,5,30,34,43,75,79,10,21,50,59,67,68,70,78
[ 72] Received message from  25: 1|0,6,18,22,25,29,32,44,47,57,65,74,76,81,93,1,11,27,72,89,99
[ 12] Received message from  53: 1|0,6,18,22,25,29,32,44,47,57,65,74,76,81,93,1,17,72,87,94,2,26,39,48,53,63,12,20,34,36,88,91
[  3] Received message from  27: 1|0,6,18,22,25,29,32,44,47,57,65,74,76,81,93,1,27,72,99,3,11,89
[ 94] Received message from   6: 1|0,6,18,22,25,29,32,44,47,57,65,74,76,81,93,1,17,72,87,94
[ 59] Received message from  20: 1|0,6,18,22,25,29,32,44,47,57,65,74,76,81,93,1,17,72,87,94,2,26,39,48,53,63,12,20,36,38,56,58,66,88,91,34,59,70
[ 99] Received message from  29: 1|0,6,18,22,25,29,32,44,47,57,65,74,76,81,93,1,27,72,99
[ 18] Sent Broadcast: 1|0,6,18,22,25,29,32,44,47,57,65,74,76,81,93,1,62,98,99
[ 12] Sent Broadcast: 1|0,6,18,22,25,29,32,44,47,57,65,74,76,81,93,1,17,72,87,94,2,26,39,48,53,63,12,20,36,38,56,58,66,88,91,3
[ 63] Received message from  17: 1|0,6,18,22,25,29,32,44,47,57,65,74,76,81,93,1,17,72,87,94,2,26,39,48,53,63
[ 47] Received message from   1: 1|0,6,18,22,25,29,32,44,47,57,65,74,76,81,93
[ 12] Received message from  87: 1|0,6,18,22,25,29,32,44,47,57,65,74,76,81,93,1,17,72,87,94,2,12,20,38,53,56,66,88
[ 49] Received message from  98: 1|0,6,18,22,25,29,32,44,47,57,65,74,76,81,93,1,62,98,99,35,49,64,73
[ 11] Received message from  72: 1|0,6,18,22,25,29,32,44,47,57,65,74,76,81,93,1,17,72,87,94,3,11,16,27,38,66,89
[ 28] Received message from   5: 1|0,6,18,22,25,29,32,44,47,57,65,74,76,81,93,1,17,72,87,94,2,26,39,48,53,63,5,30,34,43,75,79,10,21,28,50,67,78,84
[ 35] Received message from  99: 1|0,6,18,22,25,29,32,44,47,57,65,74,76,81,93,1,99,35,49,98
[ 14] Received message from  41: 1|0,6,18,22,25,29,32,44,47,57,65,74,76,81,93,1,62,98,99,7,33,73,85,92,41,79,83,4,14,45,80,97,100
[ 36] Received message from   2: 1|0,6,18,22,25,29,32,44,47,57,65,74,76,81,93,1,17,72,87,94,2,26,39,48,53,63,12,20,36,38,56,58,66,88,91
[ 21] Received message from  34: 1|0,6,18,22,25,29,32,44,47,57,65,74,76,81,93,1,17,72,87,94,2,26,39,48,53,63,12,20,36,38,56,58,66,88,91,34,59,70,21,30,78
[ 64] Received message from  35: 1|0,6,18,22,25,29,32,44,47,57,65,74,76,81,93,1,35,49,98,99,64
[ 16] Received message from  11: 1|0,6,18,22,25,29,32,44,47,57,65,74,76,81,93,1,11,27,72,89,99,3,16,38,66,88
[ 79] Received message from   7: 1|0,6,18,22,25,29,32,44,47,57,65,74,76,81,93,1,62,98,99,7,33,73,85,92,41,79,83
[ 34] Received message from  26: 1|0,6,18,22,25,29,32,44,47,57,65,74,76,81,93,1,17,72,87,94,2,26,39,48,53,63,5,30,34,43,75,79
[ 68] Received message from  10: 1|0,6,18,22,25,29,32,44,47,57,65,74,76,81,93,1,17,72,87,94,2,26,39,48,53,63,5,30,34,43,75,79,10,21,28,50,67,78,84,24,68
[ 75] Received message from  48: 1|0,6,18,22,25,29,32,44,47,57,65,74,76,81,93,1,17,72,87,94,2,26,39,48,53,63,43,75,79
[ 24] Received message from  21: 1|0,6,18,22,25,29,32,44,47,57,65,74,76,81,93,1,17,72,87,94,2,26,39,48,53,63,5,30,34,43,75,79,10,21,28,50,67,78,84,24,59,68,70
[ 23] Received message from   4: 1|0,6,18,22,25,29,32,44,47,57,65,74,76,81,93,1,62,98,99,7,33,73,85,92,41,79,83,4,14,45,80,97,100,23,42,52,54,55,60,95
[ 21] Received message from  39: 1|0,6,18,22,25,29,32,44,47,57,65,74,76,81,93,1,17,72,87,94,2,26,39,48,53,63,20,21,30,34,59,70,78
[ 26] Received message from  94: 1|0,6,18,22,25,29,32,44,47,57,65,74,76,81,93,1,17,72,87,94,26,43,48,63,75,79
[ 72] Received message from  47: 1|0,6,18,22,25,29,32,44,47,57,65,74,76,81,93,1,72,99
[ 58] Received message from   3: 1|0,6,18,22,25,29,32,44,47,57,65,74,76,81,93,1,17,72,87,94,3,11,16,27,38,66,89,12,58,88
[ 49] Received message from  44: 1|0,6,18,22,25,29,32,44,47,57,65,74,76,81,93,1,35,49,98,99
[ 89] Received message from  25: 1|0,6,18,22,25,29,32,44,47,57,65,74,76,81,93,1,11,27,72,89,99
[ 73] Received message from  62: 1|0,6,18,22,25,29,32,44,47,57,65,74,76,81,93,1,62,98,99,7,33,73,85,92
[  4] Received message from  14: 1|6,18,22,25,29,32,44,47,57,65,74,76,81,93,1,62,98,99,7,33,73,85,92,14,40,41,61,80,83,4,42,45,55,82,86,97,100
[ 21] Received message from  59: 1|0,6,18,22,25,29,32,44,47,57,65,74,76,81,93,1,17,72,87,94,2,26,39,48,53,63,12,20,36,38,56,58,66,88,91,34,59,70,21,30,67,68,78
[ 40] Received message from  33: 1|0,6,18,22,25,29,32,44,47,57,65,74,76,81,93,1,62,98,99,7,33,73,85,92,14,40,41,61,80,83
[ 50] Received message from  43: 1|0,6,18,22,25,29,32,44,47,57,65,74,76,81,93,1,17,72,87,94,2,26,39,48,53,63,43,75,79,5,50,82,84,86
[  6] Sent Broadcast: 1|0,6,18,22,25,29,32,44,47,57,65,74,76,81,93,1,17,72,87,94
[ 17] Sent Broadcast: 1|0,6,18,22,25,29,32,44,47,57,65,74,76,81,93,1,17,72,87,94,2,26,39,48,53,63
[ 20] Received message from  53: 1|0,6,18,22,25,29,32,44,47,57,65,74,76,81,93,1,17,72,87,94,2,26,39,48,53,63,12,20,34,36,88,91
[ 24] Received message from  28: 1|0,6,18,22,25,29,32,44,47,57,65,74,76,81,93,1,17,72,87,94,2,26,39,48,53,63,5,30,34,43,75,79,10,21,28,50,67,78,84,24,68
[ 50] Received message from   5: 1|0,6,18,22,25,29,32,44,47,57,65,74,76,81,93,1,17,72,87,94,2,26,39,48,53,63,5,30,34,43,75,79,10,21,28,50,67,78,84
[ 58] Received message from  16: 1|0,6,18,22,25,29,32,44,47,57,65,74,76,81,93,1,11,27,72,89,99,3,16,38,66,88,58
[ 29] Sent Broadcast: 1|0,6,18,22,25,29,32,44,47,57,65,74,76,81,93,1,27,72,99
[ 10] Sent Broadcast: 1|0,6,18,22,25,29,32,44,47,57,65,74,76,81,93,1,17,72,87,94,2,26,39,48,53,63,5,30,34,43,75,79,10,21,28,50,67,78,84,24,68
[ 35] Sent Broadcast: 1|0,6,18,22,25,29,32,44,47,57,65,74,76,81,93,1,35,49,98,99,64
[ 64] Received message from  98: 1|0,6,18,22,25,29,32,44,47,57,65,74,76,81,93,1,62,98,99,35,49,64,73
[ 16] Sent Broadcast: 1|0,6,18,22,25,29,32,44,47,57,65,74,76,81,93,1,11,27,72,89,99,3,16,38,66,88,58
[ 20] Received message from  63: 1|0,6,18,22,25,29,32,44,47,57,65,74,76,81,93,1,17,72,87,94,2,26,39,48,53,63,20,30,34,43
[ 73] Received message from  64: 1|0,6,18,22,25,29,32,44,47,57,65,74,76,81,93,1,35,49,98,99,64,73
[ 21] Received message from  30: 1|0,6,18,22,25,29,32,44,47,57,65,74,76,81,93,1,17,72,87,94,2,26,39,48,53,63,5,30,34,43,75,79,10,21,50,59,67,68,70,78
[  9] Received message from  23: 1|0,6,18,22,25,29,32,44,47,57,65,74,76,81,93,1,62,98,99,7,33,73,85,92,41,79,83,4,14,45,80,97,100,23,42,52,54,55,60,95,9,31,37,46,71
[ 26] Received message from  79: 1|0,6,18,22,25,29,32,44,47,57,65,74,76,81,93,1,62,98,99,7,33,73,85,92,41,79,83,26,43,48,75,82,86,94,97
[ 59] Received message from  21: 1|0,6,18,22,25,29,32,44,47,57,65,74,76,81,93,1,17,72,87,94,2,26,39,48,53,63,5,30,34,43,75,79,10,21,28,50,67,78,84,24,59,68,70
[ 11] Received message from  27: 1|0,6,18,22,25,29,32,44,47,57,65,74,76,81,93,1,27,72,99,3,11,89
[ 20] Received message from  87: 1|0,6,18,22,25,29,32,44,47,57,65,74,76,81,93,1,17,72,87,94,2,12,20,38,53,56,66,88
[ 45] Received message from  41: 1|0,6,18,22,25,29,32,44,47,57,65,74,76,81,93,1,62,98,99,7,33,73,85,92,41,79,83,4,14,45,80,97,100
[ 16] Received message from  72: 1|0,6,18,22,25,29,32,44,47,57,65,74,76,81,93,1,17,72,87,94,3,11,16,27,38,66,89
[  2] Received message from  58: 1|6,18,22,25,29,32,44,47,57,65,74,76,81,93,1,17,72,87,94,3,11,16,27,38,66,89,12,58,88,2,36,56
[ 49] Received message from  99: 1|0,6,18,22,25,29,32,44,47,57,65,74,76,81,93,1,99,35,49,98
[ 57] Received message from   1: 1|0,6,18,22,25,29,32,44,47,57,65,74,76,81,93
[ 10] Received message from  50: 1|0,6,18,22,25,29,32,44,47,57,65,74,76,81,93,1,17,72,87,94,2,26,39,48,53,63,43,75,79,5,50,82,84,86,10,21,28,30,67,78
[ 98] Received message from  44: 1|0,6,18,22,25,29,32,44,47,57,65,74,76,81,93,1,35,49,98,99
[ 70] Received message from  20: 1|0,6,18,22,25,29,32,44,47,57,65,74,76,81,93,1,17,72,87,94,2,26,39,48,53,63,12,20,36,38,56,58,66,88,91,34,59,70
[ 34] Received message from  53: 1|0,6,18,22,25,29,32,44,47,57,65,74,76,81,93,1,17,72,87,94,2,26,39,48,53,63,12,20,34,36,88,91
[ 68] Received message from  28: 1|0,6,18,22,25,29,32,44,47,57,65,74,76,81,93,1,17,72,87,94,2,26,39,48,53,63,5,30,34,43,75,79,10,21,28,50,67,78,84,24,68
[ 42] Received message from  75: 1|0,6,18,22,25,29,32,44,47,57,65,74,76,81,93,1,17,72,87,94,2,26,39,48,53,63,43,75,79,42,45,82,84,86,97
[ 38] Received message from   2: 1|0,6,18,22,25,29,32,44,47,57,65,74,76,81,93,1,17,72,87,94,2,26,39,48,53,63,12,20,36,38,56,58,66,88,91
[ 41] Received message from  33: 1|0,6,18,22,25,29,32,44,47,57,65,74,76,81,93,1,62,98,99,7,33,73,85,92,14,40,41,61,80,83
[ 85] Received message from  62: 1|0,6,18,22,25,29,32,44,47,57,65,74,76,81,93,1,62,98,99,7,33,73,85,92
[ 83] Received message from   7: 1|0,6,18,22,25,29,32,44,47,57,65,74,76,81,93,1,62,98,99,7,33,73,85,92,41,79,83
[ 13] Received message from  73: 1|0,6,18,22,25,29,32,44,47,57,65,74,76,81,93,1,62,98,99,7,33,73,85,92,13,15,64
[  3] Received message from  89: 1|0,6,18,22,25,29,32,44,47,57,65,74,76,81,93,1,11,27,72,89,99,3,16,66
[ 99] Received message from  25: 1|0,6,18,22,25,29,32,44,47,57,65,74,76,81,93,1,11,27,72,89,99
[ 43] Received message from  26: 1|0,6,18,22,25,29,32,44,47,57,65,74,76,81,93,1,17,72,87,94,2,26,39,48,53,63,5,30,34,43,75,79
[ 82] Received message from  43: 1|0,6,18,22,25,29,32,44,47,57,65,74,76,81,93,1,17,72,87,94,2,26,39,48,53,63,43,75,79,5,50,82,84,86
[ 99] Received message from  47: 1|0,6,18,22,25,29,32,44,47,57,65,74,76,81,93,1,72,99
[ 30] Received message from  39: 1|0,6,18,22,25,29,32,44,47,57,65,74,76,81,93,1,17,72,87,94,2,26,39,48,53,63,20,21,30,34,59,70,78
[ 79] Received message from  48: 1|0,6,18,22,25,29,32,44,47,57,65,74,76,81,93,1,17,72,87,94,2,26,39,48,53,63,43,75,79
[ 38] Received message from  11: 1|0,6,18,22,25,29,32,44,47,57,65,74,76,81,93,1,11,27,72,89,99,3,16,38,66,88
[ 88] Received message from   3: 1|0,6,18,22,25,29,32,44,47,57,65,74,76,81,93,1,17,72,87,94,3,11,16,27,38,66,89,12,58,88
[ 73] Received message from  98: 1|0,6,18,22,25,29,32,44,47,57,65,74,76,81,93,1,62,98,99,35,49,64,73
[ 42] Received message from   4: 1|0,6,18,22,25,29,32,44,47,57,65,74,76,81,93,1,62,98,99,7,33,73,85,92,41,79,83,4,14,45,80,97,100,23,42,52,54,55,60,95
[ 67] Received message from   5: 1|0,6,18,22,25,29,32,44,47,57,65,74,76,81,93,1,17,72,87,94,2,26,39,48,53,63,5,30,34,43,75,79,10,21,28,50,67,78,84
[ 64] Sent Broadcast: 1|0,6,18,22,25,29,32,44,47,57,65,74,76,81,93,1,35,49,98,99,64,73
[ 98] Sent Broadcast: 1|0,6,18,22,25,29,32,44,47,57,65,74,76,81,93,1,62,98,99,35,49,64,73
[ 77] Received message from   9: 1|0,6,18,22,25,29,32,44,47,57,65,74,76,81,93,1,62,98,99,7,33,73,85,92,41,79,83,4,14,45,80,97,100,23,42,52,54,55,60,95,9,31,37,46,71,77,90
[  3] Received message from  38: 1|0,6,18,22,25,29,32,44,47,57,65,74,76,81,93,1,17,72,87,94,2,26,39,48,53,63,12,20,36,38,56,58,66,88,91,3,11,16
[ 59] Received message from  68: 1|0,6,18,22,25,29,32,44,47,57,65,74,76,81,93,1,17,72,87,94,2,26,39,48,53,63,5,30,34,43,75,79,10,21,28,50,67,78,84,24,68,59,70
[ 38] Received message from  87: 1|0,6,18,22,25,29,32,44,47,57,65,74,76,81,93,1,17,72,87,94,2,12,20,38,53,56,66,88
[ 43] Received message from  94: 1|0,6,18,22,25,29,32,44,47,57,65,74,76,81,93,1,17,72,87,94,26,43,48,63,75,79
[ 20] Sent Broadcast: 1|0,6,18,22,25,29,32,44,47,57,65,74,76,81,93,1,17,72,87,94,2,26,39,48,53,63,12,20,36,38,56,58,66,88,91,34,59,70
[ 28] Sent Broadcast: 1|0,6,18,22,25,29,32,44,47,57,65,74,76,81,93,1,17,72,87,94,2,26,39,48,53,63,5,30,34,43,75,79,10,21,28,50,67,78,84,24,68
[  7] Sent Broadcast: 1|0,6,18,22,25,29,32,44,47,57,65,74,76,81,93,1,62,98,99,7,33,73,85,92,41,79,83
[ 30] Received message from  34: 1|0,6,18,22,25,29,32,44,47,57,65,74,76,81,93,1,17,72,87,94,2,26,39,48,53,63,12,20,36,38,56,58,66,88,91,34,59,70,21,30,78
[ 96] Received message from  13: 1|0,6,18,22,25,29,32,44,47,57,65,74,76,81,93,1,62,98,99,7,33,73,85,92,13,15,64,96
[ 66] Received message from  11: 1|0,6,18,22,25,29,32,44,47,57,65,74,76,81,93,1,11,27,72,89,99,3,16,38,66,88
[ 65] Received message from   1: 1|0,6,18,22,25,29,32,44,47,57,65,74,76,81,93
[ 70] Received message from  68: 1|0,6,18,22,25,29,32,44,47,57,65,74,76,81,93,1,17,72,87,94,2,26,39,48,53,63,5,30,34,43,75,79,10,21,28,50,67,78,84,24,68,59,70
[ 42] Received message from  14: 1|6,18,22,25,29,32,44,47,57,65,74,76,81,93,1,62,98,99,7,33,73,85,92,14,40,41,61,80,83,4,42,45,55,82,86,97,100
[ 43] Received message from  79: 1|0,6,18,22,25,29,32,44,47,57,65,74,76,81,93,1,62,98,99,7,33,73,85,92,41,79,83,26,43,48,75,82,86,94,97
[ 99] Received message from  44: 1|0,6,18,22,25,29,32,44,47,57,65,74,76,81,93,1,35,49,98,99
[ 15] Received message from  73: 1|0,6,18,22,25,29,32,44,47,57,65,74,76,81,93,1,62,98,99,7,33,73,85,92,13,15,64
[ 31] Received message from  23: 1|0,6,18,22,25,29,32,44,47,57,65,74,76,81,93,1,62,98,99,7,33,73,85,92,41,79,83,4,14,45,80,97,100,23,42,52,54,55,60,95,9,31,37,46,71
[ 16] Received message from  89: 1|0,6,18,22,25,29,32,44,47,57,65,74,76,81,93,1,11,27,72,89,99,3,16,66
[ 27] Received message from  72: 1|0,6,18,22,25,29,32,44,47,57,65,74,76,81,93,1,17,72,87,94,3,11,16,27,38,66,89
[  8] Received message from  45: 1|0,6,18,22,25,29,32,44,47,57,65,74,76,81,93,1,62,98,99,7,33,73,85,92,41,79,83,4,14,45,80,97,100,8,42,54,55,75,77,82,84,86
[  4] Received message from  83: 1|0,6,18,22,25,29,32,44,47,57,65,74,76,81,93,1,62,98,99,7,33,73,85,92,41,79,83,4,14,45,61,80,97,100
[ 80] Received message from  41: 1|0,6,18,22,25,29,32,44,47,57,65,74,76,81,93,1,62,98,99,7,33,73,85,92,41,79,83,4,14,45,80,97,100
[ 21] Received message from  70: 1|0,6,18,22,25,29,32,44,47,57,65,74,76,81,93,1,17,72,87,94,2,26,39,48,53,63,12,20,36,38,56,58,66,88,91,34,59,70,21,30,67,68,78
[ 68] Received message from  21: 1|0,6,18,22,25,29,32,44,47,57,65,74,76,81,93,1,17,72,87,94,2,26,39,48,53,63,5,30,34,43,75,79,10,21,28,50,67,78,84,24,59,68,70
[  2] Received message from  88: 1|6,18,22,25,29,32,44,47,57,65,74,76,81,93,1,17,72,87,94,3,11,16,27,38,66,89,12,58,88,2,36,53,56
[ 89] Received message from  27: 1|0,6,18,22,25,29,32,44,47,57,65,74,76,81,93,1,27,72,99,3,11,89
[ 50] Received message from  30: 1|0,6,18,22,25,29,32,44,47,57,65,74,76,81,93,1,17,72,87,94,2,26,39,48,53,63,5,30,34,43,75,79,10,21,50,59,67,68,70,78
[ 53] Received message from  87: 1|0,6,18,22,25,29,32,44,47,57,65,74,76,81,93,1,17,72,87,94,2,12,20,38,53,56,66,88
[ 98] Received message from  99: 1|0,6,18,22,25,29,32,44,47,57,65,74,76,81,93,1,99,35,49,98
[ 36] Received message from  58: 1|6,18,22,25,29,32,44,47,57,65,74,76,81,93,1,17,72,87,94,3,11,16,27,38,66,89,12,58,88,2,36,56
[  8] Received message from  82: 1|0,6,18,22,25,29,32,44,47,57,65,74,76,81,93,1,17,72,87,94,2,26,39,48,53,63,43,75,79,5,50,82,84,86,8,14,42,45,97
[ 24] Received message from  67: 1|0,6,18,22,25,29,32,44,47,57,65,74,76,81,93,1,17,72,87,94,2,26,39,48,53,63,5,30,34,43,75,79,10,21,28,50,67,78,84,24,59,68,70
[ 92] Received message from  62: 1|0,6,18,22,25,29,32,44,47,57,65,74,76,81,93,1,62,98,99,7,33,73,85,92
[ 56] Received message from   2: 1|0,6,18,22,25,29,32,44,47,57,65,74,76,81,93,1,17,72,87,94,2,26,39,48,53,63,12,20,36,38,56,58,66,88,91
[  3] Sent Broadcast: 1|0,6,18,22,25,29,32,44,47,57,65,74,76,81,93,1,17,72,87,94,3,11,16,27,38,66,89,12,58,88
[ 25] Sent Broadcast: 1|0,6,18,22,25,29,32,44,47,57,65,74,76,81,93,1,11,27,72,89,99
[ 48] Sent Broadcast: 1|0,6,18,22,25,29,32,44,47,57,65,74,76,81,93,1,17,72,87,94,2,26,39,48,53,63,43,75,79
[ 35] Received message from  57: 1|0,6,18,22,25,29,32,44,47,57,65,74,76,81,93,1,35,49,62,64,98,99
[ 52] Received message from   4: 1|0,6,18,22,25,29,32,44,47,57,65,74,76,81,93,1,62,98,99,7,33,73,85,92,41,79,83,4,14,45,80,97,100,23,42,52,54,55,60,95
[ 51] Received message from  40: 1|6,18,22,25,29,32,44,47,57,65,74,76,81,93,1,62,98,99,7,33,73,85,92,14,40,41,61,80,83,51,69
[ 61] Received message from  33: 1|0,6,18,22,25,29,32,44,47,57,65,74,76,81,93,1,62,98,99,7,33,73,85,92,14,40,41,61,80,83
[ 36] Received message from  53: 1|0,6,18,22,25,29,32,44,47,57,65,74,76,81,93,1,17,72,87,94,2,26,39,48,53,63,12,20,34,36,88,91
[ 30] Received message from  59: 1|0,6,18,22,25,29,32,44,47,57,65,74,76,81,93,1,17,72,87,94,2,26,39,48,53,63,12,20,36,38,56,58,66,88,91,34,59,70,21,30,67,68,78
[  8] Received message from  77: 1|0,6,18,22,25,29,32,44,47,57,65,74,76,81,93,1,62,98,99,7,33,73,85,92,41,79,83,4,14,45,80,97,100,23,42,52,54,55,60,95,9,31,37,46,71,77,90,8,19
[ 68] Sent Broadcast: 1|0,6,18,22,25,29,32,44,47,57,65,74,76,81,93,1,17,72,87,94,2,26,39,48,53,63,5,30,34,43,75,79,10,21,28,50,67,78,84,24,68,59,70
[  4] Received message from  85: 1|0,6,18,22,25,29,32,44,47,57,65,74,76,81,93,1,62,98,99,7,33,73,85,92,4,14,41,45,79,83,97
[ 13] Sent Broadcast: 1|0,6,18,22,25,29,32,44,47,57,65,74,76,81,93,1,62,98,99,7,33,73,85,92,13,15,64,96
[  2] Received message from  66: 1|0,6,18,22,25,29,32,44,47,57,65,74,76,81,93,1,11,27,72,89,99,3,16,38,66,88,2,12,56,58,87
[ 96] Received message from  15: 1|0,6,18,22,25,29,32,44,47,57,65,74,76,81,93,1,62,98,99,7,33,73,85,92,13,15,64,96
[ 45] Received message from  75: 1|0,6,18,22,25,29,32,44,47,57,65,74,76,81,93,1,17,72,87,94,2,26,39,48,53,63,43,75,79,42,45,82,84,86,97
[ 21] Received message from  50: 1|0,6,18,22,25,29,32,44,47,57,65,74,76,81,93,1,17,72,87,94,2,26,39,48,53,63,43,75,79,5,50,82,84,86,10,21,28,30,67,78
[ 90] Received message from   9: 1|0,6,18,22,25,29,32,44,47,57,65,74,76,81,93,1,62,98,99,7,33,73,85,92,41,79,83,4,14,45,80,97,100,23,42,52,54,55,60,95,9,31,37,46,71,77,90
[ 78] Received message from   5: 1|0,6,18,22,25,29,32,44,47,57,65,74,76,81,93,1,17,72,87,94,2,26,39,48,53,63,5,30,34,43,75,79,10,21,28,50,67,78,84
[ 48] Received message from  94: 1|0,6,18,22,25,29,32,44,47,57,65,74,76,81,93,1,17,72,87,94,26,43,48,63,75,79
[ 30] Received message from  63: 1|0,6,18,22,25,29,32,44,47,57,65,74,76,81,93,1,17,72,87,94,2,26,39,48,53,63,20,30,34,43
[ 58] Received message from   2: 1|0,6,18,22,25,29,32,44,47,57,65,74,76,81,93,1,17,72,87,94,2,26,39,48,53,63,12,20,36,38,56,58,66,88,91
[ 34] Received message from  39: 1|0,6,18,22,25,29,32,44,47,57,65,74,76,81,93,1,17,72,87,94,2,26,39,48,53,63,20,21,30,34,59,70,78
[ 64] Received message from  73: 1|0,6,18,22,25,29,32,44,47,57,65,74,76,81,93,1,62,98,99,7,33,73,85,92,13,15,64
[ 74] Received message from   1: 1|0,6,18,22,25,29,32,44,47,57,65,74,76,81,93
[ 11] Received message from  38: 1|0,6,18,22,25,29,32,44,47,57,65,74,76,81,93,1,17,72,87,94,2,26,39,48,53,63,12,20,36,38,56,58,66,88,91,3,11,16
[ 84] Received message from  43: 1|0,6,18,22,25,29,32,44,47,57,65,74,76,81,93,1,17,72,87,94,2,26,39,48,53,63,43,75,79,5,50,82,84,86
[ 42] Received message from  45: 1|0,6,18,22,25,29,32,44,47,57,65,74,76,81,93,1,62,98,99,7,33,73,85,92,41,79,83,4,14,45,80,97,100,8,42,54,55,75,77,82,84,86
[ 97] Received message from  41: 1|0,6,18,22,25,29,32,44,47,57,65,74,76,81,93,1,62,98,99,7,33,73,85,92,41,79,83,4,14,45,80,97,100
[ 27] Sent Broadcast: 1|0,6,18,22,25,29,32,44,47,57,65,74,76,81,93,1,27,72,99,3,11,89
[ 99] Sent Broadcast: 1|0,6,18,22,25,29,32,44,47,57,65,74,76,81,93,1,99,35,49,98
[  4] Received message from  42: 1|0,6,18,22,25,29,32,44,47,57,65,74,76,81,93,1,17,72,87,94,2,26,39,48,53,63,43,75,79,42,45,82,84,86,97,4,8,14,19,46,54,55,77
[ 75] Received message from  26: 1|0,6,18,22,25,29,32,44,47,57,65,74,76,81,93,1,17,72,87,94,2,26,39,48,53,63,5,30,34,43,75,79
[  9] Sent Broadcast: 1|0,6,18,22,25,29,32,44,47,57,65,74,76,81,93,1,62,98,99,7,33,73,85,92,41,79,83,4,14,45,80,97,100,23,42,52,54,55,60,95,9,31,37,46,71,77,90
[ 37] Received message from  23: 1|0,6,18,22,25,29,32,44,47,57,65,74,76,81,93,1,62,98,99,7,33,73,85,92,41,79,83,4,14,45,80,97,100,23,42,52,54,55,60,95,9,31,37,46,71
[ 14] Received message from  83: 1|0,6,18,22,25,29,32,44,47,57,65,74,76,81,93,1,62,98,99,7,33,73,85,92,41,79,83,4,14,45,61,80,97,100
[ 49] Received message from  57: 1|0,6,18,22,25,29,32,44,47,57,65,74,76,81,93,1,35,49,62,64,98,99
[  3] Received message from  65: 1|0,6,18,22,25,29,32,44,47,57,65,74,76,81,93,1,3,11,12,27,38,66,72,87,88,89
[ 19] Received message from   8: 1|0,6,18,22,25,29,32,44,47,57,65,74,76,81,93,1,62,98,99,7,33,73,85,92,41,79,83,4,14,45,80,97,100,8,42,54,55,75,77,82,84,86,19,46,90
[ 23] Received message from  80: 1|0,6,18,22,25,29,32,44,47,57,65,74,76,81,93,1,62,98,99,7,33,73,85,92,41,79,83,4,14,45,80,97,100,23,52,60,61,69,71
[ 40] Received message from  92: 1|0,6,18,22,25,29,32,44,47,57,65,74,76,81,93,1,62,98,99,7,33,73,85,92,40,41,51,61,83
[ 47] Sent Broadcast: 1|0,6,18,22,25,29,32,44,47,57,65,74,76,81,93,1,72,99
[ 62] Sent Broadcast: 1|0,6,18,22,25,29,32,44,47,57,65,74,76,81,93,1,62,98,99,7,33,73,85,92
[ 88] Received message from  11: 1|0,6,18,22,25,29,32,44,47,57,65,74,76,81,93,1,11,27,72,89,99,3,16,38,66,88
[ 45] Received message from  14: 1|6,18,22,25,29,32,44,47,57,65,74,76,81,93,1,62,98,99,7,33,73,85,92,14,40,41,61,80,83,4,42,45,55,82,86,97,100
[  8] Received message from  84: 1|0,6,18,22,25,29,32,44,47,57,65,74,76,81,93,1,17,72,87,94,2,26,39,48,53,63,43,75,79,5,50,82,84,86,8,19,42,45,97
[ 77] Received message from  37: 1|0,6,18,22,25,29,32,44,47,57,65,74,76,81,93,1,62,98,99,7,33,73,85,92,41,79,83,4,14,45,80,97,100,23,42,52,54,55,60,95,9,31,37,46,71,77,90
[ 51] Received message from  61: 1|6,18,22,25,29,32,44,47,57,65,74,76,81,93,1,62,98,99,7,33,73,85,92,14,40,41,61,80,83,51,60,69
[ 30] Received message from  70: 1|0,6,18,22,25,29,32,44,47,57,65,74,76,81,93,1,17,72,87,94,2,26,39,48,53,63,12,20,36,38,56,58,66,88,91,34,59,70,21,30,67,68,78
[ 66] Received message from  89: 1|0,6,18,22,25,29,32,44,47,57,65,74,76,81,93,1,11,27,72,89,99,3,16,66
[ 14] Received message from  82: 1|0,6,18,22,25,29,32,44,47,57,65,74,76,81,93,1,17,72,87,94,2,26,39,48,53,63,43,75,79,5,50,82,84,86,8,14,42,45,97
[ 38] Received message from  72: 1|0,6,18,22,25,29,32,44,47,57,65,74,76,81,93,1,17,72,87,94,3,11,16,27,38,66,89
[ 89] Sent Broadcast: 1|0,6,18,22,25,29,32,44,47,57,65,74,76,81,93,1,11,27,72,89,99,3,16,66
[ 15] Sent Broadcast: 1|0,6,18,22,25,29,32,44,47,57,65,74,76,81,93,1,62,98,99,7,33,73,85,92,13,15,64,96
[ 59] Received message from  30: 1|0,6,18,22,25,29,32,44,47,57,65,74,76,81,93,1,17,72,87,94,2,26,39,48,53,63,5,30,34,43,75,79,10,21,50,59,67,68,70,78
[ 78] Received message from  34: 1|0,6,18,22,25,29,32,44,47,57,65,74,76,81,93,1,17,72,87,94,2,26,39,48,53,63,12,20,36,38,56,58,66,88,91,34,59,70,21,30,78
[  9] Received message from  52: 1|0,6,18,22,25,29,32,44,47,57,65,74,76,81,93,1,62,98,99,7,33,73,85,92,41,79,83,4,14,45,80,97,100,23,42,52,54,55,60,95,9,31,37,46,77,90
[ 36] Received message from  88: 1|6,18,22,25,29,32,44,47,57,65,74,76,81,93,1,17,72,87,94,3,11,16,27,38,66,89,12,58,88,2,36,53,56
[  3] Received message from  74: 1|0,6,18,22,25,29,32,44,47,57,65,74,76,81,93,1,3,11,27,66,72,89
[ 70] Received message from  21: 1|0,6,18,22,25,29,32,44,47,57,65,74,76,81,93,1,17,72,87,94,2,26,39,48,53,63,5,30,34,43,75,79,10,21,28,50,67,78,84,24,59,68,70
[ 54] Received message from   4: 1|0,6,18,22,25,29,32,44,47,57,65,74,76,81,93,1,62,98,99,7,33,73,85,92,41,79,83,4,14,45,80,97,100,23,42,52,54,55,60,95
[ 12] Received message from  66: 1|0,6,18,22,25,29,32,44,47,57,65,74,76,81,93,1,11,27,72,89,99,3,16,38,66,88,2,12,56,58,87
[ 41] Received message from  92: 1|0,6,18,22,25,29,32,44,47,57,65,74,76,81,93,1,62,98,99,7,33,73,85,92,40,41,51,61,83
[ 56] Received message from  87: 1|0,6,18,22,25,29,32,44,47,57,65,74,76,81,93,1,17,72,87,94,2,12,20,38,53,56,66,88
[  8] Received message from  90: 1|0,6,18,22,25,29,32,44,47,57,65,74,76,81,93,1,62,98,99,7,33,73,85,92,41,79,83,4,14,45,80,97,100,23,42,52,54,55,60,95,9,31,37,46,71,77,90,8,19
[ 79] Received message from  26: 1|0,6,18,22,25,29,32,44,47,57,65,74,76,81,93,1,17,72,87,94,2,26,39,48,53,63,5,30,34,43,75,79
[ 66] Received message from   2: 1|0,6,18,22,25,29,32,44,47,57,65,74,76,81,93,1,17,72,87,94,2,26,39,48,53,63,12,20,36,38,56,58,66,88,91
[  8] Received message from  97: 1|0,6,18,22,25,29,32,44,47,57,65,74,76,81,93,1,62,98,99,7,33,73,85,92,41,79,83,4,14,45,80,97,100,8,42,55,75,82,84,86
[ 73] Sent Broadcast: 1|0,6,18,22,25,29,32,44,47,57,65,74,76,81,93,1,62,98,99,7,33,73,85,92,13,15,64
[ 80] Received message from  33: 1|0,6,18,22,25,29,32,44,47,57,65,74,76,81,93,1,62,98,99,7,33,73,85,92,14,40,41,61,80,83
[ 59] Received message from  78: 1|0,6,18,22,25,29,32,44,47,57,65,74,76,81,93,1,17,72,87,94,2,26,39,48,53,63,5,30,34,43,75,79,10,21,28,50,67,78,84,59,68,70
[ 54] Received message from  45: 1|0,6,18,22,25,29,32,44,47,57,65,74,76,81,93,1,62,98,99,7,33,73,85,92,41,79,83,4,14,45,80,97,100,8,42,54,55,75,77,82,84,86
[ 69] Received message from  40: 1|6,18,22,25,29,32,44,47,57,65,74,76,81,93,1,62,98,99,7,33,73,85,92,14,40,41,61,80,83,51,69
[ 67] Received message from  59: 1|0,6,18,22,25,29,32,44,47,57,65,74,76,81,93,1,17,72,87,94,2,26,39,48,53,63,12,20,36,38,56,58,66,88,91,34,59,70,21,30,67,68,78
[ 48] Received message from  79: 1|0,6,18,22,25,29,32,44,47,57,65,74,76,81,93,1,62,98,99,7,33,73,85,92,41,79,83,26,43,48,75,82,86,94,97
[ 62] Received message from  57: 1|0,6,18,22,25,29,32,44,47,57,65,74,76,81,93,1,35,49,62,64,98,99
[ 11] Sent Broadcast: 1|0,6,18,22,25,29,32,44,47,57,65,74,76,81,93,1,11,27,72,89,99,3,16,38,66,88
[ 44] Sent Broadcast: 1|0,6,18,22,25,29,32,44,47,57,65,74,76,81,93,1,35,49,98,99
[ 82] Received message from  75: 1|0,6,18,22,25,29,32,44,47,57,65,74,76,81,93,1,17,72,87,94,2,26,39,48,53,63,43,75,79,42,45,82,84,86,97
[ 84] Received message from   5: 1|0,6,18,22,25,29,32,44,47,57,65,74,76,81,93,1,17,72,87,94,2,26,39,48,53,63,5,30,34,43,75,79,10,21,28,50,67,78,84
[ 19] Received message from  77: 1|0,6,18,22,25,29,32,44,47,57,65,74,76,81,93,1,62,98,99,7,33,73,85,92,41,79,83,4,14,45,80,97,100,23,42,52,54,55,60,95,9,31,37,46,71,77,90,8,19
[ 56] Received message from  58: 1|6,18,22,25,29,32,44,47,57,65,74,76,81,93,1,17,72,87,94,3,11,16,27,38,66,89,12,58,88,2,36,56
[  8] Received message from  54: 1|0,6,18,22,25,29,32,44,47,57,65,74,76,81,93,1,62,98,99,7,33,73,85,92,41,79,83,4,14,45,80,97,100,23,42,52,54,55,60,95,8,9,37,46,77,90
[ 63] Received message from  94: 1|0,6,18,22,25,29,32,44,47,57,65,74,76,81,93,1,17,72,87,94,26,43,48,63,75,79
[ 76] Received message from   1: 1|0,6,18,22,25,29,32,44,47,57,65,74,76,81,93
[ 28] Received message from  50: 1|0,6,18,22,25,29,32,44,47,57,65,74,76,81,93,1,17,72,87,94,2,26,39,48,53,63,43,75,79,5,50,82,84,86,10,21,28,30,67,78
[100] Received message from  41: 1|0,6,18,22,25,29,32,44,47,57,65,74,76,81,93,1,62,98,99,7,33,73,85,92,41,79,83,4,14,45,80,97,100
[ 46] Received message from  23: 1|0,6,18,22,25,29,32,44,47,57,65,74,76,81,93,1,62,98,99,7,33,73,85,92,41,79,83,4,14,45,80,97,100,23,42,52,54,55,60,95,9,31,37,46,71
[ 16] Received message from  38: 1|0,6,18,22,25,29,32,44,47,57,65,74,76,81,93,1,17,72,87,94,2,26,39,48,53,63,12,20,36,38,56,58,66,88,91,3,11,16
[ 59] Received message from  67: 1|0,6,18,22,25,29,32,44,47,57,65,74,76,81,93,1,17,72,87,94,2,26,39,48,53,63,5,30,34,43,75,79,10,21,28,50,67,78,84,24,59,68,70
[ 14] Received message from  85: 1|0,6,18,22,25,29,32,44,47,57,65,74,76,81,93,1,62,98,99,7,33,73,85,92,4,14,41,45,79,83,97
[ 86] Received message from  43: 1|0,6,18,22,25,29,32,44,47,57,65,74,76,81,93,1,17,72,87,94,2,26,39,48,53,63,43,75,79,5,50,82,84,86
[ 27] Received message from  76: 1|0,6,18,22,25,29,32,44,47,57,65,74,76,81,93,1,27,72,99
[ 59] Received message from  39: 1|0,6,18,22,25,29,32,44,47,57,65,74,76,81,93,1,17,72,87,94,2,26,39,48,53,63,20,21,30,34,59,70,78
[ 11] Received message from  74: 1|0,6,18,22,25,29,32,44,47,57,65,74,76,81,93,1,3,11,27,66,72,89
[ 84] Received message from  75: 1|0,6,18,22,25,29,32,44,47,57,65,74,76,81,93,1,17,72,87,94,2,26,39,48,53,63,43,75,79,42,45,82,84,86,97
[ 34] Received message from  63: 1|0,6,18,22,25,29,32,44,47,57,65,74,76,81,93,1,17,72,87,94,2,26,39,48,53,63,20,30,34,43
[ 52] Received message from  80: 1|0,6,18,22,25,29,32,44,47,57,65,74,76,81,93,1,62,98,99,7,33,73,85,92,41,79,83,4,14,45,80,97,100,23,52,60,61,69,71
[ 34] Sent Broadcast: 1|0,6,18,22,25,29,32,44,47,57,65,74,76,81,93,1,17,72,87,94,2,26,39,48,53,63,12,20,36,38,56,58,66,88,91,34,59,70,21,30,78
[ 21] Sent Broadcast: 1|0,6,18,22,25,29,32,44,47,57,65,74,76,81,93,1,17,72,87,94,2,26,39,48,53,63,5,30,34,43,75,79,10,21,28,50,67,78,84,24,59,68,70
[ 26] Sent Broadcast: 1|0,6,18,22,25,29,32,44,47,57,65,74,76,81,93,1,17,72,87,94,2,26,39,48,53,63,5,30,34,43,75,79
[ 40] Sent Broadcast: 1|6,18,22,25,29,32,44,47,57,65,74,76,81,93,1,62,98,99,7,33,73,85,92,14,40,41,61,80,83,51,69
[ 58] Sent Broadcast: 1|6,18,22,25,29,32,44,47,57,65,74,76,81,93,1,17,72,87,94,3,11,16,27,38,66,89,12,58,88,2,36,56
[ 45] Received message from  83: 1|0,6,18,22,25,29,32,44,47,57,65,74,76,81,93,1,62,98,99,7,33,73,85,92,41,79,83,4,14,45,61,80,97,100
[ 90] Received message from  37: 1|0,6,18,22,25,29,32,44,47,57,65,74,76,81,93,1,62,98,99,7,33,73,85,92,41,79,83,4,14,45,80,97,100,23,42,52,54,55,60,95,9,31,37,46,71,77,90
[ 11] Received message from  65: 1|0,6,18,22,25,29,32,44,47,57,65,74,76,81,93,1,3,11,12,27,38,66,72,87,88,89
[ 66] Received message from  72: 1|0,6,18,22,25,29,32,44,47,57,65,74,76,81,93,1,17,72,87,94,3,11,16,27,38,66,89
[ 88] Received message from  53: 1|0,6,18,22,25,29,32,44,47,57,65,74,76,81,93,1,17,72,87,94,2,26,39,48,53,63,12,20,34,36,88,91
[ 67] Received message from  30: 1|0,6,18,22,25,29,32,44,47,57,65,74,76,81,93,1,17,72,87,94,2,26,39,48,53,63,5,30,34,43,75,79,10,21,50,59,67,68,70,78
[ 83] Received message from  33: 1|0,6,18,22,25,29,32,44,47,57,65,74,76,81,93,1,62,98,99,7,33,73,85,92,14,40,41,61,80,83
[ 42] Received message from  82: 1|0,6,18,22,25,29,32,44,47,57,65,74,76,81,93,1,17,72,87,94,2,26,39,48,53,63,43,75,79,5,50,82,84,86,8,14,42,45,97
[ 23] Received message from 100: 1|0,6,18,22,25,29,32,44,47,57,65,74,76,81,93,1,62,98,99,7,33,73,85,92,41,79,83,4,14,45,80,97,100,23,52,54,60,69,71,95
[  8] Received message from  42: 1|0,6,18,22,25,29,32,44,47,57,65,74,76,81,93,1,17,72,87,94,2,26,39,48,53,63,43,75,79,42,45,82,84,86,97,4,8,14,19,46,54,55,77
[ 46] Received message from   8: 1|0,6,18,22,25,29,32,44,47,57,65,74,76,81,93,1,62,98,99,7,33,73,85,92,41,79,83,4,14,45,80,97,100,8,42,54,55,75,77,82,84,86,19,46,90
[ 60] Received message from  61: 1|6,18,22,25,29,32,44,47,57,65,74,76,81,93,1,62,98,99,7,33,73,85,92,14,40,41,61,80,83,51,60,69
[  8] Received message from  46: 1|0,6,18,22,25,29,32,44,47,57,65,74,76,81,93,1,62,98,99,7,33,73,85,92,41,79,83,4,14,45,80,97,100,23,42,52,54,55,60,95,9,31,37,46,71,8,77,90
[ 60] Received message from  69: 1|6,18,22,25,29,32,44,47,57,65,74,76,81,93,1,62,98,99,7,33,73,85,92,14,40,41,61,80,83,51,69,60,71,100
[  8] Received message from  86: 1|0,6,18,22,25,29,32,44,47,57,65,74,76,81,93,1,17,72,87,94,2,26,39,48,53,63,43,75,79,5,50,82,84,86,8,14,42,45,97
[ 19] Received message from  90: 1|0,6,18,22,25,29,32,44,47,57,65,74,76,81,93,1,62,98,99,7,33,73,85,92,41,79,83,4,14,45,80,97,100,23,42,52,54,55,60,95,9,31,37,46,71,77,90,8,19
[  5] Sent Broadcast: 1|0,6,18,22,25,29,32,44,47,57,65,74,76,81,93,1,17,72,87,94,2,26,39,48,53,63,5,30,34,43,75,79,10,21,28,50,67,78,84
[ 77] Sent Broadcast: 1|0,6,18,22,25,29,32,44,47,57,65,74,76,81,93,1,62,98,99,7,33,73,85,92,41,79,83,4,14,45,80,97,100,23,42,52,54,55,60,95,9,31,37,46,71,77,90,8,19
[ 64] Received message from  57: 1|0,6,18,22,25,29,32,44,47,57,65,74,76,81,93,1,35,49,62,64,98,99
[ 41] Received message from  85: 1|0,6,18,22,25,29,32,44,47,57,65,74,76,81,93,1,62,98,99,7,33,73,85,92,4,14,41,45,79,83,97
[ 41] Sent Broadcast: 1|0,6,18,22,25,29,32,44,47,57,65,74,76,81,93,1,62,98,99,7,33,73,85,92,41,79,83,4,14,45,80,97,100
[ 31] Received message from  52: 1|0,6,18,22,25,29,32,44,47,57,65,74,76,81,93,1,62,98,99,7,33,73,85,92,41,79,83,4,14,45,80,97,100,23,42,52,54,55,60,95,9,31,37,46,77,90
[ 51] Received message from  92: 1|0,6,18,22,25,29,32,44,47,57,65,74,76,81,93,1,62,98,99,7,33,73,85,92,40,41,51,61,83
[ 38] Sent Broadcast: 1|0,6,18,22,25,29,32,44,47,57,65,74,76,81,93,1,17,72,87,94,2,26,39,48,53,63,12,20,36,38,56,58,66,88,91,3,11,16
[ 42] Received message from  97: 1|0,6,18,22,25,29,32,44,47,57,65,74,76,81,93,1,62,98,99,7,33,73,85,92,41,79,83,4,14,45,80,97,100,8,42,55,75,82,84,86
[ 55] Received message from  14: 1|6,18,22,25,29,32,44,47,57,65,74,76,81,93,1,62,98,99,7,33,73,85,92,14,40,41,61,80,83,4,42,45,55,82,86,97,100
[  9] Received message from  54: 1|0,6,18,22,25,29,32,44,47,57,65,74,76,81,93,1,62,98,99,7,33,73,85,92,41,79,83,4,14,45,80,97,100,23,42,52,54,55,60,95,8,9,37,46,77,90
[  4] Received message from  60: 1|6,18,22,25,29,32,44,47,57,65,74,76,81,93,1,62,98,99,7,33,73,85,92,14,40,41,61,80,83,51,60,69,4,23,71,100
[ 68] Received message from  78: 1|0,6,18,22,25,29,32,44,47,57,65,74,76,81,93,1,17,72,87,94,2,26,39,48,53,63,5,30,34,43,75,79,10,21,28,50,67,78,84,59,68,70
[ 75] Received message from  79: 1|0,6,18,22,25,29,32,44,47,57,65,74,76,81,93,1,62,98,99,7,33,73,85,92,41,79,83,26,43,48,75,82,86,94,97
[ 88] Received message from   2: 1|0,6,18,22,25,29,32,44,47,57,65,74,76,81,93,1,17,72,87,94,2,26,39,48,53,63,12,20,36,38,56,58,66,88,91
[ 66] Received message from  87: 1|0,6,18,22,25,29,32,44,47,57,65,74,76,81,93,1,17,72,87,94,2,12,20,38,53,56,66,88
[ 43] Sent Broadcast: 1|0,6,18,22,25,29,32,44,47,57,65,74,76,81,93,1,17,72,87,94,2,26,39,48,53,63,43,75,79,5,50,82,84,86
[ 33] Sent Broadcast: 1|0,6,18,22,25,29,32,44,47,57,65,74,76,81,93,1,62,98,99,7,33,73,85,92,14,40,41,61,80,83
[ 37] Sent Broadcast: 1|0,6,18,22,25,29,32,44,47,57,65,74,76,81,93,1,62,98,99,7,33,73,85,92,41,79,83,4,14,45,80,97,100,23,42,52,54,55,60,95,9,31,37,46,71,77,90
[ 56] Received message from  66: 1|0,6,18,22,25,29,32,44,47,57,65,74,76,81,93,1,11,27,72,89,99,3,16,38,66,88,2,12,56,58,87
[ 19] Received message from  84: 1|0,6,18,22,25,29,32,44,47,57,65,74,76,81,93,1,17,72,87,94,2,26,39,48,53,63,43,75,79,5,50,82,84,86,8,19,42,45,97
[ 81] Received message from   1: 1|0,6,18,22,25,29,32,44,47,57,65,74,76,81,93
[ 68] Received message from  59: 1|0,6,18,22,25,29,32,44,47,57,65,74,76,81,93,1,17,72,87,94,2,26,39,48,53,63,12,20,36,38,56,58,66,88,91,34,59,70,21,30,67,68,78
[ 75] Received message from  94: 1|0,6,18,22,25,29,32,44,47,57,65,74,76,81,93,1,17,72,87,94,26,43,48,63,75,79
[ 71] Received message from  23: 1|0,6,18,22,25,29,32,44,47,57,65,74,76,81,93,1,62,98,99,7,33,73,85,92,41,79,83,4,14,45,80,97,100,23,42,52,54,55,60,95,9,31,37,46,71
[ 71] Received message from  69: 1|6,18,22,25,29,32,44,47,57,65,74,76,81,93,1,62,98,99,7,33,73,85,92,14,40,41,61,80,83,51,69,60,71,100
[ 67] Received message from  70: 1|0,6,18,22,25,29,32,44,47,57,65,74,76,81,93,1,17,72,87,94,2,26,39,48,53,63,12,20,36,38,56,58,66,88,91,34,59,70,21,30,67,68,78
[ 53] Received message from  88: 1|6,18,22,25,29,32,44,47,57,65,74,76,81,93,1,17,72,87,94,3,11,16,27,38,66,89,12,58,88,2,36,53,56
[ 61] Received message from  83: 1|0,6,18,22,25,29,32,44,47,57,65,74,76,81,93,1,62,98,99,7,33,73,85,92,41,79,83,4,14,45,61,80,97,100
[ 55] Received message from   4: 1|0,6,18,22,25,29,32,44,47,57,65,74,76,81,93,1,62,98,99,7,33,73,85,92,41,79,83,4,14,45,80,97,100,23,42,52,54,55,60,95
[ 72] Received message from  76: 1|0,6,18,22,25,29,32,44,47,57,65,74,76,81,93,1,27,72,99
[ 68] Received message from  67: 1|0,6,18,22,25,29,32,44,47,57,65,74,76,81,93,1,17,72,87,94,2,26,39,48,53,63,5,30,34,43,75,79,10,21,28,50,67,78,84,24,59,68,70
[ 30] Received message from  50: 1|0,6,18,22,25,29,32,44,47,57,65,74,76,81,93,1,17,72,87,94,2,26,39,48,53,63,43,75,79,5,50,82,84,86,10,21,28,30,67,78
[ 77] Received message from  46: 1|0,6,18,22,25,29,32,44,47,57,65,74,76,81,93,1,62,98,99,7,33,73,85,92,41,79,83,4,14,45,80,97,100,23,42,52,54,55,60,95,9,31,37,46,71,8,77,90
[ 91] Received message from  53: 1|0,6,18,22,25,29,32,44,47,57,65,74,76,81,93,1,17,72,87,94,2,26,39,48,53,63,12,20,34,36,88,91
[ 98] Received message from  57: 1|0,6,18,22,25,29,32,44,47,57,65,74,76,81,93,1,35,49,62,64,98,99
[ 58] Received message from  66: 1|0,6,18,22,25,29,32,44,47,57,65,74,76,81,93,1,11,27,72,89,99,3,16,38,66,88,2,12,56,58,87
[ 37] Received message from  52: 1|0,6,18,22,25,29,32,44,47,57,65,74,76,81,93,1,62,98,99,7,33,73,85,92,41,79,83,4,14,45,80,97,100,23,42,52,54,55,60,95,9,31,37,46,77,90
[ 88] Received message from  87: 1|0,6,18,22,25,29,32,44,47,57,65,74,76,81,93,1,17,72,87,94,2,12,20,38,53,56,66,88
[ 43] Received message from  63: 1|0,6,18,22,25,29,32,44,47,57,65,74,76,81,93,1,17,72,87,94,2,26,39,48,53,63,20,30,34,43
[  7] Received message from  81: 1|0,6,18,22,25,29,32,44,47,57,65,74,76,81,93,1,7,62,98,99
[ 89] Received message from  72: 1|0,6,18,22,25,29,32,44,47,57,65,74,76,81,93,1,17,72,87,94,3,11,16,27,38,66,89
[ 12] Received message from  65: 1|0,6,18,22,25,29,32,44,47,57,65,74,76,81,93,1,3,11,12,27,38,66,72,87,88,89
[ 86] Received message from  75: 1|0,6,18,22,25,29,32,44,47,57,65,74,76,81,93,1,17,72,87,94,2,26,39,48,53,63,43,75,79,42,45,82,84,86,97
[ 91] Received message from   2: 1|0,6,18,22,25,29,32,44,47,57,65,74,76,81,93,1,17,72,87,94,2,26,39,48,53,63,12,20,36,38,56,58,66,88,91
[ 60] Received message from  80: 1|0,6,18,22,25,29,32,44,47,57,65,74,76,81,93,1,62,98,99,7,33,73,85,92,41,79,83,4,14,45,80,97,100,23,52,60,61,69,71
[ 55] Received message from  45: 1|0,6,18,22,25,29,32,44,47,57,65,74,76,81,93,1,62,98,99,7,33,73,85,92,41,79,83,4,14,45,80,97,100,8,42,54,55,75,77,82,84,86
[ 90] Received message from   8: 1|0,6,18,22,25,29,32,44,47,57,65,74,76,81,93,1,62,98,99,7,33,73,85,92,41,79,83,4,14,45,80,97,100,8,42,54,55,75,77,82,84,86,19,46,90
[ 27] Received message from  74: 1|0,6,18,22,25,29,32,44,47,57,65,74,76,81,93,1,3,11,27,66,72,89
[ 69] Received message from  61: 1|6,18,22,25,29,32,44,47,57,65,74,76,81,93,1,62,98,99,7,33,73,85,92,14,40,41,61,80,83,51,60,69
[ 14] Received message from  42: 1|0,6,18,22,25,29,32,44,47,57,65,74,76,81,93,1,17,72,87,94,2,26,39,48,53,63,43,75,79,42,45,82,84,86,97,4,8,14,19,46,54,55,77
[ 45] Received message from  82: 1|0,6,18,22,25,29,32,44,47,57,65,74,76,81,93,1,17,72,87,94,2,26,39,48,53,63,43,75,79,5,50,82,84,86,8,14,42,45,97
[ 52] Received message from 100: 1|0,6,18,22,25,29,32,44,47,57,65,74,76,81,93,1,62,98,99,7,33,73,85,92,41,79,83,4,14,45,80,97,100,23,52,54,60,69,71,95
[ 70] Received message from  39: 1|0,6,18,22,25,29,32,44,47,57,65,74,76,81,93,1,17,72,87,94,2,26,39,48,53,63,20,21,30,34,59,70,78
[ 14] Received message from  86: 1|0,6,18,22,25,29,32,44,47,57,65,74,76,81,93,1,17,72,87,94,2,26,39,48,53,63,43,75,79,5,50,82,84,86,8,14,42,45,97
[ 56] Received message from  91: 1|0,6,18,22,25,29,32,44,47,57,65,74,76,81,93,1,17,72,87,94,2,26,39,48,53,63,12,20,34,36,88,91,56
[ 61] Received message from  92: 1|0,6,18,22,25,29,32,44,47,57,65,74,76,81,93,1,62,98,99,7,33,73,85,92,40,41,51,61,83
[ 69] Received message from  71: 1|0,6,18,22,25,29,32,44,47,57,65,74,76,81,93,1,62,98,99,7,33,73,85,92,41,79,83,4,14,45,80,97,100,23,42,52,54,55,60,95,9,31,37,46,71,69
[ 63] Sent Broadcast: 1|0,6,18,22,25,29,32,44,47,57,65,74,76,81,93,1,17,72,87,94,2,26,39,48,53,63,20,30,34,43
[ 67] Received message from  50: 1|0,6,18,22,25,29,32,44,47,57,65,74,76,81,93,1,17,72,87,94,2,26,39,48,53,63,43,75,79,5,50,82,84,86,10,21,28,30,67,78
[ 68] Received message from  30: 1|0,6,18,22,25,29,32,44,47,57,65,74,76,81,93,1,17,72,87,94,2,26,39,48,53,63,5,30,34,43,75,79,10,21,50,59,67,68,70,78
[ 90] Sent Broadcast: 1|0,6,18,22,25,29,32,44,47,57,65,74,76,81,93,1,62,98,99,7,33,73,85,92,41,79,83,4,14,45,80,97,100,23,42,52,54,55,60,95,9,31,37,46,71,77,90,8,19
[ 23] Sent Broadcast: 1|0,6,18,22,25,29,32,44,47,57,65,74,76,81,93,1,62,98,99,7,33,73,85,92,41,79,83,4,14,45,80,97,100,23,42,52,54,55,60,95,9,31,37,46,71
[ 87] Sent Broadcast: 1|0,6,18,22,25,29,32,44,47,57,65,74,76,81,93,1,17,72,87,94,2,12,20,38,53,56,66,88
[ 72] Sent Broadcast: 1|0,6,18,22,25,29,32,44,47,57,65,74,76,81,93,1,17,72,87,94,3,11,16,27,38,66,89
[  8] Received message from  55: 1|6,18,22,25,29,32,44,47,57,65,74,76,81,93,1,62,98,99,7,33,73,85,92,14,40,41,61,80,83,4,42,45,55,82,86,97,100,8,9,37,46,52,54,77,90,95
[ 53] Sent Broadcast: 1|0,6,18,22,25,29,32,44,47,57,65,74,76,81,93,1,17,72,87,94,2,26,39,48,53,63,12,20,34,36,88,91
[  8] Sent Broadcast: 1|0,6,18,22,25,29,32,44,47,57,65,74,76,81,93,1,62,98,99,7,33,73,85,92,41,79,83,4,14,45,80,97,100,8,42,54,55,75,77,82,84,86,19,46,90
[ 61] Sent Broadcast: 1|6,18,22,25,29,32,44,47,57,65,74,76,81,93,1,62,98,99,7,33,73,85,92,14,40,41,61,80,83,51,60,69
[ 37] Received message from  54: 1|0,6,18,22,25,29,32,44,47,57,65,74,76,81,93,1,62,98,99,7,33,73,85,92,41,79,83,4,14,45,80,97,100,23,42,52,54,55,60,95,8,9,37,46,77,90
[ 91] Sent Broadcast: 1|0,6,18,22,25,29,32,44,47,57,65,74,76,81,93,1,17,72,87,94,2,26,39,48,53,63,12,20,34,36,88,91,56
[ 70] Received message from  78: 1|0,6,18,22,25,29,32,44,47,57,65,74,76,81,93,1,17,72,87,94,2,26,39,48,53,63,5,30,34,43,75,79,10,21,28,50,67,78,84,59,68,70
[ 55] Received message from  97: 1|0,6,18,22,25,29,32,44,47,57,65,74,76,81,93,1,62,98,99,7,33,73,85,92,41,79,83,4,14,45,80,97,100,8,42,55,75,82,84,86
[ 45] Received message from  85: 1|0,6,18,22,25,29,32,44,47,57,65,74,76,81,93,1,62,98,99,7,33,73,85,92,4,14,41,45,79,83,97
[ 82] Received message from  14: 1|6,18,22,25,29,32,44,47,57,65,74,76,81,93,1,62,98,99,7,33,73,85,92,14,40,41,61,80,83,4,42,45,55,82,86,97,100
[ 23] Received message from  60: 1|6,18,22,25,29,32,44,47,57,65,74,76,81,93,1,62,98,99,7,33,73,85,92,14,40,41,61,80,83,51,60,69,4,23,71,100
[ 56] Received message from  88: 1|6,18,22,25,29,32,44,47,57,65,74,76,81,93,1,17,72,87,94,3,11,16,27,38,66,89,12,58,88,2,36,53,56
[ 87] Received message from  66: 1|0,6,18,22,25,29,32,44,47,57,65,74,76,81,93,1,11,27,72,89,99,3,16,38,66,88,2,12,56,58,87
[ 97] Received message from  75: 1|0,6,18,22,25,29,32,44,47,57,65,74,76,81,93,1,17,72,87,94,2,26,39,48,53,63,43,75,79,42,45,82,84,86,97
[100] Received message from  69: 1|6,18,22,25,29,32,44,47,57,65,74,76,81,93,1,62,98,99,7,33,73,85,92,14,40,41,61,80,83,51,69,60,71,100
[ 80] Received message from  83: 1|0,6,18,22,25,29,32,44,47,57,65,74,76,81,93,1,62,98,99,7,33,73,85,92,41,79,83,4,14,45,61,80,97,100
[ 71] Sent Broadcast: 1|0,6,18,22,25,29,32,44,47,57,65,74,76,81,93,1,62,98,99,7,33,73,85,92,41,79,83,4,14,45,80,97,100,23,42,52,54,55,60,95,9,31,37,46,71,69
[  2] Sent Broadcast: 1|0,6,18,22,25,29,32,44,47,57,65,74,76,81,93,1,17,72,87,94,2,26,39,48,53,63,12,20,36,38,56,58,66,88,91
[ 46] Received message from  52: 1|0,6,18,22,25,29,32,44,47,57,65,74,76,81,93,1,62,98,99,7,33,73,85,92,41,79,83,4,14,45,80,97,100,23,42,52,54,55,60,95,9,31,37,46,77,90
[ 66] Received message from  74: 1|0,6,18,22,25,29,32,44,47,57,65,74,76,81,93,1,3,11,27,66,72,89
[ 82] Received message from  79: 1|0,6,18,22,25,29,32,44,47,57,65,74,76,81,93,1,62,98,99,7,33,73,85,92,41,79,83,26,43,48,75,82,86,94,97
[ 99] Received message from  76: 1|0,6,18,22,25,29,32,44,47,57,65,74,76,81,93,1,27,72,99
[ 93] Received message from   1: 1|0,6,18,22,25,29,32,44,47,57,65,74,76,81,93
[ 42] Received message from  86: 1|0,6,18,22,25,29,32,44,47,57,65,74,76,81,93,1,17,72,87,94,2,26,39,48,53,63,43,75,79,5,50,82,84,86,8,14,42,45,97
[ 99] Received message from  57: 1|0,6,18,22,25,29,32,44,47,57,65,74,76,81,93,1,35,49,62,64,98,99
[ 68] Received message from  70: 1|0,6,18,22,25,29,32,44,47,57,65,74,76,81,93,1,17,72,87,94,2,26,39,48,53,63,12,20,36,38,56,58,66,88,91,34,59,70,21,30,67,68,78
[ 78] Received message from  50: 1|0,6,18,22,25,29,32,44,47,57,65,74,76,81,93,1,17,72,87,94,2,26,39,48,53,63,43,75,79,5,50,82,84,86,10,21,28,30,67,78
[ 90] Received message from  46: 1|0,6,18,22,25,29,32,44,47,57,65,74,76,81,93,1,62,98,99,7,33,73,85,92,41,79,83,4,14,45,80,97,100,23,42,52,54,55,60,95,9,31,37,46,71,8,77,90
[ 78] Sent Broadcast: 1|0,6,18,22,25,29,32,44,47,57,65,74,76,81,93,1,17,72,87,94,2,26,39,48,53,63,5,30,34,43,75,79,10,21,28,50,67,78,84,59,68,70
[ 97] Received message from  82: 1|0,6,18,22,25,29,32,44,47,57,65,74,76,81,93,1,17,72,87,94,2,26,39,48,53,63,43,75,79,5,50,82,84,86,8,14,42,45,97
[ 79] Received message from  94: 1|0,6,18,22,25,29,32,44,47,57,65,74,76,81,93,1,17,72,87,94,26,43,48,63,75,79
[ 42] Received message from  84: 1|0,6,18,22,25,29,32,44,47,57,65,74,76,81,93,1,17,72,87,94,2,26,39,48,53,63,43,75,79,5,50,82,84,86,8,19,42,45,97
[  9] Received message from  55: 1|6,18,22,25,29,32,44,47,57,65,74,76,81,93,1,62,98,99,7,33,73,85,92,14,40,41,61,80,83,4,42,45,55,82,86,97,100,8,9,37,46,52,54,77,90,95
[ 97] Received message from  83: 1|0,6,18,22,25,29,32,44,47,57,65,74,76,81,93,1,62,98,99,7,33,73,85,92,41,79,83,4,14,45,61,80,97,100
[ 54] Received message from 100: 1|0,6,18,22,25,29,32,44,47,57,65,74,76,81,93,1,62,98,99,7,33,73,85,92,41,79,83,4,14,45,80,97,100,23,52,54,60,69,71,95
[ 62] Received message from  81: 1|0,6,18,22,25,29,32,44,47,57,65,74,76,81,93,1,7,62,98,99
[ 70] Received message from  67: 1|0,6,18,22,25,29,32,44,47,57,65,74,76,81,93,1,17,72,87,94,2,26,39,48,53,63,5,30,34,43,75,79,10,21,28,50,67,78,84,24,59,68,70
[ 61] Received message from  80: 1|0,6,18,22,25,29,32,44,47,57,65,74,76,81,93,1,62,98,99,7,33,73,85,92,41,79,83,4,14,45,80,97,100,23,52,60,61,69,71
[ 27] Received message from  65: 1|0,6,18,22,25,29,32,44,47,57,65,74,76,81,93,1,3,11,12,27,38,66,72,87,88,89
[ 94] Sent Broadcast: 1|0,6,18,22,25,29,32,44,47,57,65,74,76,81,93,1,17,72,87,94,26,43,48,63,75,79
[ 88] Sent Broadcast: 1|6,18,22,25,29,32,44,47,57,65,74,76,81,93,1,17,72,87,94,3,11,16,27,38,66,89,12,58,88,2,36,53,56
[ 69] Sent Broadcast: 1|6,18,22,25,29,32,44,47,57,65,74,76,81,93,1,62,98,99,7,33,73,85,92,14,40,41,61,80,83,51,69,60,71,100
[ 75] Sent Broadcast: 1|0,6,18,22,25,29,32,44,47,57,65,74,76,81,93,1,17,72,87,94,2,26,39,48,53,63,43,75,79,42,45,82,84,86,97
[ 19] Received message from  42: 1|0,6,18,22,25,29,32,44,47,57,65,74,76,81,93,1,17,72,87,94,2,26,39,48,53,63,43,75,79,42,45,82,84,86,97,4,8,14,19,46,54,55,77
[ 66] Sent Broadcast: 1|0,6,18,22,25,29,32,44,47,57,65,74,76,81,93,1,11,27,72,89,99,3,16,38,66,88,2,12,56,58,87
[ 82] Sent Broadcast: 1|0,6,18,22,25,29,32,44,47,57,65,74,76,81,93,1,17,72,87,94,2,26,39,48,53,63,43,75,79,5,50,82,84,86,8,14,42,45,97
[  7] Received message from  93: 1|0,6,18,22,25,29,32,44,47,57,65,74,76,81,93,1,7,62,79,85,94
[ 78] Received message from  39: 1|0,6,18,22,25,29,32,44,47,57,65,74,76,81,93,1,17,72,87,94,2,26,39,48,53,63,20,21,30,34,59,70,78
[ 86] Received message from  14: 1|6,18,22,25,29,32,44,47,57,65,74,76,81,93,1,62,98,99,7,33,73,85,92,14,40,41,61,80,83,4,42,45,55,82,86,97,100
[ 77] Received message from  52: 1|0,6,18,22,25,29,32,44,47,57,65,74,76,81,93,1,62,98,99,7,33,73,85,92,41,79,83,4,14,45,80,97,100,23,42,52,54,55,60,95,9,31,37,46,77,90
[ 76] Sent Broadcast: 1|0,6,18,22,25,29,32,44,47,57,65,74,76,81,93,1,27,72,99
[ 78] Received message from  59: 1|0,6,18,22,25,29,32,44,47,57,65,74,76,81,93,1,17,72,87,94,2,26,39,48,53,63,12,20,36,38,56,58,66,88,91,34,59,70,21,30,67,68,78
[  1] Sent Broadcast: 1|0,6,18,22,25,29,32,44,47,57,65,74,76,81,93
[ 83] Received message from  92: 1|0,6,18,22,25,29,32,44,47,57,65,74,76,81,93,1,62,98,99,7,33,73,85,92,40,41,51,61,83
[ 57] Sent Broadcast: 1|0,6,18,22,25,29,32,44,47,57,65,74,76,81,93,1,35,49,62,64,98,99
[ 46] Received message from  54: 1|0,6,18,22,25,29,32,44,47,57,65,74,76,81,93,1,62,98,99,7,33,73,85,92,41,79,83,4,14,45,80,97,100,23,42,52,54,55,60,95,8,9,37,46,77,90
[ 79] Received message from  85: 1|0,6,18,22,25,29,32,44,47,57,65,74,76,81,93,1,62,98,99,7,33,73,85,92,4,14,41,45,79,83,97
[ 72] Received message from  74: 1|0,6,18,22,25,29,32,44,47,57,65,74,76,81,93,1,3,11,27,66,72,89
[ 71] Received message from  60: 1|6,18,22,25,29,32,44,47,57,65,74,76,81,93,1,62,98,99,7,33,73,85,92,14,40,41,61,80,83,51,60,69,4,23,71,100
[ 75] Received message from  45: 1|0,6,18,22,25,29,32,44,47,57,65,74,76,81,93,1,62,98,99,7,33,73,85,92,41,79,83,4,14,45,80,97,100,8,42,54,55,75,77,82,84,86
[ 75] Received message from  97: 1|0,6,18,22,25,29,32,44,47,57,65,74,76,81,93,1,62,98,99,7,33,73,85,92,41,79,83,4,14,45,80,97,100,8,42,55,75,82,84,86
[ 78] Received message from  70: 1|0,6,18,22,25,29,32,44,47,57,65,74,76,81,93,1,17,72,87,94,2,26,39,48,53,63,12,20,36,38,56,58,66,88,91,34,59,70,21,30,67,68,78
[ 86] Received message from  79: 1|0,6,18,22,25,29,32,44,47,57,65,74,76,81,93,1,62,98,99,7,33,73,85,92,41,79,83,26,43,48,75,82,86,94,97
[ 70] Received message from  30: 1|0,6,18,22,25,29,32,44,47,57,65,74,76,81,93,1,17,72,87,94,2,26,39,48,53,63,5,30,34,43,75,79,10,21,50,59,67,68,70,78
[ 92] Sent Broadcast: 1|0,6,18,22,25,29,32,44,47,57,65,74,76,81,93,1,62,98,99,7,33,73,85,92,40,41,51,61,83
[ 50] Sent Broadcast: 1|0,6,18,22,25,29,32,44,47,57,65,74,76,81,93,1,17,72,87,94,2,26,39,48,53,63,43,75,79,5,50,82,84,86,10,21,28,30,67,78
[ 46] Sent Broadcast: 1|0,6,18,22,25,29,32,44,47,57,65,74,76,81,93,1,62,98,99,7,33,73,85,92,41,79,83,4,14,45,80,97,100,23,42,52,54,55,60,95,9,31,37,46,71,8,77,90
[ 60] Received message from   4: 1|0,6,18,22,25,29,32,44,47,57,65,74,76,81,93,1,62,98,99,7,33,73,85,92,41,79,83,4,14,45,80,97,100,23,42,52,54,55,60,95
[ 45] Received message from  84: 1|0,6,18,22,25,29,32,44,47,57,65,74,76,81,93,1,17,72,87,94,2,26,39,48,53,63,43,75,79,5,50,82,84,86,8,19,42,45,97
[ 67] Sent Broadcast: 1|0,6,18,22,25,29,32,44,47,57,65,74,76,81,93,1,17,72,87,94,2,26,39,48,53,63,5,30,34,43,75,79,10,21,28,50,67,78,84,24,59,68,70
[ 59] Sent Broadcast: 1|0,6,18,22,25,29,32,44,47,57,65,74,76,81,93,1,17,72,87,94,2,26,39,48,53,63,12,20,36,38,56,58,66,88,91,34,59,70,21,30,67,68,78
[ 70] Sent Broadcast: 1|0,6,18,22,25,29,32,44,47,57,65,74,76,81,93,1,17,72,87,94,2,26,39,48,53,63,12,20,36,38,56,58,66,88,91,34,59,70,21,30,67,68,78
[ 39] Sent Broadcast: 1|0,6,18,22,25,29,32,44,47,57,65,74,76,81,93,1,17,72,87,94,2,26,39,48,53,63,20,21,30,34,59,70,78
[ 46] Received message from  42: 1|0,6,18,22,25,29,32,44,47,57,65,74,76,81,93,1,17,72,87,94,2,26,39,48,53,63,43,75,79,42,45,82,84,86,97,4,8,14,19,46,54,55,77
[ 78] Received message from  30: 1|0,6,18,22,25,29,32,44,47,57,65,74,76,81,93,1,17,72,87,94,2,26,39,48,53,63,5,30,34,43,75,79,10,21,50,59,67,68,70,78
[ 83] Received message from  85: 1|0,6,18,22,25,29,32,44,47,57,65,74,76,81,93,1,62,98,99,7,33,73,85,92,4,14,41,45,79,83,97
[ 69] Received message from  80: 1|0,6,18,22,25,29,32,44,47,57,65,74,76,81,93,1,62,98,99,7,33,73,85,92,41,79,83,4,14,45,80,97,100,23,52,60,61,69,71
[ 89] Received message from  74: 1|0,6,18,22,25,29,32,44,47,57,65,74,76,81,93,1,3,11,27,66,72,89
[ 60] Received message from 100: 1|0,6,18,22,25,29,32,44,47,57,65,74,76,81,93,1,62,98,99,7,33,73,85,92,41,79,83,4,14,45,80,97,100,23,52,54,60,69,71,95
[ 37] Received message from  55: 1|6,18,22,25,29,32,44,47,57,65,74,76,81,93,1,62,98,99,7,33,73,85,92,14,40,41,61,80,83,4,42,45,55,82,86,97,100,8,9,37,46,52,54,77,90,95
[ 98] Received message from  81: 1|0,6,18,22,25,29,32,44,47,57,65,74,76,81,93,1,7,62,98,99
[ 45] Received message from  86: 1|0,6,18,22,25,29,32,44,47,57,65,74,76,81,93,1,17,72,87,94,2,26,39,48,53,63,43,75,79,5,50,82,84,86,8,14,42,45,97
[ 38] Received message from  65: 1|0,6,18,22,25,29,32,44,47,57,65,74,76,81,93,1,3,11,12,27,38,66,72,87,88,89
[ 95] Received message from   4: 1|0,6,18,22,25,29,32,44,47,57,65,74,76,81,93,1,62,98,99,7,33,73,85,92,41,79,83,4,14,45,80,97,100,23,42,52,54,55,60,95
[ 30] Sent Broadcast: 1|0,6,18,22,25,29,32,44,47,57,65,74,76,81,93,1,17,72,87,94,2,26,39,48,53,63,5,30,34,43,75,79,10,21,50,59,67,68,70,78
[ 97] Received message from  14: 1|6,18,22,25,29,32,44,47,57,65,74,76,81,93,1,62,98,99,7,33,73,85,92,14,40,41,61,80,83,4,42,45,55,82,86,97,100
[ 54] Received message from  42: 1|0,6,18,22,25,29,32,44,47,57,65,74,76,81,93,1,17,72,87,94,2,26,39,48,53,63,43,75,79,42,45,82,84,86,97,4,8,14,19,46,54,55,77
[ 62] Received message from  93: 1|0,6,18,22,25,29,32,44,47,57,65,74,76,81,93,1,7,62,79,85,94
[ 90] Received message from  52: 1|0,6,18,22,25,29,32,44,47,57,65,74,76,81,93,1,62,98,99,7,33,73,85,92,41,79,83,4,14,45,80,97,100,23,42,52,54,55,60,95,9,31,37,46,77,90
[ 94] Received message from  79: 1|0,6,18,22,25,29,32,44,47,57,65,74,76,81,93,1,62,98,99,7,33,73,85,92,41,79,83,26,43,48,75,82,86,94,97
[ 97] Received message from  84: 1|0,6,18,22,25,29,32,44,47,57,65,74,76,81,93,1,17,72,87,94,2,26,39,48,53,63,43,75,79,5,50,82,84,86,8,19,42,45,97
[ 82] Received message from  97: 1|0,6,18,22,25,29,32,44,47,57,65,74,76,81,93,1,62,98,99,7,33,73,85,92,41,79,83,4,14,45,80,97,100,8,42,55,75,82,84,86
[100] Received message from  83: 1|0,6,18,22,25,29,32,44,47,57,65,74,76,81,93,1,62,98,99,7,33,73,85,92,41,79,83,4,14,45,61,80,97,100
[ 77] Received message from  45: 1|0,6,18,22,25,29,32,44,47,57,65,74,76,81,93,1,62,98,99,7,33,73,85,92,41,79,83,4,14,45,80,97,100,8,42,54,55,75,77,82,84,86
[ 97] Received message from  85: 1|0,6,18,22,25,29,32,44,47,57,65,74,76,81,93,1,62,98,99,7,33,73,85,92,4,14,41,45,79,83,97
[  4] Sent Broadcast: 1|0,6,18,22,25,29,32,44,47,57,65,74,76,81,93,1,62,98,99,7,33,73,85,92,41,79,83,4,14,45,80,97,100,23,42,52,54,55,60,95
[ 74] Sent Broadcast: 1|0,6,18,22,25,29,32,44,47,57,65,74,76,81,93,1,3,11,27,66,72,89
[ 84] Sent Broadcast: 1|0,6,18,22,25,29,32,44,47,57,65,74,76,81,93,1,17,72,87,94,2,26,39,48,53,63,43,75,79,5,50,82,84,86,8,19,42,45,97
[ 85] Sent Broadcast: 1|0,6,18,22,25,29,32,44,47,57,65,74,76,81,93,1,62,98,99,7,33,73,85,92,4,14,41,45,79,83,97
[100] Received message from  60: 1|6,18,22,25,29,32,44,47,57,65,74,76,81,93,1,62,98,99,7,33,73,85,92,14,40,41,61,80,83,51,60,69,4,23,71,100
[ 77] Received message from  54: 1|0,6,18,22,25,29,32,44,47,57,65,74,76,81,93,1,62,98,99,7,33,73,85,92,41,79,83,4,14,45,80,97,100,23,42,52,54,55,60,95,8,9,37,46,77,90
[ 52] Sent Broadcast: 1|0,6,18,22,25,29,32,44,47,57,65,74,76,81,93,1,62,98,99,7,33,73,85,92,41,79,83,4,14,45,80,97,100,23,42,52,54,55,60,95,9,31,37,46,77,90
[ 83] Sent Broadcast: 1|0,6,18,22,25,29,32,44,47,57,65,74,76,81,93,1,62,98,99,7,33,73,85,92,41,79,83,4,14,45,61,80,97,100
[ 71] Received message from  80: 1|0,6,18,22,25,29,32,44,47,57,65,74,76,81,93,1,62,98,99,7,33,73,85,92,41,79,83,4,14,45,80,97,100,23,52,60,61,69,71
[100] Received message from  14: 1|6,18,22,25,29,32,44,47,57,65,74,76,81,93,1,62,98,99,7,33,73,85,92,14,40,41,61,80,83,4,42,45,55,82,86,97,100
[ 69] Received message from 100: 1|0,6,18,22,25,29,32,44,47,57,65,74,76,81,93,1,62,98,99,7,33,73,85,92,41,79,83,4,14,45,80,97,100,23,52,54,60,69,71,95
[ 99] Received message from  81: 1|0,6,18,22,25,29,32,44,47,57,65,74,76,81,93,1,7,62,98,99
[ 79] Received message from  93: 1|0,6,18,22,25,29,32,44,47,57,65,74,76,81,93,1,7,62,79,85,94
[ 66] Received message from  65: 1|0,6,18,22,25,29,32,44,47,57,65,74,76,81,93,1,3,11,12,27,38,66,72,87,88,89
[ 84] Received message from  97: 1|0,6,18,22,25,29,32,44,47,57,65,74,76,81,93,1,62,98,99,7,33,73,85,92,41,79,83,4,14,45,80,97,100,8,42,55,75,82,84,86
[ 80] Sent Broadcast: 1|0,6,18,22,25,29,32,44,47,57,65,74,76,81,93,1,62,98,99,7,33,73,85,92,41,79,83,4,14,45,80,97,100,23,52,60,61,69,71
[ 82] Received message from  45: 1|0,6,18,22,25,29,32,44,47,57,65,74,76,81,93,1,62,98,99,7,33,73,85,92,41,79,83,4,14,45,80,97,100,8,42,54,55,75,77,82,84,86
[  9] Received message from  95: 1|0,6,18,22,25,29,32,44,47,57,65,74,76,81,93,1,62,98,99,7,33,73,85,92,41,79,83,4,14,45,80,97,100,23,42,52,54,55,60,95,9,31,37,46,71,77
[ 97] Received message from  86: 1|0,6,18,22,25,29,32,44,47,57,65,74,76,81,93,1,17,72,87,94,2,26,39,48,53,63,43,75,79,5,50,82,84,86,8,14,42,45,97
[ 60] Sent Broadcast: 1|6,18,22,25,29,32,44,47,57,65,74,76,81,93,1,62,98,99,7,33,73,85,92,14,40,41,61,80,83,51,60,69,4,23,71,100
[ 81] Sent Broadcast: 1|0,6,18,22,25,29,32,44,47,57,65,74,76,81,93,1,7,62,98,99
[ 14] Sent Broadcast: 1|6,18,22,25,29,32,44,47,57,65,74,76,81,93,1,62,98,99,7,33,73,85,92,14,40,41,61,80,83,4,42,45,55,82,86,97,100
[ 46] Received message from  55: 1|6,18,22,25,29,32,44,47,57,65,74,76,81,93,1,62,98,99,7,33,73,85,92,14,40,41,61,80,83,4,42,45,55,82,86,97,100,8,9,37,46,52,54,77,90,95
[ 55] Received message from  42: 1|0,6,18,22,25,29,32,44,47,57,65,74,76,81,93,1,17,72,87,94,2,26,39,48,53,63,43,75,79,42,45,82,84,86,97,4,8,14,19,46,54,55,77
[ 97] Received message from  79: 1|0,6,18,22,25,29,32,44,47,57,65,74,76,81,93,1,62,98,99,7,33,73,85,92,41,79,83,26,43,48,75,82,86,94,97
[ 79] Sent Broadcast: 1|0,6,18,22,25,29,32,44,47,57,65,74,76,81,93,1,62,98,99,7,33,73,85,92,41,79,83,26,43,48,75,82,86,94,97
[ 86] Sent Broadcast: 1|0,6,18,22,25,29,32,44,47,57,65,74,76,81,93,1,17,72,87,94,2,26,39,48,53,63,43,75,79,5,50,82,84,86,8,14,42,45,97
[ 86] Received message from  97: 1|0,6,18,22,25,29,32,44,47,57,65,74,76,81,93,1,62,98,99,7,33,73,85,92,41,79,83,4,14,45,80,97,100,8,42,55,75,82,84,86
[ 90] Received message from  54: 1|0,6,18,22,25,29,32,44,47,57,65,74,76,81,93,1,62,98,99,7,33,73,85,92,41,79,83,4,14,45,80,97,100,23,42,52,54,55,60,95,8,9,37,46,77,90
[ 54] Sent Broadcast: 1|0,6,18,22,25,29,32,44,47,57,65,74,76,81,93,1,62,98,99,7,33,73,85,92,41,79,83,4,14,45,80,97,100,23,42,52,54,55,60,95,8,9,37,46,77,90
[ 71] Received message from 100: 1|0,6,18,22,25,29,32,44,47,57,65,74,76,81,93,1,62,98,99,7,33,73,85,92,41,79,83,4,14,45,80,97,100,23,52,54,60,69,71,95
[ 85] Received message from  93: 1|0,6,18,22,25,29,32,44,47,57,65,74,76,81,93,1,7,62,79,85,94
[ 31] Received message from  95: 1|0,6,18,22,25,29,32,44,47,57,65,74,76,81,93,1,62,98,99,7,33,73,85,92,41,79,83,4,14,45,80,97,100,23,42,52,54,55,60,95,9,31,37,46,71,77
[ 97] Sent Broadcast: 1|0,6,18,22,25,29,32,44,47,57,65,74,76,81,93,1,62,98,99,7,33,73,85,92,41,79,83,4,14,45,80,97,100,8,42,55,75,82,84,86
[ 84] Received message from  45: 1|0,6,18,22,25,29,32,44,47,57,65,74,76,81,93,1,62,98,99,7,33,73,85,92,41,79,83,4,14,45,80,97,100,8,42,54,55,75,77,82,84,86
[ 52] Received message from  55: 1|6,18,22,25,29,32,44,47,57,65,74,76,81,93,1,62,98,99,7,33,73,85,92,14,40,41,61,80,83,4,42,45,55,82,86,97,100,8,9,37,46,52,54,77,90,95
[ 77] Received message from  42: 1|0,6,18,22,25,29,32,44,47,57,65,74,76,81,93,1,17,72,87,94,2,26,39,48,53,63,43,75,79,42,45,82,84,86,97,4,8,14,19,46,54,55,77
[ 72] Received message from  65: 1|0,6,18,22,25,29,32,44,47,57,65,74,76,81,93,1,3,11,12,27,38,66,72,87,88,89
[ 42] Sent Broadcast: 1|0,6,18,22,25,29,32,44,47,57,65,74,76,81,93,1,17,72,87,94,2,26,39,48,53,63,43,75,79,42,45,82,84,86,97,4,8,14,19,46,54,55,77
[ 94] Received message from  93: 1|0,6,18,22,25,29,32,44,47,57,65,74,76,81,93,1,7,62,79,85,94
[ 86] Received message from  45: 1|0,6,18,22,25,29,32,44,47,57,65,74,76,81,93,1,62,98,99,7,33,73,85,92,41,79,83,4,14,45,80,97,100,8,42,54,55,75,77,82,84,86
[ 37] Received message from  95: 1|0,6,18,22,25,29,32,44,47,57,65,74,76,81,93,1,62,98,99,7,33,73,85,92,41,79,83,4,14,45,80,97,100,23,42,52,54,55,60,95,9,31,37,46,71,77
[ 54] Received message from  55: 1|6,18,22,25,29,32,44,47,57,65,74,76,81,93,1,62,98,99,7,33,73,85,92,14,40,41,61,80,83,4,42,45,55,82,86,97,100,8,9,37,46,52,54,77,90,95
[ 95] Received message from 100: 1|0,6,18,22,25,29,32,44,47,57,65,74,76,81,93,1,62,98,99,7,33,73,85,92,41,79,83,4,14,45,80,97,100,23,52,54,60,69,71,95
[ 45] Sent Broadcast: 1|0,6,18,22,25,29,32,44,47,57,65,74,76,81,93,1,62,98,99,7,33,73,85,92,41,79,83,4,14,45,80,97,100,8,42,54,55,75,77,82,84,86
[ 93] Sent Broadcast: 1|0,6,18,22,25,29,32,44,47,57,65,74,76,81,93,1,7,62,79,85,94
[ 87] Received message from  65: 1|0,6,18,22,25,29,32,44,47,57,65,74,76,81,93,1,3,11,12,27,38,66,72,87,88,89
[100] Sent Broadcast: 1|0,6,18,22,25,29,32,44,47,57,65,74,76,81,93,1,62,98,99,7,33,73,85,92,41,79,83,4,14,45,80,97,100,23,52,54,60,69,71,95
[ 88] Received message from  65: 1|0,6,18,22,25,29,32,44,47,57,65,74,76,81,93,1,3,11,12,27,38,66,72,87,88,89
[ 77] Received message from  55: 1|6,18,22,25,29,32,44,47,57,65,74,76,81,93,1,62,98,99,7,33,73,85,92,14,40,41,61,80,83,4,42,45,55,82,86,97,100,8,9,37,46,52,54,77,90,95
[ 46] Received message from  95: 1|0,6,18,22,25,29,32,44,47,57,65,74,76,81,93,1,62,98,99,7,33,73,85,92,41,79,83,4,14,45,80,97,100,23,42,52,54,55,60,95,9,31,37,46,71,77
[ 89] Received message from  65: 1|0,6,18,22,25,29,32,44,47,57,65,74,76,81,93,1,3,11,12,27,38,66,72,87,88,89
[ 65] Sent Broadcast: 1|0,6,18,22,25,29,32,44,47,57,65,74,76,81,93,1,3,11,12,27,38,66,72,87,88,89
[ 90] Received message from  55: 1|6,18,22,25,29,32,44,47,57,65,74,76,81,93,1,62,98,99,7,33,73,85,92,14,40,41,61,80,83,4,42,45,55,82,86,97,100,8,9,37,46,52,54,77,90,95
[ 71] Received message from  95: 1|0,6,18,22,25,29,32,44,47,57,65,74,76,81,93,1,62,98,99,7,33,73,85,92,41,79,83,4,14,45,80,97,100,23,42,52,54,55,60,95,9,31,37,46,71,77
[ 95] Received message from  55: 1|6,18,22,25,29,32,44,47,57,65,74,76,81,93,1,62,98,99,7,33,73,85,92,14,40,41,61,80,83,4,42,45,55,82,86,97,100,8,9,37,46,52,54,77,90,95
[ 55] Sent Broadcast: 1|6,18,22,25,29,32,44,47,57,65,74,76,81,93,1,62,98,99,7,33,73,85,92,14,40,41,61,80,83,4,42,45,55,82,86,97,100,8,9,37,46,52,54,77,90,95
[ 77] Received message from  95: 1|0,6,18,22,25,29,32,44,47,57,65,74,76,81,93,1,62,98,99,7,33,73,85,92,41,79,83,4,14,45,80,97,100,23,42,52,54,55,60,95,9,31,37,46,71,77
[ 95] Sent Broadcast: 1|0,6,18,22,25,29,32,44,47,57,65,74,76,81,93,1,62,98,99,7,33,73,85,92,41,79,83,4,14,45,80,97,100,23,42,52,54,55,60,95,9,31,37,46,71,77
