[  3] Received message from   1: 1|0,3,8,19,38,43,56,61,64,68,71,80
[  8] Received message from   1: 1|0,3,8,19,38,43,56,61,64,68,71,80
[ 16] Received message from   3: 1|0,3,8,19,38,43,56,61,64,68,71,80,1,16,31,45,57,65,70,78,81,94
[ 19] Received message from   1: 1|0,3,8,19,38,43,56,61,64,68,71,80
[  7] Received message from  16: 1|0,3,8,19,38,43,56,61,64,68,71,80,1,16,31,45,57,65,70,78,81,94,7,18,24,32,49,69,92
[ 31] Received message from   3: 1|0,3,8,19,38,43,56,61,64,68,71,80,1,16,31,45,57,65,70,78,81,94
[ 50] Received message from   8: 1|0,3,8,19,38,43,56,61,64,68,71,80,1,50,54,90
[  7] Received message from  31: 1|0,3,8,19,38,43,56,61,64,68,71,80,1,16,31,45,57,65,70,78,81,94,7,22,25,55,86,92
[ 38] Received message from   1: 1|0,3,8,19,38,43,56,61,64,68,71,80
[ 45] Received message from   3: 1|0,3,8,19,38,43,56,61,64,68,71,80,1,16,31,45,57,65,70,78,81,94
[ 10] Received message from   7: 1|0,3,8,19,38,43,56,61,64,68,71,80,1,16,31,45,57,65,70,78,81,94,7,18,24,32,49,69,92,10,20,41
[ 18] Received message from  16: 1|0,3,8,19,38,43,56,61,64,68,71,80,1,16,31,45,57,65,70,78,81,94,7,18,24,32,49,69,92
[ 54] Received message from   8: 1|0,3,8,19,38,43,56,61,64,68,71,80,1,50,54,90
[ 43] Received message from   1: 1|0,3,8,19,38,43,56,61,64,68,71,80
[ 15] Received message from  10: 1|0,3,8,19,38,43,56,61,64,68,71,80,1,16,31,45,57,65,70,78,81,94,7,18,24,32,49,69,92,10,20,41,15,25,27,39,40,58,62
[ 22] Received message from  31: 1|0,3,8,19,38,43,56,61,64,68,71,80,1,16,31,45,57,65,70,78,81,94,7,22,25,55,86,92
[ 59] Received message from  18: 1|0,3,8,19,38,43,56,61,64,68,71,80,1,16,31,45,57,65,70,78,81,94,7,18,24,32,49,69,92,59,95,100
[ 20] Received message from   7: 1|0,3,8,19,38,43,56,61,64,68,71,80,1,16,31,45,57,65,70,78,81,94,7,18,24,32,49,69,92,10,20,41
[  7] Received message from  45: 1|0,3,8,19,38,43,56,61,64,68,71,80,1,16,31,45,57,65,70,78,81,94,7,22,55,92
[ 57] Received message from   3: 1|0,3,8,19,38,43,56,61,64,68,71,80,1,16,31,45,57,65,70,78,81,94
[ 21] Received message from  38: 1|0,3,8,19,38,43,56,61,64,68,71,80,1,21,28,51,86
[ 90] Received message from   8: 1|0,3,8,19,38,43,56,61,64,68,71,80,1,50,54,90
[ 24] Received message from  16: 1|0,3,8,19,38,43,56,61,64,68,71,80,1,16,31,45,57,65,70,78,81,94,7,18,24,32,49,69,92
[ 91] Received message from  54: 1|0,3,8,19,38,43,56,61,64,68,71,80,1,50,54,90,91
[  8] Sent Broadcast: 1|0,3,8,19,38,43,56,61,64,68,71,80,1,50,54,90
[ 46] Received message from  15: 1|0,3,8,19,38,43,56,61,64,68,71,80,1,16,31,45,57,65,70,78,81,94,7,18,24,32,49,69,92,10,20,41,15,25,27,39,40,58,62,46,67
[ 51] Received message from  22: 1|0,3,8,19,38,43,56,61,64,68,71,80,1,16,31,45,57,65,70,78,81,94,7,22,25,55,86,92,51,93
[ 23] Received message from  59: 1|0,3,8,19,38,43,56,61,64,68,71,80,1,16,31,45,57,65,70,78,81,94,7,18,24,32,49,69,92,59,95,100,23,60
[ 56] Received message from   1: 1|0,3,8,19,38,43,56,61,64,68,71,80
[ 28] Received message from  38: 1|0,3,8,19,38,43,56,61,64,68,71,80,1,21,28,51,86
[ 54] Sent Broadcast: 1|0,3,8,19,38,43,56,61,64,68,71,80,1,50,54,90,91
[ 41] Received message from   7: 1|0,3,8,19,38,43,56,61,64,68,71,80,1,16,31,45,57,65,70,78,81,94,7,18,24,32,49,69,92,10,20,41
[ 60] Received message from  90: 1|0,3,8,19,38,43,56,61,64,68,71,80,1,50,54,90,60
[ 65] Received message from   3: 1|0,3,8,19,38,43,56,61,64,68,71,80,1,16,31,45,57,65,70,78,81,94
[  7] Sent Broadcast: 1|0,3,8,19,38,43,56,61,64,68,71,80,1,16,31,45,57,65,70,78,81,94,7,18,24,32,49,69,92,10,20,41
[ 95] Received message from  18: 1|0,3,8,19,38,43,56,61,64,68,71,80,1,16,31,45,57,65,70,78,81,94,7,18,24,32,49,69,92,59,95,100
[  7] Received message from  57: 1|0,3,8,19,38,43,56,61,64,68,71,80,1,16,31,45,57,65,70,78,81,94,7,22,24,25,49,55,92
[ 25] Received message from  31: 1|0,3,8,19,38,43,56,61,64,68,71,80,1,16,31,45,57,65,70,78,81,94,7,22,25,55,86,92
[ 15] Received message from  20: 1|0,3,8,19,38,43,56,61,64,68,71,80,1,16,31,45,57,65,70,78,81,94,7,18,24,32,49,69,92,10,20,41,15,62,67
[ 22] Received message from  45: 1|0,3,8,19,38,43,56,61,64,68,71,80,1,16,31,45,57,65,70,78,81,94,7,22,55,92
[ 10] Received message from  24: 1|0,3,8,19,38,43,56,61,64,68,71,80,1,16,31,45,57,65,70,78,81,94,7,18,24,32,49,69,92,10,15,20,41
[ 32] Received message from  16: 1|0,3,8,19,38,43,56,61,64,68,71,80,1,16,31,45,57,65,70,78,81,94,7,18,24,32,49,69,92
[ 50] Received message from  56: 1|0,3,8,19,38,43,56,61,64,68,71,80,1,50,54,90,91
[ 25] Received message from  10: 1|0,3,8,19,38,43,56,61,64,68,71,80,1,16,31,45,57,65,70,78,81,94,7,18,24,32,49,69,92,10,20,41,15,25,27,39,40,58,62
[  2] Received message from  46: 1|0,3,8,19,38,43,56,61,64,68,71,80,1,16,31,45,57,65,70,78,81,94,7,18,24,32,49,69,92,10,20,41,15,25,27,39,40,58,62,46,67,2,17,98
[ 67] Received message from  15: 1|0,3,8,19,38,43,56,61,64,68,71,80,1,16,31,45,57,65,70,78,81,94,7,18,24,32,49,69,92,10,20,41,15,25,27,39,40,58,62,46,67
[ 21] Received message from  51: 1|3,8,19,38,43,56,61,64,68,71,80,1,16,31,45,57,65,70,78,81,94,7,22,25,55,86,92,51,93,21,28
[ 93] Received message from  22: 1|0,3,8,19,38,43,56,61,64,68,71,80,1,16,31,45,57,65,70,78,81,94,7,22,25,55,86,92,51,93
[ 90] Sent Broadcast: 1|0,3,8,19,38,43,56,61,64,68,71,80,1,50,54,90,60
[  4] Received message from  23: 1|0,3,8,19,38,43,56,61,64,68,71,80,1,16,31,45,57,65,70,78,81,94,7,18,24,32,49,69,92,59,95,100,23,60,4,6,12,26,34,36,66,83
[ 20] Received message from  32: 1|0,3,8,19,38,43,56,61,64,68,71,80,1,16,31,45,57,65,70,78,81,94,7,18,24,32,49,69,92,20,41,67
[ 60] Received message from  59: 1|0,3,8,19,38,43,56,61,64,68,71,80,1,16,31,45,57,65,70,78,81,94,7,18,24,32,49,69,92,59,95,100,23,60
[  6] Received message from  60: 1|0,3,8,19,38,43,56,61,64,68,71,80,1,50,54,90,60,6,23,26,59,83,100
[  7] Received message from  65: 1|0,3,8,19,38,43,56,61,64,68,71,80,1,16,31,45,57,65,70,78,81,94,7,18,20,24,32,49,69,92
[ 62] Received message from  20: 1|0,3,8,19,38,43,56,61,64,68,71,80,1,16,31,45,57,65,70,78,81,94,7,18,24,32,49,69,92,10,20,41,15,62,67
[ 27] Received message from  10: 1|0,3,8,19,38,43,56,61,64,68,71,80,1,16,31,45,57,65,70,78,81,94,7,18,24,32,49,69,92,10,20,41,15,25,27,39,40,58,62
[ 15] Received message from  41: 1|0,3,8,19,38,43,56,61,64,68,71,80,1,16,31,45,57,65,70,78,81,94,7,18,24,32,49,69,92,10,20,41,15,62,67
[ 61] Received message from   1: 1|0,3,8,19,38,43,56,61,64,68,71,80
[ 54] Received message from  56: 1|0,3,8,19,38,43,56,61,64,68,71,80,1,50,54,90,91
[  6] Received message from  23: 1|0,3,8,19,38,43,56,61,64,68,71,80,1,16,31,45,57,65,70,78,81,94,7,18,24,32,49,69,92,59,95,100,23,60,4,6,12,26,34,36,66,83
[ 22] Sent Broadcast: 1|0,3,8,19,38,43,56,61,64,68,71,80,1,16,31,45,57,65,70,78,81,94,7,22,25,55,86,92,51,93
[ 15] Sent Broadcast: 1|0,3,8,19,38,43,56,61,64,68,71,80,1,16,31,45,57,65,70,78,81,94,7,18,24,32,49,69,92,10,20,41,15,25,27,39,40,58,62,46,67
[ 59] Sent Broadcast: 1|0,3,8,19,38,43,56,61,64,68,71,80,1,16,31,45,57,65,70,78,81,94,7,18,24,32,49,69,92,59,95,100,23,60
[ 51] Received message from  38: 1|0,3,8,19,38,43,56,61,64,68,71,80,1,21,28,51,86
[ 22] Received message from  57: 1|0,3,8,19,38,43,56,61,64,68,71,80,1,16,31,45,57,65,70,78,81,94,7,22,24,25,49,55,92
[100] Received message from  18: 1|0,3,8,19,38,43,56,61,64,68,71,80,1,16,31,45,57,65,70,78,81,94,7,18,24,32,49,69,92,59,95,100
[ 11] Received message from   2: 1|0,3,8,19,38,43,56,61,64,68,71,80,1,16,31,45,57,65,70,78,81,94,7,18,24,32,49,69,92,10,20,41,15,25,27,39,40,58,62,46,67,2,17,98,11,29,72,79,82,88
[ 17] Received message from  46: 1|0,3,8,19,38,43,56,61,64,68,71,80,1,16,31,45,57,65,70,78,81,94,7,18,24,32,49,69,92,10,20,41,15,25,27,39,40,58,62,46,67,2,17,98
[ 10] Received message from  25: 1|0,3,8,19,38,43,56,61,64,68,71,80,1,16,31,45,57,65,70,78,81,94,7,22,25,55,86,92,10,13,27,37,52,58,77,84,93
[ 70] Received message from   3: 1|0,3,8,19,38,43,56,61,64,68,71,80,1,16,31,45,57,65,70,78,81,94
[ 18] Received message from  65: 1|0,3,8,19,38,43,56,61,64,68,71,80,1,16,31,45,57,65,70,78,81,94,7,18,20,24,32,49,69,92
[ 15] Received message from  24: 1|0,3,8,19,38,43,56,61,64,68,71,80,1,16,31,45,57,65,70,78,81,94,7,18,24,32,49,69,92,10,15,20,41
[ 34] Received message from   6: 1|0,3,8,19,38,43,56,61,64,68,71,80,1,50,54,90,60,6,23,26,59,83,100,34
[ 49] Received message from  16: 1|0,3,8,19,38,43,56,61,64,68,71,80,1,16,31,45,57,65,70,78,81,94,7,18,24,32,49,69,92
[ 55] Received message from  31: 1|0,3,8,19,38,43,56,61,64,68,71,80,1,16,31,45,57,65,70,78,81,94,7,22,25,55,86,92
[ 13] Received message from  93: 1|3,8,19,38,43,56,61,64,68,71,80,1,16,31,45,57,65,70,78,81,94,7,22,25,55,86,92,51,93,13,37,42,52,73,74,77,84
[ 85] Received message from   4: 1|0,3,8,19,38,43,56,61,64,68,71,80,1,16,31,45,57,65,70,78,81,94,7,18,24,32,49,69,92,59,95,100,23,60,4,6,12,26,34,36,66,83,85,87
[ 27] Received message from  62: 1|0,3,8,19,38,43,56,61,64,68,71,80,1,16,31,45,57,65,70,78,81,94,7,18,24,32,49,69,92,10,20,41,15,62,67,27,39,40,46,58,98
[ 11] Received message from  67: 1|0,3,8,19,38,43,56,61,64,68,71,80,1,16,31,45,57,65,70,78,81,94,7,18,24,32,49,69,92,10,20,41,15,25,27,39,40,58,62,46,67,11,17,29,53,79,98
[ 23] Received message from  95: 1|0,3,8,19,38,43,56,61,64,68,71,80,1,16,31,45,57,65,70,78,81,94,7,18,24,32,49,69,92,59,95,100,23,44,97,99
[ 41] Received message from  32: 1|0,3,8,19,38,43,56,61,64,68,71,80,1,16,31,45,57,65,70,78,81,94,7,18,24,32,49,69,92,20,41,67
[ 55] Received message from  45: 1|0,3,8,19,38,43,56,61,64,68,71,80,1,16,31,45,57,65,70,78,81,94,7,22,55,92
[ 28] Received message from  51: 1|3,8,19,38,43,56,61,64,68,71,80,1,16,31,45,57,65,70,78,81,94,7,22,25,55,86,92,51,93,21,28
[ 23] Received message from  60: 1|0,3,8,19,38,43,56,61,64,68,71,80,1,50,54,90,60,6,23,26,59,83,100
[ 11] Received message from  17: 1|0,3,8,19,38,43,56,61,64,68,71,80,1,16,31,45,57,65,70,78,81,94,7,18,24,32,49,69,92,10,20,41,15,25,27,39,40,58,62,46,67,2,17,98,11,29,53,72,79,82,88
[ 18] Sent Broadcast: 1|0,3,8,19,38,43,56,61,64,68,71,80,1,16,31,45,57,65,70,78,81,94,7,18,24,32,49,69,92,59,95,100
[  6] Sent Broadcast: 1|0,3,8,19,38,43,56,61,64,68,71,80,1,50,54,90,60,6,23,26,59,83,100,34
[ 90] Received message from  56: 1|0,3,8,19,38,43,56,61,64,68,71,80,1,50,54,90,91
[ 62] Received message from  41: 1|0,3,8,19,38,43,56,61,64,68,71,80,1,16,31,45,57,65,70,78,81,94,7,18,24,32,49,69,92,10,20,41,15,62,67
[ 48] Received message from  11: 1|0,3,8,19,38,43,56,61,64,68,71,80,1,16,31,45,57,65,70,78,81,94,7,18,24,32,49,69,92,10,20,41,15,25,27,39,40,58,62,46,67,2,17,98,11,29,72,79,82,88,48,53
[ 23] Received message from 100: 1|0,3,8,19,38,43,56,61,64,68,71,80,1,16,31,45,57,65,70,78,81,94,7,18,24,32,49,69,92,59,95,100,23,44,60
[  7] Received message from  70: 1|0,3,8,19,38,43,56,61,64,68,71,80,1,16,31,45,57,65,70,78,81,94,7,18,24,49,69,92
[ 37] Received message from  93: 1|3,8,19,38,43,56,61,64,68,71,80,1,16,31,45,57,65,70,78,81,94,7,22,25,55,86,92,51,93,13,37,42,52,73,74,77,84
[ 86] Received message from  38: 1|0,3,8,19,38,43,56,61,64,68,71,80,1,21,28,51,86
[ 39] Received message from  10: 1|0,3,8,19,38,43,56,61,64,68,71,80,1,16,31,45,57,65,70,78,81,94,7,18,24,32,49,69,92,10,20,41,15,25,27,39,40,58,62
[ 12] Received message from  23: 1|0,3,8,19,38,43,56,61,64,68,71,80,1,16,31,45,57,65,70,78,81,94,7,18,24,32,49,69,92,59,95,100,23,60,4,6,12,26,34,36,66,83
[ 13] Received message from  27: 1|0,3,8,19,38,43,56,61,64,68,71,80,1,16,31,45,57,65,70,78,81,94,7,18,24,32,49,69,92,10,20,41,15,25,27,39,40,58,62,13,52,55,77,84
[ 45] Received message from  61: 1|0,3,8,19,38,43,56,61,64,68,71,80,1,45,70,78,94
[ 39] Received message from  62: 1|0,3,8,19,38,43,56,61,64,68,71,80,1,16,31,45,57,65,70,78,81,94,7,18,24,32,49,69,92,10,20,41,15,62,67,27,39,40,46,58,98
[ 67] Received message from  20: 1|0,3,8,19,38,43,56,61,64,68,71,80,1,16,31,45,57,65,70,78,81,94,7,18,24,32,49,69,92,10,20,41,15,62,67
[ 24] Received message from  57: 1|0,3,8,19,38,43,56,61,64,68,71,80,1,16,31,45,57,65,70,78,81,94,7,22,24,25,49,55,92
[  4] Received message from  34: 1|0,3,8,19,38,43,56,61,64,68,71,80,1,50,54,90,60,6,23,26,59,83,100,34,4,5,12,66,85,89
[ 13] Received message from  25: 1|0,3,8,19,38,43,56,61,64,68,71,80,1,16,31,45,57,65,70,78,81,94,7,22,25,55,86,92,10,13,27,37,52,58,77,84,93
[ 44] Received message from  95: 1|0,3,8,19,38,43,56,61,64,68,71,80,1,16,31,45,57,65,70,78,81,94,7,18,24,32,49,69,92,59,95,100,23,44,97,99
[ 64] Received message from   1: 1|0,3,8,19,38,43,56,61,64,68,71,80
[ 98] Received message from  46: 1|0,3,8,19,38,43,56,61,64,68,71,80,1,16,31,45,57,65,70,78,81,94,7,18,24,32,49,69,92,10,20,41,15,25,27,39,40,58,62,46,67,2,17,98
[  5] Received message from  85: 1|0,3,8,19,38,43,56,61,64,68,71,80,1,16,31,45,57,65,70,78,81,94,7,18,24,32,49,69,92,59,95,100,23,60,4,6,12,26,34,36,66,83,85,87,5,89
[ 51] Sent Broadcast: 1|3,8,19,38,43,56,61,64,68,71,80,1,16,31,45,57,65,70,78,81,94,7,22,25,55,86,92,51,93,21,28
[ 13] Received message from  55: 1|0,3,8,19,38,43,56,61,64,68,71,80,1,16,31,45,57,65,70,78,81,94,7,22,25,55,86,92,13,27,37,52,58,84,93
[ 87] Received message from   4: 1|0,3,8,19,38,43,56,61,64,68,71,80,1,16,31,45,57,65,70,78,81,94,7,18,24,32,49,69,92,59,95,100,23,60,4,6,12,26,34,36,66,83,85,87
[ 78] Received message from   3: 1|0,3,8,19,38,43,56,61,64,68,71,80,1,16,31,45,57,65,70,78,81,94
[ 92] Received message from  45: 1|0,3,8,19,38,43,56,61,64,68,71,80,1,16,31,45,57,65,70,78,81,94,7,22,55,92
[ 67] Received message from  32: 1|0,3,8,19,38,43,56,61,64,68,71,80,1,16,31,45,57,65,70,78,81,94,7,18,24,32,49,69,92,20,41,67
[ 29] Received message from   2: 1|0,3,8,19,38,43,56,61,64,68,71,80,1,16,31,45,57,65,70,78,81,94,7,18,24,32,49,69,92,10,20,41,15,25,27,39,40,58,62,46,67,2,17,98,11,29,72,79,82,88
[ 27] Received message from  13: 1|3,8,19,38,43,56,61,64,68,71,80,1,16,31,45,57,65,70,78,81,94,7,22,25,55,86,92,51,93,13,37,42,52,73,74,77,84,27,58
[  2] Received message from  39: 1|0,3,8,19,38,43,56,61,64,68,71,80,1,16,31,45,57,65,70,78,81,94,7,18,24,32,49,69,92,10,20,41,15,25,27,39,40,58,62,2,11,17,46,67,79,98
[ 20] Received message from  65: 1|0,3,8,19,38,43,56,61,64,68,71,80,1,16,31,45,57,65,70,78,81,94,7,18,20,24,32,49,69,92
[ 10] Received message from  49: 1|0,3,8,19,38,43,56,61,64,68,71,80,1,16,31,45,57,65,70,78,81,94,7,18,24,32,49,69,92,10,15,20,41,58,62
[ 69] Received message from  16: 1|0,3,8,19,38,43,56,61,64,68,71,80,1,16,31,45,57,65,70,78,81,94,7,18,24,32,49,69,92
[ 86] Received message from  31: 1|0,3,8,19,38,43,56,61,64,68,71,80,1,16,31,45,57,65,70,78,81,94,7,22,25,55,86,92
[ 85] Received message from  12: 1|0,3,8,19,38,43,56,61,64,68,71,80,1,16,31,45,57,65,70,78,81,94,7,18,24,32,49,69,92,59,95,100,23,60,4,6,12,26,34,36,66,83,85,87
[ 91] Received message from  56: 1|0,3,8,19,38,43,56,61,64,68,71,80,1,50,54,90,91
[ 47] Received message from  48: 1|0,3,8,19,38,43,56,61,64,68,71,80,1,16,31,45,57,65,70,78,81,94,7,18,24,32,49,69,92,10,20,41,15,25,27,39,40,58,62,46,67,2,17,98,11,29,72,79,82,88,48,53,47
[ 67] Received message from  41: 1|0,3,8,19,38,43,56,61,64,68,71,80,1,16,31,45,57,65,70,78,81,94,7,18,24,32,49,69,92,10,20,41,15,62,67
[ 22] Received message from  64: 1|0,3,8,19,38,43,56,61,64,68,71,80,1,22,28,31,45,57,70,78,81,86,94
[  4] Sent Broadcast: 1|0,3,8,19,38,43,56,61,64,68,71,80,1,16,31,45,57,65,70,78,81,94,7,18,24,32,49,69,92,59,95,100,23,60,4,6,12,26,34,36,66,83,85,87
[ 89] Received message from  85: 1|0,3,8,19,38,43,56,61,64,68,71,80,1,16,31,45,57,65,70,78,81,94,7,18,24,32,49,69,92,59,95,100,23,60,4,6,12,26,34,36,66,83,85,87,5,89
[ 22] Received message from  86: 1|0,3,8,19,38,43,56,61,64,68,71,80,1,21,28,51,86,22,31,42,55,93
[ 14] Received message from  44: 1|0,3,8,19,38,43,56,61,64,68,71,80,1,16,31,45,57,65,70,78,81,94,7,18,24,32,49,69,92,59,95,100,23,44,97,99,14,30,33,35,36,75
[ 20] Received message from  24: 1|0,3,8,19,38,43,56,61,64,68,71,80,1,16,31,45,57,65,70,78,81,94,7,18,24,32,49,69,92,10,15,20,41
[  9] Received message from  47: 1|0,3,8,19,38,43,56,61,64,68,71,80,1,16,31,45,57,65,70,78,81,94,7,18,24,32,49,69,92,10,20,41,15,25,27,39,40,58,62,46,67,2,17,98,11,29,72,79,82,88,48,53,47,9,63,76,96
[ 14] Received message from  29: 1|0,3,8,19,38,43,56,61,64,68,71,80,1,16,31,45,57,65,70,78,81,94,7,18,24,32,49,69,92,10,20,41,15,25,27,39,40,58,62,46,67,2,17,98,11,29,72,79,82,88,14,53,96
[ 20] Received message from  69: 1|0,3,8,19,38,43,56,61,64,68,71,80,1,16,31,45,57,65,70,78,81,94,7,18,24,32,49,69,92,20,41,95,100
[ 38] Sent Broadcast: 1|0,3,8,19,38,43,56,61,64,68,71,80,1,21,28,51,86
[ 20] Sent Broadcast: 1|0,3,8,19,38,43,56,61,64,68,71,80,1,16,31,45,57,65,70,78,81,94,7,18,24,32,49,69,92,10,20,41,15,62,67
[ 85] Sent Broadcast: 1|0,3,8,19,38,43,56,61,64,68,71,80,1,16,31,45,57,65,70,78,81,94,7,18,24,32,49,69,92,59,95,100,23,60,4,6,12,26,34,36,66,83,85,87,5,89
[ 46] Sent Broadcast: 1|0,3,8,19,38,43,56,61,64,68,71,80,1,16,31,45,57,65,70,78,81,94,7,18,24,32,49,69,92,10,20,41,15,25,27,39,40,58,62,46,67,2,17,98
[ 45] Sent Broadcast: 1|0,3,8,19,38,43,56,61,64,68,71,80,1,16,31,45,57,65,70,78,81,94,7,22,55,92
[ 32] Sent Broadcast: 1|0,3,8,19,38,43,56,61,64,68,71,80,1,16,31,45,57,65,70,78,81,94,7,18,24,32,49,69,92,20,41,67
[ 53] Received message from  11: 1|0,3,8,19,38,43,56,61,64,68,71,80,1,16,31,45,57,65,70,78,81,94,7,18,24,32,49,69,92,10,20,41,15,25,27,39,40,58,62,46,67,2,17,98,11,29,72,79,82,88,48,53
[ 41] Sent Broadcast: 1|0,3,8,19,38,43,56,61,64,68,71,80,1,16,31,45,57,65,70,78,81,94,7,18,24,32,49,69,92,10,20,41,15,62,67
[ 26] Received message from  60: 1|0,3,8,19,38,43,56,61,64,68,71,80,1,50,54,90,60,6,23,26,59,83,100
[  9] Received message from  14: 1|0,3,8,19,38,43,56,61,64,68,71,80,1,16,31,45,57,65,70,78,81,94,7,18,24,32,49,69,92,59,95,100,23,44,97,99,14,30,33,35,36,75,9,29,53,63,96
[ 14] Received message from   9: 1|0,3,8,19,38,43,56,61,64,68,71,80,1,16,31,45,57,65,70,78,81,94,7,18,24,32,49,69,92,10,20,41,15,25,27,39,40,58,62,46,67,2,17,98,11,29,72,79,82,88,48,53,47,9,63,76,96,14,30
[  7] Received message from  78: 1|0,3,8,19,38,43,56,61,64,68,71,80,1,16,31,45,57,65,70,78,81,94,7,18,92
[ 24] Received message from  65: 1|0,3,8,19,38,43,56,61,64,68,71,80,1,16,31,45,57,65,70,78,81,94,7,18,20,24,32,49,69,92
[ 29] Received message from  17: 1|0,3,8,19,38,43,56,61,64,68,71,80,1,16,31,45,57,65,70,78,81,94,7,18,24,32,49,69,92,10,20,41,15,25,27,39,40,58,62,46,67,2,17,98,11,29,53,72,79,82,88
[ 40] Received message from  10: 1|0,3,8,19,38,43,56,61,64,68,71,80,1,16,31,45,57,65,70,78,81,94,7,18,24,32,49,69,92,10,20,41,15,25,27,39,40,58,62
[ 56] Sent Broadcast: 1|0,3,8,19,38,43,56,61,64,68,71,80,1,50,54,90,91
[ 11] Received message from  98: 1|0,3,8,19,38,43,56,61,64,68,71,80,1,16,31,45,57,65,70,78,81,94,7,18,24,32,49,69,92,10,20,41,15,25,27,39,40,58,62,46,67,2,17,98,11,29,72,79,82,88
[ 11] Sent Broadcast: 1|0,3,8,19,38,43,56,61,64,68,71,80,1,16,31,45,57,65,70,78,81,94,7,18,24,32,49,69,92,10,20,41,15,25,27,39,40,58,62,46,67,2,17,98,11,29,72,79,82,88,48,53
[ 48] Sent Broadcast: 1|0,3,8,19,38,43,56,61,64,68,71,80,1,16,31,45,57,65,70,78,81,94,7,18,24,32,49,69,92,10,20,41,15,25,27,39,40,58,62,46,67,2,17,98,11,29,72,79,82,88,48,53,47
[ 17] Received message from  67: 1|0,3,8,19,38,43,56,61,64,68,71,80,1,16,31,45,57,65,70,78,81,94,7,18,24,32,49,69,92,10,20,41,15,25,27,39,40,58,62,46,67,11,17,29,53,79,98
[ 18] Received message from  92: 1|0,3,8,19,38,43,56,61,64,68,71,80,1,16,31,45,57,65,70,78,81,94,7,22,55,92,18,20,24,32,41,49,69
[ 42] Received message from  93: 1|3,8,19,38,43,56,61,64,68,71,80,1,16,31,45,57,65,70,78,81,94,7,22,25,55,86,92,51,93,13,37,42,52,73,74,77,84
[ 25] Received message from  57: 1|0,3,8,19,38,43,56,61,64,68,71,80,1,16,31,45,57,65,70,78,81,94,7,22,24,25,49,55,92
[  4] Received message from  26: 1|0,3,8,19,38,43,56,61,64,68,71,80,1,50,54,90,60,6,23,26,59,83,100,4,5,12,34,66
[ 70] Received message from  61: 1|0,3,8,19,38,43,56,61,64,68,71,80,1,45,70,78,94
[ 27] Received message from  25: 1|0,3,8,19,38,43,56,61,64,68,71,80,1,16,31,45,57,65,70,78,81,94,7,22,25,55,86,92,10,13,27,37,52,58,77,84,93
[ 97] Received message from  95: 1|0,3,8,19,38,43,56,61,64,68,71,80,1,16,31,45,57,65,70,78,81,94,7,18,24,32,49,69,92,59,95,100,23,44,97,99
[ 92] Received message from  16: 1|0,3,8,19,38,43,56,61,64,68,71,80,1,16,31,45,57,65,70,78,81,94,7,18,24,32,49,69,92
[ 68] Received message from   1: 1|0,3,8,19,38,43,56,61,64,68,71,80
[ 29] Received message from  98: 1|0,3,8,19,38,43,56,61,64,68,71,80,1,16,31,45,57,65,70,78,81,94,7,18,24,32,49,69,92,10,20,41,15,25,27,39,40,58,62,46,67,2,17,98,11,29,72,79,82,88
[ 18] Received message from  70: 1|0,3,8,19,38,43,56,61,64,68,71,80,1,16,31,45,57,65,70,78,81,94,7,18,24,49,69,92
[ 72] Received message from   2: 1|0,3,8,19,38,43,56,61,64,68,71,80,1,16,31,45,57,65,70,78,81,94,7,18,24,32,49,69,92,10,20,41,15,25,27,39,40,58,62,46,67,2,17,98,11,29,72,79,82,88
[  5] Received message from  34: 1|0,3,8,19,38,43,56,61,64,68,71,80,1,50,54,90,60,6,23,26,59,83,100,34,4,5,12,66,85,89
[ 26] Received message from  23: 1|0,3,8,19,38,43,56,61,64,68,71,80,1,16,31,45,57,65,70,78,81,94,7,18,24,32,49,69,92,59,95,100,23,60,4,6,12,26,34,36,66,83
[ 87] Received message from  12: 1|0,3,8,19,38,43,56,61,64,68,71,80,1,16,31,45,57,65,70,78,81,94,7,18,24,32,49,69,92,59,95,100,23,60,4,6,12,26,34,36,66,83,85,87
[ 11] Received message from  39: 1|0,3,8,19,38,43,56,61,64,68,71,80,1,16,31,45,57,65,70,78,81,94,7,18,24,32,49,69,92,10,20,41,15,25,27,39,40,58,62,2,11,17,46,67,79,98
[ 58] Received message from  13: 1|3,8,19,38,43,56,61,64,68,71,80,1,16,31,45,57,65,70,78,81,94,7,22,25,55,86,92,51,93,13,37,42,52,73,74,77,84,27,58
[ 52] Received message from  27: 1|0,3,8,19,38,43,56,61,64,68,71,80,1,16,31,45,57,65,70,78,81,94,7,18,24,32,49,69,92,10,20,41,15,25,27,39,40,58,62,13,52,55,77,84
[ 58] Received message from  10: 1|0,3,8,19,38,43,56,61,64,68,71,80,1,16,31,45,57,65,70,78,81,94,7,18,24,32,49,69,92,10,20,41,15,25,27,39,40,58,62
[ 81] Received message from   3: 1|0,3,8,19,38,43,56,61,64,68,71,80,1,16,31,45,57,65,70,78,81,94
[ 44] Received message from 100: 1|0,3,8,19,38,43,56,61,64,68,71,80,1,16,31,45,57,65,70,78,81,94,7,18,24,32,49,69,92,59,95,100,23,44,60
[ 15] Received message from  49: 1|0,3,8,19,38,43,56,61,64,68,71,80,1,16,31,45,57,65,70,78,81,94,7,18,24,32,49,69,92,10,15,20,41,58,62
[ 52] Received message from  93: 1|3,8,19,38,43,56,61,64,68,71,80,1,16,31,45,57,65,70,78,81,94,7,22,25,55,86,92,51,93,13,37,42,52,73,74,77,84
[ 28] Received message from  64: 1|0,3,8,19,38,43,56,61,64,68,71,80,1,22,28,31,45,57,70,78,81,86,94
[ 72] Received message from  98: 1|0,3,8,19,38,43,56,61,64,68,71,80,1,16,31,45,57,65,70,78,81,94,7,18,24,32,49,69,92,10,20,41,15,25,27,39,40,58,62,46,67,2,17,98,11,29,72,79,82,88
[ 41] Received message from  24: 1|0,3,8,19,38,43,56,61,64,68,71,80,1,16,31,45,57,65,70,78,81,94,7,18,24,32,49,69,92,10,15,20,41
[ 27] Received message from  55: 1|0,3,8,19,38,43,56,61,64,68,71,80,1,16,31,45,57,65,70,78,81,94,7,22,25,55,86,92,13,27,37,52,58,84,93
[ 59] Received message from  60: 1|0,3,8,19,38,43,56,61,64,68,71,80,1,50,54,90,60,6,23,26,59,83,100
[ 63] Received message from  47: 1|0,3,8,19,38,43,56,61,64,68,71,80,1,16,31,45,57,65,70,78,81,94,7,18,24,32,49,69,92,10,20,41,15,25,27,39,40,58,62,46,67,2,17,98,11,29,72,79,82,88,48,53,47,9,63,76,96
[  7] Received message from  81: 1|0,3,8,19,38,43,56,61,64,68,71,80,1,16,31,45,57,65,70,78,81,94,7,22,24,25,49,55,92
[ 40] Received message from  62: 1|0,3,8,19,38,43,56,61,64,68,71,80,1,16,31,45,57,65,70,78,81,94,7,18,24,32,49,69,92,10,20,41,15,62,67,27,39,40,46,58,98
[  9] Received message from  53: 1|0,3,8,19,38,43,56,61,64,68,71,80,1,16,31,45,57,65,70,78,81,94,7,18,24,32,49,69,92,10,20,41,15,25,27,39,40,58,62,46,67,2,17,98,11,29,72,79,82,88,48,53,9,14,30,47,63,76,96
[ 13] Received message from  58: 1|0,3,8,19,38,43,56,61,64,68,71,80,1,16,31,45,57,65,70,78,81,94,7,18,24,32,49,69,92,10,20,41,15,25,27,39,40,58,62,13,46,52,55,77,84
[ 37] Received message from  25: 1|0,3,8,19,38,43,56,61,64,68,71,80,1,16,31,45,57,65,70,78,81,94,7,22,25,55,86,92,10,13,27,37,52,58,77,84,93
[ 29] Received message from  67: 1|0,3,8,19,38,43,56,61,64,68,71,80,1,16,31,45,57,65,70,78,81,94,7,18,24,32,49,69,92,10,20,41,15,25,27,39,40,58,62,46,67,11,17,29,53,79,98
[ 92] Received message from  31: 1|0,3,8,19,38,43,56,61,64,68,71,80,1,16,31,45,57,65,70,78,81,94,7,22,25,55,86,92
[ 53] Received message from  17: 1|0,3,8,19,38,43,56,61,64,68,71,80,1,16,31,45,57,65,70,78,81,94,7,18,24,32,49,69,92,10,20,41,15,25,27,39,40,58,62,46,67,2,17,98,11,29,53,72,79,82,88
[ 31] Received message from  86: 1|0,3,8,19,38,43,56,61,64,68,71,80,1,21,28,51,86,22,31,42,55,93
[ 20] Received message from  92: 1|0,3,8,19,38,43,56,61,64,68,71,80,1,16,31,45,57,65,70,78,81,94,7,22,55,92,18,20,24,32,41,49,69
[ 30] Received message from  44: 1|0,3,8,19,38,43,56,61,64,68,71,80,1,16,31,45,57,65,70,78,81,94,7,18,24,32,49,69,92,59,95,100,23,44,97,99,14,30,33,35,36,75
[ 24] Sent Broadcast: 1|0,3,8,19,38,43,56,61,64,68,71,80,1,16,31,45,57,65,70,78,81,94,7,18,24,32,49,69,92,10,15,20,41
[ 16] Sent Broadcast: 1|0,3,8,19,38,43,56,61,64,68,71,80,1,16,31,45,57,65,70,78,81,94,7,18,24,32,49,69,92
[ 18] Received message from  78: 1|0,3,8,19,38,43,56,61,64,68,71,80,1,16,31,45,57,65,70,78,81,94,7,18,92
[ 12] Sent Broadcast: 1|0,3,8,19,38,43,56,61,64,68,71,80,1,16,31,45,57,65,70,78,81,94,7,18,24,32,49,69,92,59,95,100,23,60,4,6,12,26,34,36,66,83,85,87
[ 13] Sent Broadcast: 1|3,8,19,38,43,56,61,64,68,71,80,1,16,31,45,57,65,70,78,81,94,7,22,25,55,86,92,51,93,13,37,42,52,73,74,77,84,27,58
[ 47] Received message from  72: 1|0,3,8,19,38,43,56,61,64,68,71,80,1,16,31,45,57,65,70,78,81,94,7,18,24,32,49,69,92,10,20,41,15,25,27,39,40,58,62,46,67,2,17,98,11,29,72,79,82,88,47,48,53
[ 32] Received message from  65: 1|0,3,8,19,38,43,56,61,64,68,71,80,1,16,31,45,57,65,70,78,81,94,7,18,20,24,32,49,69,92
[  2] Received message from  40: 1|0,3,8,19,38,43,56,61,64,68,71,80,1,16,31,45,57,65,70,78,81,94,7,18,24,32,49,69,92,10,20,41,15,25,27,39,40,58,62,2,46,98
[ 30] Received message from  97: 1|0,3,8,19,38,43,56,61,64,68,71,80,1,16,31,45,57,65,70,78,81,94,7,18,24,32,49,69,92,59,95,100,23,44,97,99,30,33,35,36,75
[ 48] Received message from  72: 1|0,3,8,19,38,43,56,61,64,68,71,80,1,16,31,45,57,65,70,78,81,94,7,18,24,32,49,69,92,10,20,41,15,25,27,39,40,58,62,46,67,2,17,98,11,29,72,79,82,88,47,48,53
[ 54] Received message from  68: 1|0,3,8,19,38,43,56,61,64,68,71,80,1,54
[ 41] Received message from  69: 1|0,3,8,19,38,43,56,61,64,68,71,80,1,16,31,45,57,65,70,78,81,94,7,18,24,32,49,69,92,20,41,95,100
[ 46] Received message from  40: 1|0,3,8,19,38,43,56,61,64,68,71,80,1,16,31,45,57,65,70,78,81,94,7,18,24,32,49,69,92,10,20,41,15,25,27,39,40,58,62,2,46,98
[ 24] Received message from  92: 1|0,3,8,19,38,43,56,61,64,68,71,80,1,16,31,45,57,65,70,78,81,94,7,22,55,92,18,20,24,32,41,49,69
[ 37] Received message from  52: 1|0,3,8,19,38,43,56,61,64,68,71,80,1,16,31,45,57,65,70,78,81,94,7,18,24,32,49,69,92,10,20,41,15,25,27,39,40,58,62,13,52,55,77,84,37,93
[ 29] Received message from  14: 1|0,3,8,19,38,43,56,61,64,68,71,80,1,16,31,45,57,65,70,78,81,94,7,18,24,32,49,69,92,59,95,100,23,44,97,99,14,30,33,35,36,75,9,29,53,63,96
[ 12] Received message from  34: 1|0,3,8,19,38,43,56,61,64,68,71,80,1,50,54,90,60,6,23,26,59,83,100,34,4,5,12,66,85,89
[ 94] Received message from   3: 1|0,3,8,19,38,43,56,61,64,68,71,80,1,16,31,45,57,65,70,78,81,94
[ 31] Received message from  64: 1|0,3,8,19,38,43,56,61,64,68,71,80,1,22,28,31,45,57,70,78,81,86,94
[ 99] Received message from  95: 1|0,3,8,19,38,43,56,61,64,68,71,80,1,16,31,45,57,65,70,78,81,94,7,18,24,32,49,69,92,59,95,100,23,44,97,99
[  5] Received message from  26: 1|0,3,8,19,38,43,56,61,64,68,71,80,1,50,54,90,60,6,23,26,59,83,100,4,5,12,34,66
[ 20] Received message from  49: 1|0,3,8,19,38,43,56,61,64,68,71,80,1,16,31,45,57,65,70,78,81,94,7,18,24,32,49,69,92,10,15,20,41,58,62
[ 37] Received message from  55: 1|0,3,8,19,38,43,56,61,64,68,71,80,1,16,31,45,57,65,70,78,81,94,7,22,25,55,86,92,13,27,37,52,58,84,93
[ 34] Received message from  23: 1|0,3,8,19,38,43,56,61,64,68,71,80,1,16,31,45,57,65,70,78,81,94,7,18,24,32,49,69,92,59,95,100,23,60,4,6,12,26,34,36,66,83
[  9] Received message from  30: 1|0,3,8,19,38,43,56,61,64,68,71,80,1,16,31,45,57,65,70,78,81,94,7,18,24,32,49,69,92,59,95,100,23,44,97,99,14,30,33,35,36,75,9,53,96
[ 49] Received message from  57: 1|0,3,8,19,38,43,56,61,64,68,71,80,1,16,31,45,57,65,70,78,81,94,7,22,24,25,49,55,92
[ 78] Received message from  61: 1|0,3,8,19,38,43,56,61,64,68,71,80,1,45,70,78,94
[ 14] Received message from  53: 1|0,3,8,19,38,43,56,61,64,68,71,80,1,16,31,45,57,65,70,78,81,94,7,18,24,32,49,69,92,10,20,41,15,25,27,39,40,58,62,46,67,2,17,98,11,29,72,79,82,88,48,53,9,14,30,47,63,76,96
[ 46] Received message from  62: 1|0,3,8,19,38,43,56,61,64,68,71,80,1,16,31,45,57,65,70,78,81,94,7,18,24,32,49,69,92,10,20,41,15,62,67,27,39,40,46,58,98
[ 71] Received message from   1: 1|0,3,8,19,38,43,56,61,64,68,71,80
[ 79] Received message from   2: 1|0,3,8,19,38,43,56,61,64,68,71,80,1,16,31,45,57,65,70,78,81,94,7,18,24,32,49,69,92,10,20,41,15,25,27,39,40,58,62,46,67,2,17,98,11,29,72,79,82,88
[ 46] Received message from  58: 1|0,3,8,19,38,43,56,61,64,68,71,80,1,16,31,45,57,65,70,78,81,94,7,18,24,32,49,69,92,10,20,41,15,25,27,39,40,58,62,13,46,52,55,77,84
[ 55] Received message from  27: 1|0,3,8,19,38,43,56,61,64,68,71,80,1,16,31,45,57,65,70,78,81,94,7,18,24,32,49,69,92,10,20,41,15,25,27,39,40,58,62,13,52,55,77,84
[ 73] Received message from  93: 1|3,8,19,38,43,56,61,64,68,71,80,1,16,31,45,57,65,70,78,81,94,7,22,25,55,86,92,51,93,13,37,42,52,73,74,77,84
[ 17] Received message from  39: 1|0,3,8,19,38,43,56,61,64,68,71,80,1,16,31,45,57,65,70,78,81,94,7,18,24,32,49,69,92,10,20,41,15,25,27,39,40,58,62,2,11,17,46,67,79,98
[ 76] Received message from  47: 1|0,3,8,19,38,43,56,61,64,68,71,80,1,16,31,45,57,65,70,78,81,94,7,18,24,32,49,69,92,10,20,41,15,25,27,39,40,58,62,46,67,2,17,98,11,29,72,79,82,88,48,53,47,9,63,76,96
[ 60] Received message from 100: 1|0,3,8,19,38,43,56,61,64,68,71,80,1,16,31,45,57,65,70,78,81,94,7,18,24,32,49,69,92,59,95,100,23,44,60
[ 31] Sent Broadcast: 1|0,3,8,19,38,43,56,61,64,68,71,80,1,16,31,45,57,65,70,78,81,94,7,22,25,55,86,92
[ 68] Sent Broadcast: 1|0,3,8,19,38,43,56,61,64,68,71,80,1,54
[ 53] Received message from  29: 1|0,3,8,19,38,43,56,61,64,68,71,80,1,16,31,45,57,65,70,78,81,94,7,18,24,32,49,69,92,10,20,41,15,25,27,39,40,58,62,46,67,2,17,98,11,29,72,79,82,88,14,53,96
[ 30] Received message from   9: 1|0,3,8,19,38,43,56,61,64,68,71,80,1,16,31,45,57,65,70,78,81,94,7,18,24,32,49,69,92,10,20,41,15,25,27,39,40,58,62,46,67,2,17,98,11,29,72,79,82,88,48,53,47,9,63,76,96,14,30
[ 83] Received message from  60: 1|0,3,8,19,38,43,56,61,64,68,71,80,1,50,54,90,60,6,23,26,59,83,100
[100] Sent Broadcast: 1|0,3,8,19,38,43,56,61,64,68,71,80,1,16,31,45,57,65,70,78,81,94,7,18,24,32,49,69,92,59,95,100,23,44,60
[ 92] Received message from  78: 1|0,3,8,19,38,43,56,61,64,68,71,80,1,16,31,45,57,65,70,78,81,94,7,18,92
[ 24] Received message from  70: 1|0,3,8,19,38,43,56,61,64,68,71,80,1,16,31,45,57,65,70,78,81,94,7,18,24,49,69,92
[ 22] Received message from  81: 1|0,3,8,19,38,43,56,61,64,68,71,80,1,16,31,45,57,65,70,78,81,94,7,22,24,25,49,55,92
[ 14] Received message from  63: 1|0,3,8,19,38,43,56,61,64,68,71,80,1,16,31,45,57,65,70,78,81,94,7,18,24,32,49,69,92,10,20,41,15,25,27,39,40,58,62,46,67,2,17,98,11,29,72,79,82,88,48,53,47,9,63,76,96,14
[ 78] Sent Broadcast: 1|0,3,8,19,38,43,56,61,64,68,71,80,1,16,31,45,57,65,70,78,81,94,7,18,92
[ 52] Received message from  25: 1|0,3,8,19,38,43,56,61,64,68,71,80,1,16,31,45,57,65,70,78,81,94,7,22,25,55,86,92,10,13,27,37,52,58,77,84,93
[ 72] Received message from  17: 1|0,3,8,19,38,43,56,61,64,68,71,80,1,16,31,45,57,65,70,78,81,94,7,18,24,32,49,69,92,10,20,41,15,25,27,39,40,58,62,46,67,2,17,98,11,29,53,72,79,82,88
[ 45] Received message from  71: 1|0,3,8,19,38,43,56,61,64,68,71,80,1,45,78,94
[ 53] Received message from  67: 1|0,3,8,19,38,43,56,61,64,68,71,80,1,16,31,45,57,65,70,78,81,94,7,18,24,32,49,69,92,10,20,41,15,25,27,39,40,58,62,46,67,11,17,29,53,79,98
[ 48] Received message from  79: 1|0,3,8,19,38,43,56,61,64,68,71,80,1,16,31,45,57,65,70,78,81,94,7,18,24,32,49,69,92,10,20,41,15,25,27,39,40,58,62,46,67,2,17,98,11,29,72,79,82,88,48,53,96
[  7] Received message from  94: 1|0,3,8,19,38,43,56,61,64,68,71,80,1,16,31,45,57,65,70,78,81,94,7,18,69,92
[  3] Sent Broadcast: 1|0,3,8,19,38,43,56,61,64,68,71,80,1,16,31,45,57,65,70,78,81,94
[ 49] Received message from  65: 1|0,3,8,19,38,43,56,61,64,68,71,80,1,16,31,45,57,65,70,78,81,94,7,18,20,24,32,49,69,92
[ 63] Sent Broadcast: 1|0,3,8,19,38,43,56,61,64,68,71,80,1,16,31,45,57,65,70,78,81,94,7,18,24,32,49,69,92,10,20,41,15,25,27,39,40,58,62,46,67,2,17,98,11,29,72,79,82,88,48,53,47,9,63,76,96,14
[ 66] Received message from  34: 1|0,3,8,19,38,43,56,61,64,68,71,80,1,50,54,90,60,6,23,26,59,83,100,34,4,5,12,66,85,89
[ 98] Received message from  40: 1|0,3,8,19,38,43,56,61,64,68,71,80,1,16,31,45,57,65,70,78,81,94,7,18,24,32,49,69,92,10,20,41,15,25,27,39,40,58,62,2,46,98
[  9] Sent Broadcast: 1|0,3,8,19,38,43,56,61,64,68,71,80,1,16,31,45,57,65,70,78,81,94,7,18,24,32,49,69,92,10,20,41,15,25,27,39,40,58,62,46,67,2,17,98,11,29,72,79,82,88,48,53,47,9,63,76,96,14,30
[ 42] Received message from  86: 1|0,3,8,19,38,43,56,61,64,68,71,80,1,21,28,51,86,22,31,42,55,93
[ 62] Received message from  10: 1|0,3,8,19,38,43,56,61,64,68,71,80,1,16,31,45,57,65,70,78,81,94,7,18,24,32,49,69,92,10,20,41,15,25,27,39,40,58,62
[ 36] Received message from  23: 1|0,3,8,19,38,43,56,61,64,68,71,80,1,16,31,45,57,65,70,78,81,94,7,18,24,32,49,69,92,59,95,100,23,60,4,6,12,26,34,36,66,83
[ 33] Received message from  97: 1|0,3,8,19,38,43,56,61,64,68,71,80,1,16,31,45,57,65,70,78,81,94,7,18,24,32,49,69,92,59,95,100,23,44,97,99,30,33,35,36,75
[ 55] Received message from  57: 1|0,3,8,19,38,43,56,61,64,68,71,80,1,16,31,45,57,65,70,78,81,94,7,22,24,25,49,55,92
[ 93] Received message from  52: 1|0,3,8,19,38,43,56,61,64,68,71,80,1,16,31,45,57,65,70,78,81,94,7,18,24,32,49,69,92,10,20,41,15,25,27,39,40,58,62,13,52,55,77,84,37,93
[ 79] Received message from  98: 1|0,3,8,19,38,43,56,61,64,68,71,80,1,16,31,45,57,65,70,78,81,94,7,18,24,32,49,69,92,10,20,41,15,25,27,39,40,58,62,46,67,2,17,98,11,29,72,79,82,88
[ 53] Received message from  72: 1|0,3,8,19,38,43,56,61,64,68,71,80,1,16,31,45,57,65,70,78,81,94,7,18,24,32,49,69,92,10,20,41,15,25,27,39,40,58,62,46,67,2,17,98,11,29,72,79,82,88,47,48,53
[ 41] Received message from  49: 1|0,3,8,19,38,43,56,61,64,68,71,80,1,16,31,45,57,65,70,78,81,94,7,18,24,32,49,69,92,10,15,20,41,58,62
[ 95] Sent Broadcast: 1|0,3,8,19,38,43,56,61,64,68,71,80,1,16,31,45,57,65,70,78,81,94,7,18,24,32,49,69,92,59,95,100,23,44,97,99
[ 95] Received message from  69: 1|0,3,8,19,38,43,56,61,64,68,71,80,1,16,31,45,57,65,70,78,81,94,7,18,24,32,49,69,92,20,41,95,100
[ 32] Received message from  92: 1|0,3,8,19,38,43,56,61,64,68,71,80,1,16,31,45,57,65,70,78,81,94,7,22,55,92,18,20,24,32,41,49,69
[ 45] Received message from  64: 1|0,3,8,19,38,43,56,61,64,68,71,80,1,22,28,31,45,57,70,78,81,86,94
[ 80] Received message from   1: 1|0,3,8,19,38,43,56,61,64,68,71,80
[ 30] Received message from  53: 1|0,3,8,19,38,43,56,61,64,68,71,80,1,16,31,45,57,65,70,78,81,94,7,18,24,32,49,69,92,10,20,41,15,25,27,39,40,58,62,46,67,2,17,98,11,29,72,79,82,88,48,53,9,14,30,47,63,76,96
[ 14] Received message from  99: 1|0,3,8,19,38,43,56,61,64,68,71,80,1,16,31,45,57,65,70,78,81,94,7,18,24,32,49,69,92,59,95,100,23,44,97,99,14,30,33,35,36,75
[ 94] Received message from  61: 1|0,3,8,19,38,43,56,61,64,68,71,80,1,45,70,78,94
[ 72] Sent Broadcast: 1|0,3,8,19,38,43,56,61,64,68,71,80,1,16,31,45,57,65,70,78,81,94,7,18,24,32,49,69,92,10,20,41,15,25,27,39,40,58,62,46,67,2,17,98,11,29,72,79,82,88,47,48,53
[ 40] Sent Broadcast: 1|0,3,8,19,38,43,56,61,64,68,71,80,1,16,31,45,57,65,70,78,81,94,7,18,24,32,49,69,92,10,20,41,15,25,27,39,40,58,62,2,46,98
[ 10] Sent Broadcast: 1|0,3,8,19,38,43,56,61,64,68,71,80,1,16,31,45,57,65,70,78,81,94,7,18,24,32,49,69,92,10,20,41,15,25,27,39,40,58,62
[ 12] Received message from  26: 1|0,3,8,19,38,43,56,61,64,68,71,80,1,50,54,90,60,6,23,26,59,83,100,4,5,12,34,66
[ 96] Received message from  47: 1|0,3,8,19,38,43,56,61,64,68,71,80,1,16,31,45,57,65,70,78,81,94,7,18,24,32,49,69,92,10,20,41,15,25,27,39,40,58,62,46,67,2,17,98,11,29,72,79,82,88,48,53,47,9,63,76,96
[ 46] Received message from  39: 1|0,3,8,19,38,43,56,61,64,68,71,80,1,16,31,45,57,65,70,78,81,94,7,18,24,32,49,69,92,10,20,41,15,25,27,39,40,58,62,2,11,17,46,67,79,98
[ 77] Received message from  27: 1|0,3,8,19,38,43,56,61,64,68,71,80,1,16,31,45,57,65,70,78,81,94,7,18,24,32,49,69,92,10,20,41,15,25,27,39,40,58,62,13,52,55,77,84
[  4] Received message from  83: 1|0,3,8,19,38,43,56,61,64,68,71,80,1,50,54,90,60,6,23,26,59,83,100,4,5,12,34,66,85,89
[ 79] Received message from  67: 1|0,3,8,19,38,43,56,61,64,68,71,80,1,16,31,45,57,65,70,78,81,94,7,18,24,32,49,69,92,10,20,41,15,25,27,39,40,58,62,46,67,11,17,29,53,79,98
[ 82] Received message from   2: 1|0,3,8,19,38,43,56,61,64,68,71,80,1,16,31,45,57,65,70,78,81,94,7,18,24,32,49,69,92,10,20,41,15,25,27,39,40,58,62,46,67,2,17,98,11,29,72,79,82,88
[ 53] Received message from  14: 1|0,3,8,19,38,43,56,61,64,68,71,80,1,16,31,45,57,65,70,78,81,94,7,18,24,32,49,69,92,59,95,100,23,44,97,99,14,30,33,35,36,75,9,29,53,63,96
[ 74] Received message from  93: 1|3,8,19,38,43,56,61,64,68,71,80,1,16,31,45,57,65,70,78,81,94,7,22,25,55,86,92,51,93,13,37,42,52,73,74,77,84
[ 58] Received message from  25: 1|0,3,8,19,38,43,56,61,64,68,71,80,1,16,31,45,57,65,70,78,81,94,7,22,25,55,86,92,10,13,27,37,52,58,77,84,93
[ 78] Received message from  71: 1|0,3,8,19,38,43,56,61,64,68,71,80,1,45,78,94
[ 33] Received message from  44: 1|0,3,8,19,38,43,56,61,64,68,71,80,1,16,31,45,57,65,70,78,81,94,7,18,24,32,49,69,92,59,95,100,23,44,97,99,14,30,33,35,36,75
[ 53] Received message from  30: 1|0,3,8,19,38,43,56,61,64,68,71,80,1,16,31,45,57,65,70,78,81,94,7,18,24,32,49,69,92,59,95,100,23,44,97,99,14,30,33,35,36,75,9,53,96
[ 52] Received message from  55: 1|0,3,8,19,38,43,56,61,64,68,71,80,1,16,31,45,57,65,70,78,81,94,7,22,25,55,86,92,13,27,37,52,58,84,93
[100] Received message from  60: 1|0,3,8,19,38,43,56,61,64,68,71,80,1,50,54,90,60,6,23,26,59,83,100
[ 47] Sent Broadcast: 1|0,3,8,19,38,43,56,61,64,68,71,80,1,16,31,45,57,65,70,78,81,94,7,18,24,32,49,69,92,10,20,41,15,25,27,39,40,58,62,46,67,2,17,98,11,29,72,79,82,88,48,53,47,9,63,76,96
[ 52] Sent Broadcast: 1|0,3,8,19,38,43,56,61,64,68,71,80,1,16,31,45,57,65,70,78,81,94,7,18,24,32,49,69,92,10,20,41,15,25,27,39,40,58,62,13,52,55,77,84,37,93
[ 36] Received message from  66: 1|3,8,19,38,43,56,61,64,68,71,80,1,50,54,90,60,6,23,26,59,83,100,34,4,5,12,66,85,89,36,87
[ 85] Received message from  34: 1|0,3,8,19,38,43,56,61,64,68,71,80,1,50,54,90,60,6,23,26,59,83,100,34,4,5,12,66,85,89
[ 24] Received message from  81: 1|0,3,8,19,38,43,56,61,64,68,71,80,1,16,31,45,57,65,70,78,81,94,7,22,24,25,49,55,92
[ 53] Received message from  79: 1|0,3,8,19,38,43,56,61,64,68,71,80,1,16,31,45,57,65,70,78,81,94,7,18,24,32,49,69,92,10,20,41,15,25,27,39,40,58,62,46,67,2,17,98,11,29,72,79,82,88,48,53,96
[ 52] Received message from  58: 1|0,3,8,19,38,43,56,61,64,68,71,80,1,16,31,45,57,65,70,78,81,94,7,18,24,32,49,69,92,10,20,41,15,25,27,39,40,58,62,13,46,52,55,77,84
[ 57] Received message from  64: 1|0,3,8,19,38,43,56,61,64,68,71,80,1,22,28,31,45,57,70,78,81,86,94
[ 49] Received message from  70: 1|0,3,8,19,38,43,56,61,64,68,71,80,1,16,31,45,57,65,70,78,81,94,7,18,24,49,69,92
[ 79] Received message from  17: 1|0,3,8,19,38,43,56,61,64,68,71,80,1,16,31,45,57,65,70,78,81,94,7,18,24,32,49,69,92,10,20,41,15,25,27,39,40,58,62,46,67,2,17,98,11,29,53,72,79,82,88
[ 47] Received message from  82: 1|0,3,8,19,38,43,56,61,64,68,71,80,1,16,31,45,57,65,70,78,81,94,7,18,24,32,49,69,92,10,20,41,15,25,27,39,40,58,62,46,67,2,17,98,11,29,72,79,82,88,47,48,53,96
[ 55] Received message from  86: 1|0,3,8,19,38,43,56,61,64,68,71,80,1,21,28,51,86,22,31,42,55,93
[ 66] Received message from  23: 1|0,3,8,19,38,43,56,61,64,68,71,80,1,16,31,45,57,65,70,78,81,94,7,18,24,32,49,69,92,59,95,100,23,60,4,6,12,26,34,36,66,83
[ 45] Received message from  80: 1|0,3,8,19,38,43,56,61,64,68,71,80,1,45,70,78,94
[ 96] Received message from  29: 1|0,3,8,19,38,43,56,61,64,68,71,80,1,16,31,45,57,65,70,78,81,94,7,18,24,32,49,69,92,10,20,41,15,25,27,39,40,58,62,46,67,2,17,98,11,29,72,79,82,88,14,53,96
[ 61] Sent Broadcast: 1|0,3,8,19,38,43,56,61,64,68,71,80,1,45,70,78,94
[  1] Sent Broadcast: 1|0,3,8,19,38,43,56,61,64,68,71,80
[ 14] Received message from  33: 1|0,3,8,19,38,43,56,61,64,68,71,80,1,16,31,45,57,65,70,78,81,94,7,18,24,32,49,69,92,59,95,100,23,44,97,99,30,33,35,36,75,14,96
[ 18] Received message from  94: 1|0,3,8,19,38,43,56,61,64,68,71,80,1,16,31,45,57,65,70,78,81,94,7,18,69,92
[ 34] Received message from  26: 1|0,3,8,19,38,43,56,61,64,68,71,80,1,50,54,90,60,6,23,26,59,83,100,4,5,12,34,66
[ 44] Received message from  36: 1|0,3,8,19,38,43,56,61,64,68,71,80,1,16,31,45,57,65,70,78,81,94,7,18,24,32,49,69,92,59,95,100,23,60,4,6,12,26,34,36,66,83,44,75,87,97,99
[ 14] Received message from  96: 1|0,3,8,19,38,43,56,61,64,68,71,80,1,16,31,45,57,65,70,78,81,94,7,18,24,32,49,69,92,10,20,41,15,25,27,39,40,58,62,46,67,2,17,98,11,29,72,79,82,88,48,53,47,9,63,76,96,14,30,33,35
[ 47] Received message from  53: 1|0,3,8,19,38,43,56,61,64,68,71,80,1,16,31,45,57,65,70,78,81,94,7,18,24,32,49,69,92,10,20,41,15,25,27,39,40,58,62,46,67,2,17,98,11,29,72,79,82,88,48,53,9,14,30,47,63,76,96
[ 30] Received message from  99: 1|0,3,8,19,38,43,56,61,64,68,71,80,1,16,31,45,57,65,70,78,81,94,7,18,24,32,49,69,92,59,95,100,23,44,97,99,14,30,33,35,36,75
[ 82] Received message from  98: 1|0,3,8,19,38,43,56,61,64,68,71,80,1,16,31,45,57,65,70,78,81,94,7,18,24,32,49,69,92,10,20,41,15,25,27,39,40,58,62,46,67,2,17,98,11,29,72,79,82,88
[ 92] Received message from  57: 1|0,3,8,19,38,43,56,61,64,68,71,80,1,16,31,45,57,65,70,78,81,94,7,22,24,25,49,55,92
[ 69] Received message from  65: 1|0,3,8,19,38,43,56,61,64,68,71,80,1,16,31,45,57,65,70,78,81,94,7,18,20,24,32,49,69,92
[ 87] Received message from  66: 1|3,8,19,38,43,56,61,64,68,71,80,1,50,54,90,60,6,23,26,59,83,100,34,4,5,12,66,85,89,36,87
[ 58] Received message from  62: 1|0,3,8,19,38,43,56,61,64,68,71,80,1,16,31,45,57,65,70,78,81,94,7,18,24,32,49,69,92,10,20,41,15,62,67,27,39,40,46,58,98
[ 37] Received message from  77: 1|0,3,8,19,38,43,56,61,64,68,71,80,1,16,31,45,57,65,70,78,81,94,7,18,24,32,49,69,92,10,20,41,15,25,27,39,40,58,62,13,52,55,77,84,37,93
[100] Received message from  69: 1|0,3,8,19,38,43,56,61,64,68,71,80,1,16,31,45,57,65,70,78,81,94,7,18,24,32,49,69,92,20,41,95,100
[ 60] Sent Broadcast: 1|0,3,8,19,38,43,56,61,64,68,71,80,1,50,54,90,60,6,23,26,59,83,100
[ 41] Received message from  92: 1|0,3,8,19,38,43,56,61,64,68,71,80,1,16,31,45,57,65,70,78,81,94,7,22,55,92,18,20,24,32,41,49,69
[ 35] Received message from  97: 1|0,3,8,19,38,43,56,61,64,68,71,80,1,16,31,45,57,65,70,78,81,94,7,18,24,32,49,69,92,59,95,100,23,44,97,99,30,33,35,36,75
[ 67] Received message from  39: 1|0,3,8,19,38,43,56,61,64,68,71,80,1,16,31,45,57,65,70,78,81,94,7,18,24,32,49,69,92,10,20,41,15,25,27,39,40,58,62,2,11,17,46,67,79,98
[ 63] Received message from  14: 1|0,3,8,19,38,43,56,61,64,68,71,80,1,16,31,45,57,65,70,78,81,94,7,18,24,32,49,69,92,59,95,100,23,44,97,99,14,30,33,35,36,75,9,29,53,63,96
[ 84] Received message from  27: 1|0,3,8,19,38,43,56,61,64,68,71,80,1,16,31,45,57,65,70,78,81,94,7,18,24,32,49,69,92,10,20,41,15,25,27,39,40,58,62,13,52,55,77,84
[  5] Received message from  83: 1|0,3,8,19,38,43,56,61,64,68,71,80,1,50,54,90,60,6,23,26,59,83,100,4,5,12,34,66,85,89
[ 58] Received message from  49: 1|0,3,8,19,38,43,56,61,64,68,71,80,1,16,31,45,57,65,70,78,81,94,7,18,24,32,49,69,92,10,15,20,41,58,62
[ 82] Received message from  17: 1|0,3,8,19,38,43,56,61,64,68,71,80,1,16,31,45,57,65,70,78,81,94,7,18,24,32,49,69,92,10,20,41,15,25,27,39,40,58,62,46,67,2,17,98,11,29,53,72,79,82,88
[ 88] Received message from   2: 1|0,3,8,19,38,43,56,61,64,68,71,80,1,16,31,45,57,65,70,78,81,94,7,18,24,32,49,69,92,10,20,41,15,25,27,39,40,58,62,46,67,2,17,98,11,29,72,79,82,88
[ 94] Received message from  71: 1|0,3,8,19,38,43,56,61,64,68,71,80,1,45,78,94
[ 93] Received message from  86: 1|0,3,8,19,38,43,56,61,64,68,71,80,1,21,28,51,86,22,31,42,55,93
[ 49] Received message from  92: 1|0,3,8,19,38,43,56,61,64,68,71,80,1,16,31,45,57,65,70,78,81,94,7,22,55,92,18,20,24,32,41,49,69
[ 77] Received message from  93: 1|3,8,19,38,43,56,61,64,68,71,80,1,16,31,45,57,65,70,78,81,94,7,22,25,55,86,92,51,93,13,37,42,52,73,74,77,84
[ 98] Received message from  67: 1|0,3,8,19,38,43,56,61,64,68,71,80,1,16,31,45,57,65,70,78,81,94,7,18,24,32,49,69,92,10,20,41,15,25,27,39,40,58,62,46,67,11,17,29,53,79,98
[ 14] Received message from  35: 1|0,3,8,19,38,43,56,61,64,68,71,80,1,16,31,45,57,65,70,78,81,94,7,18,24,32,49,69,92,59,95,100,23,44,97,99,30,33,35,36,75,14,96
[ 70] Received message from  64: 1|0,3,8,19,38,43,56,61,64,68,71,80,1,22,28,31,45,57,70,78,81,86,94
[ 69] Received message from  70: 1|0,3,8,19,38,43,56,61,64,68,71,80,1,16,31,45,57,65,70,78,81,94,7,18,24,49,69,92
[ 77] Received message from  25: 1|0,3,8,19,38,43,56,61,64,68,71,80,1,16,31,45,57,65,70,78,81,94,7,22,25,55,86,92,10,13,27,37,52,58,77,84,93
[ 27] Sent Broadcast: 1|0,3,8,19,38,43,56,61,64,68,71,80,1,16,31,45,57,65,70,78,81,94,7,18,24,32,49,69,92,10,20,41,15,25,27,39,40,58,62,13,52,55,77,84
[ 35] Received message from  44: 1|0,3,8,19,38,43,56,61,64,68,71,80,1,16,31,45,57,65,70,78,81,94,7,18,24,32,49,69,92,59,95,100,23,44,97,99,14,30,33,35,36,75
[ 29] Sent Broadcast: 1|0,3,8,19,38,43,56,61,64,68,71,80,1,16,31,45,57,65,70,78,81,94,7,18,24,32,49,69,92,10,20,41,15,25,27,39,40,58,62,46,67,2,17,98,11,29,72,79,82,88,14,53,96
[ 55] Received message from  58: 1|0,3,8,19,38,43,56,61,64,68,71,80,1,16,31,45,57,65,70,78,81,94,7,18,24,32,49,69,92,10,20,41,15,25,27,39,40,58,62,13,46,52,55,77,84
[ 89] Received message from  34: 1|0,3,8,19,38,43,56,61,64,68,71,80,1,50,54,90,60,6,23,26,59,83,100,34,4,5,12,66,85,89
[ 58] Received message from  55: 1|0,3,8,19,38,43,56,61,64,68,71,80,1,16,31,45,57,65,70,78,81,94,7,22,25,55,86,92,13,27,37,52,58,84,93
[ 48] Received message from  82: 1|0,3,8,19,38,43,56,61,64,68,71,80,1,16,31,45,57,65,70,78,81,94,7,18,24,32,49,69,92,10,20,41,15,25,27,39,40,58,62,46,67,2,17,98,11,29,72,79,82,88,47,48,53,96
[ 25] Received message from  81: 1|0,3,8,19,38,43,56,61,64,68,71,80,1,16,31,45,57,65,70,78,81,94,7,22,24,25,49,55,92
[ 37] Received message from  84: 1|0,3,8,19,38,43,56,61,64,68,71,80,1,16,31,45,57,65,70,78,81,94,7,18,24,32,49,69,92,10,20,41,15,25,27,39,40,58,62,13,52,55,77,84,37,93
[ 57] Sent Broadcast: 1|0,3,8,19,38,43,56,61,64,68,71,80,1,16,31,45,57,65,70,78,81,94,7,22,24,25,49,55,92
[ 66] Sent Broadcast: 1|3,8,19,38,43,56,61,64,68,71,80,1,50,54,90,60,6,23,26,59,83,100,34,4,5,12,66,85,89,36,87
[ 69] Sent Broadcast: 1|0,3,8,19,38,43,56,61,64,68,71,80,1,16,31,45,57,65,70,78,81,94,7,18,24,32,49,69,92,20,41,95,100
[ 71] Sent Broadcast: 1|0,3,8,19,38,43,56,61,64,68,71,80,1,45,78,94
[  2] Sent Broadcast: 1|0,3,8,19,38,43,56,61,64,68,71,80,1,16,31,45,57,65,70,78,81,94,7,18,24,32,49,69,92,10,20,41,15,25,27,39,40,58,62,46,67,2,17,98,11,29,72,79,82,88
[ 86] Sent Broadcast: 1|0,3,8,19,38,43,56,61,64,68,71,80,1,21,28,51,86,22,31,42,55,93
[ 67] Sent Broadcast: 1|0,3,8,19,38,43,56,61,64,68,71,80,1,16,31,45,57,65,70,78,81,94,7,18,24,32,49,69,92,10,20,41,15,25,27,39,40,58,62,46,67,11,17,29,53,79,98
[ 69] Received message from  94: 1|0,3,8,19,38,43,56,61,64,68,71,80,1,16,31,45,57,65,70,78,81,94,7,18,69,92
[ 34] Sent Broadcast: 1|0,3,8,19,38,43,56,61,64,68,71,80,1,50,54,90,60,6,23,26,59,83,100,34,4,5,12,66,85,89
[ 48] Received message from  88: 1|0,3,8,19,38,43,56,61,64,68,71,80,1,16,31,45,57,65,70,78,81,94,7,18,24,32,49,69,92,10,20,41,15,25,27,39,40,58,62,46,67,2,17,98,11,29,72,79,82,88,48,53
[ 75] Received message from  36: 1|0,3,8,19,38,43,56,61,64,68,71,80,1,16,31,45,57,65,70,78,81,94,7,18,24,32,49,69,92,59,95,100,23,60,4,6,12,26,34,36,66,83,44,75,87,97,99
[ 66] Received message from  26: 1|0,3,8,19,38,43,56,61,64,68,71,80,1,50,54,90,60,6,23,26,59,83,100,4,5,12,34,66
[ 78] Received message from  64: 1|0,3,8,19,38,43,56,61,64,68,71,80,1,22,28,31,45,57,70,78,81,86,94
[ 70] Received message from  80: 1|0,3,8,19,38,43,56,61,64,68,71,80,1,45,70,78,94
[ 83] Received message from  23: 1|0,3,8,19,38,43,56,61,64,68,71,80,1,16,31,45,57,65,70,78,81,94,7,18,24,32,49,69,92,59,95,100,23,60,4,6,12,26,34,36,66,83
[ 33] Received message from  99: 1|0,3,8,19,38,43,56,61,64,68,71,80,1,16,31,45,57,65,70,78,81,94,7,18,24,32,49,69,92,59,95,100,23,44,97,99,14,30,33,35,36,75
[ 92] Received message from  65: 1|0,3,8,19,38,43,56,61,64,68,71,80,1,16,31,45,57,65,70,78,81,94,7,18,20,24,32,49,69,92
[ 77] Received message from  58: 1|0,3,8,19,38,43,56,61,64,68,71,80,1,16,31,45,57,65,70,78,81,94,7,18,24,32,49,69,92,10,20,41,15,25,27,39,40,58,62,13,46,52,55,77,84
[ 53] Received message from  82: 1|0,3,8,19,38,43,56,61,64,68,71,80,1,16,31,45,57,65,70,78,81,94,7,18,24,32,49,69,92,10,20,41,15,25,27,39,40,58,62,46,67,2,17,98,11,29,72,79,82,88,47,48,53,96
[ 49] Received message from  81: 1|0,3,8,19,38,43,56,61,64,68,71,80,1,16,31,45,57,65,70,78,81,94,7,22,24,25,49,55,92
[ 96] Received message from  30: 1|0,3,8,19,38,43,56,61,64,68,71,80,1,16,31,45,57,65,70,78,81,94,7,18,24,32,49,69,92,59,95,100,23,44,97,99,14,30,33,35,36,75,9,53,96
[ 93] Received message from  77: 1|0,3,8,19,38,43,56,61,64,68,71,80,1,16,31,45,57,65,70,78,81,94,7,18,24,32,49,69,92,10,20,41,15,25,27,39,40,58,62,13,52,55,77,84,37,93
[ 36] Received message from  97: 1|0,3,8,19,38,43,56,61,64,68,71,80,1,16,31,45,57,65,70,78,81,94,7,18,24,32,49,69,92,59,95,100,23,44,97,99,30,33,35,36,75
[ 96] Received message from  79: 1|0,3,8,19,38,43,56,61,64,68,71,80,1,16,31,45,57,65,70,78,81,94,7,18,24,32,49,69,92,10,20,41,15,25,27,39,40,58,62,46,67,2,17,98,11,29,72,79,82,88,48,53,96
[ 96] Received message from  33: 1|0,3,8,19,38,43,56,61,64,68,71,80,1,16,31,45,57,65,70,78,81,94,7,18,24,32,49,69,92,59,95,100,23,44,97,99,30,33,35,36,75,14,96
[ 30] Received message from  96: 1|0,3,8,19,38,43,56,61,64,68,71,80,1,16,31,45,57,65,70,78,81,94,7,18,24,32,49,69,92,10,20,41,15,25,27,39,40,58,62,46,67,2,17,98,11,29,72,79,82,88,48,53,47,9,63,76,96,14,30,33,35
[ 79] Received message from  39: 1|0,3,8,19,38,43,56,61,64,68,71,80,1,16,31,45,57,65,70,78,81,94,7,18,24,32,49,69,92,10,20,41,15,25,27,39,40,58,62,2,11,17,46,67,79,98
[ 87] Received message from  36: 1|0,3,8,19,38,43,56,61,64,68,71,80,1,16,31,45,57,65,70,78,81,94,7,18,24,32,49,69,92,59,95,100,23,60,4,6,12,26,34,36,66,83,44,75,87,97,99
[ 88] Received message from  98: 1|0,3,8,19,38,43,56,61,64,68,71,80,1,16,31,45,57,65,70,78,81,94,7,18,24,32,49,69,92,10,20,41,15,25,27,39,40,58,62,46,67,2,17,98,11,29,72,79,82,88
[ 62] Received message from  49: 1|0,3,8,19,38,43,56,61,64,68,71,80,1,16,31,45,57,65,70,78,81,94,7,18,24,32,49,69,92,10,15,20,41,58,62
[ 98] Received message from  62: 1|0,3,8,19,38,43,56,61,64,68,71,80,1,16,31,45,57,65,70,78,81,94,7,18,24,32,49,69,92,10,20,41,15,62,67,27,39,40,46,58,98
[ 12] Received message from  83: 1|0,3,8,19,38,43,56,61,64,68,71,80,1,50,54,90,60,6,23,26,59,83,100,4,5,12,34,66,85,89
[ 63] Received message from  53: 1|0,3,8,19,38,43,56,61,64,68,71,80,1,16,31,45,57,65,70,78,81,94,7,18,24,32,49,69,92,10,20,41,15,25,27,39,40,58,62,46,67,2,17,98,11,29,72,79,82,88,48,53,9,14,30,47,63,76,96
[ 65] Sent Broadcast: 1|0,3,8,19,38,43,56,61,64,68,71,80,1,16,31,45,57,65,70,78,81,94,7,18,20,24,32,49,69,92
[ 26] Sent Broadcast: 1|0,3,8,19,38,43,56,61,64,68,71,80,1,50,54,90,60,6,23,26,59,83,100,4,5,12,34,66
[ 36] Received message from  44: 1|0,3,8,19,38,43,56,61,64,68,71,80,1,16,31,45,57,65,70,78,81,94,7,18,24,32,49,69,92,59,95,100,23,44,97,99,14,30,33,35,36,75
[ 23] Sent Broadcast: 1|0,3,8,19,38,43,56,61,64,68,71,80,1,16,31,45,57,65,70,78,81,94,7,18,24,32,49,69,92,59,95,100,23,60,4,6,12,26,34,36,66,83
[ 69] Received message from  92: 1|0,3,8,19,38,43,56,61,64,68,71,80,1,16,31,45,57,65,70,78,81,94,7,22,55,92,18,20,24,32,41,49,69
[ 92] Sent Broadcast: 1|0,3,8,19,38,43,56,61,64,68,71,80,1,16,31,45,57,65,70,78,81,94,7,22,55,92,18,20,24,32,41,49,69
[ 84] Received message from  93: 1|3,8,19,38,43,56,61,64,68,71,80,1,16,31,45,57,65,70,78,81,94,7,22,25,55,86,92,51,93,13,37,42,52,73,74,77,84
[ 77] Sent Broadcast: 1|0,3,8,19,38,43,56,61,64,68,71,80,1,16,31,45,57,65,70,78,81,94,7,18,24,32,49,69,92,10,20,41,15,25,27,39,40,58,62,13,52,55,77,84,37,93
[ 93] Sent Broadcast: 1|3,8,19,38,43,56,61,64,68,71,80,1,16,31,45,57,65,70,78,81,94,7,22,25,55,86,92,51,93,13,37,42,52,73,74,77,84
[ 84] Received message from  55: 1|0,3,8,19,38,43,56,61,64,68,71,80,1,16,31,45,57,65,70,78,81,94,7,22,25,55,86,92,13,27,37,52,58,84,93
[ 30] Sent Broadcast: 1|0,3,8,19,38,43,56,61,64,68,71,80,1,16,31,45,57,65,70,78,81,94,7,18,24,32,49,69,92,59,95,100,23,44,97,99,14,30,33,35,36,75,9,53,96
[ 33] Sent Broadcast: 1|0,3,8,19,38,43,56,61,64,68,71,80,1,16,31,45,57,65,70,78,81,94,7,18,24,32,49,69,92,59,95,100,23,44,97,99,30,33,35,36,75,14,96
[ 81] Received message from  64: 1|0,3,8,19,38,43,56,61,64,68,71,80,1,22,28,31,45,57,70,78,81,86,94
[ 79] Sent Broadcast: 1|0,3,8,19,38,43,56,61,64,68,71,80,1,16,31,45,57,65,70,78,81,94,7,18,24,32,49,69,92,10,20,41,15,25,27,39,40,58,62,46,67,2,17,98,11,29,72,79,82,88,48,53,96
[ 93] Received message from  84: 1|0,3,8,19,38,43,56,61,64,68,71,80,1,16,31,45,57,65,70,78,81,94,7,18,24,32,49,69,92,10,20,41,15,25,27,39,40,58,62,13,52,55,77,84,37,93
[ 14] Received message from  75: 1|0,3,8,19,38,43,56,61,64,68,71,80,1,16,31,45,57,65,70,78,81,94,7,18,24,32,49,69,92,59,95,100,23,60,4,6,12,26,34,36,66,83,44,75,87,97,99,14,30,33,35
[ 92] Received message from  70: 1|0,3,8,19,38,43,56,61,64,68,71,80,1,16,31,45,57,65,70,78,81,94,7,18,24,49,69,92
[ 53] Received message from  88: 1|0,3,8,19,38,43,56,61,64,68,71,80,1,16,31,45,57,65,70,78,81,94,7,18,24,32,49,69,92,10,20,41,15,25,27,39,40,58,62,46,67,2,17,98,11,29,72,79,82,88,48,53
[ 92] Received message from  94: 1|0,3,8,19,38,43,56,61,64,68,71,80,1,16,31,45,57,65,70,78,81,94,7,18,69,92
[ 35] Received message from  99: 1|0,3,8,19,38,43,56,61,64,68,71,80,1,16,31,45,57,65,70,78,81,94,7,18,24,32,49,69,92,59,95,100,23,44,97,99,14,30,33,35,36,75
[ 96] Received message from  14: 1|0,3,8,19,38,43,56,61,64,68,71,80,1,16,31,45,57,65,70,78,81,94,7,18,24,32,49,69,92,59,95,100,23,44,97,99,14,30,33,35,36,75,9,29,53,63,96
[ 96] Received message from  35: 1|0,3,8,19,38,43,56,61,64,68,71,80,1,16,31,45,57,65,70,78,81,94,7,18,24,32,49,69,92,59,95,100,23,44,97,99,30,33,35,36,75,14,96
[ 98] Sent Broadcast: 1|0,3,8,19,38,43,56,61,64,68,71,80,1,16,31,45,57,65,70,78,81,94,7,18,24,32,49,69,92,10,20,41,15,25,27,39,40,58,62,46,67,2,17,98,11,29,72,79,82,88
[ 49] Sent Broadcast: 1|0,3,8,19,38,43,56,61,64,68,71,80,1,16,31,45,57,65,70,78,81,94,7,18,24,32,49,69,92,10,15,20,41,58,62
[ 62] Sent Broadcast: 1|0,3,8,19,38,43,56,61,64,68,71,80,1,16,31,45,57,65,70,78,81,94,7,18,24,32,49,69,92,10,20,41,15,62,67,27,39,40,46,58,98
[ 84] Sent Broadcast: 1|0,3,8,19,38,43,56,61,64,68,71,80,1,16,31,45,57,65,70,78,81,94,7,18,24,32,49,69,92,10,20,41,15,25,27,39,40,58,62,13,52,55,77,84,37,93
[ 33] Received message from  96: 1|0,3,8,19,38,43,56,61,64,68,71,80,1,16,31,45,57,65,70,78,81,94,7,18,24,32,49,69,92,10,20,41,15,25,27,39,40,58,62,46,67,2,17,98,11,29,72,79,82,88,48,53,47,9,63,76,96,14,30,33,35
[ 93] Received message from  55: 1|0,3,8,19,38,43,56,61,64,68,71,80,1,16,31,45,57,65,70,78,81,94,7,22,25,55,86,92,13,27,37,52,58,84,93
[ 70] Sent Broadcast: 1|0,3,8,19,38,43,56,61,64,68,71,80,1,16,31,45,57,65,70,78,81,94,7,18,24,49,69,92
[ 88] Sent Broadcast: 1|0,3,8,19,38,43,56,61,64,68,71,80,1,16,31,45,57,65,70,78,81,94,7,18,24,32,49,69,92,10,20,41,15,25,27,39,40,58,62,46,67,2,17,98,11,29,72,79,82,88,48,53
[ 75] Received message from  97: 1|0,3,8,19,38,43,56,61,64,68,71,80,1,16,31,45,57,65,70,78,81,94,7,18,24,32,49,69,92,59,95,100,23,44,97,99,30,33,35,36,75
[ 96] Received message from  82: 1|0,3,8,19,38,43,56,61,64,68,71,80,1,16,31,45,57,65,70,78,81,94,7,18,24,32,49,69,92,10,20,41,15,25,27,39,40,58,62,46,67,2,17,98,11,29,72,79,82,88,47,48,53,96
[ 98] Received message from  39: 1|0,3,8,19,38,43,56,61,64,68,71,80,1,16,31,45,57,65,70,78,81,94,7,18,24,32,49,69,92,10,20,41,15,25,27,39,40,58,62,2,11,17,46,67,79,98
[ 78] Received message from  80: 1|0,3,8,19,38,43,56,61,64,68,71,80,1,45,70,78,94
[ 34] Received message from  83: 1|0,3,8,19,38,43,56,61,64,68,71,80,1,50,54,90,60,6,23,26,59,83,100,4,5,12,34,66,85,89
[ 55] Sent Broadcast: 1|0,3,8,19,38,43,56,61,64,68,71,80,1,16,31,45,57,65,70,78,81,94,7,22,25,55,86,92,13,27,37,52,58,84,93
[ 94] Sent Broadcast: 1|0,3,8,19,38,43,56,61,64,68,71,80,1,16,31,45,57,65,70,78,81,94,7,18,69,92
[ 97] Sent Broadcast: 1|0,3,8,19,38,43,56,61,64,68,71,80,1,16,31,45,57,65,70,78,81,94,7,18,24,32,49,69,92,59,95,100,23,44,97,99,30,33,35,36,75
[ 14] Sent Broadcast: 1|0,3,8,19,38,43,56,61,64,68,71,80,1,16,31,45,57,65,70,78,81,94,7,18,24,32,49,69,92,59,95,100,23,44,97,99,14,30,33,35,36,75,9,29,53,63,96
[ 55] Received message from  81: 1|0,3,8,19,38,43,56,61,64,68,71,80,1,16,31,45,57,65,70,78,81,94,7,22,24,25,49,55,92
[ 35] Sent Broadcast: 1|0,3,8,19,38,43,56,61,64,68,71,80,1,16,31,45,57,65,70,78,81,94,7,18,24,32,49,69,92,59,95,100,23,44,97,99,30,33,35,36,75,14,96
[ 82] Sent Broadcast: 1|0,3,8,19,38,43,56,61,64,68,71,80,1,16,31,45,57,65,70,78,81,94,7,18,24,32,49,69,92,10,20,41,15,25,27,39,40,58,62,46,67,2,17,98,11,29,72,79,82,88,47,48,53,96
[ 39] Sent Broadcast: 1|0,3,8,19,38,43,56,61,64,68,71,80,1,16,31,45,57,65,70,78,81,94,7,18,24,32,49,69,92,10,20,41,15,25,27,39,40,58,62,2,11,17,46,67,79,98
[ 97] Received message from  36: 1|0,3,8,19,38,43,56,61,64,68,71,80,1,16,31,45,57,65,70,78,81,94,7,18,24,32,49,69,92,59,95,100,23,60,4,6,12,26,34,36,66,83,44,75,87,97,99
[ 88] Received message from  17: 1|0,3,8,19,38,43,56,61,64,68,71,80,1,16,31,45,57,65,70,78,81,94,7,18,24,32,49,69,92,10,20,41,15,25,27,39,40,58,62,46,67,2,17,98,11,29,53,72,79,82,88
[ 76] Received message from  53: 1|0,3,8,19,38,43,56,61,64,68,71,80,1,16,31,45,57,65,70,78,81,94,7,18,24,32,49,69,92,10,20,41,15,25,27,39,40,58,62,46,67,2,17,98,11,29,72,79,82,88,48,53,9,14,30,47,63,76,96
[ 86] Received message from  64: 1|0,3,8,19,38,43,56,61,64,68,71,80,1,22,28,31,45,57,70,78,81,86,94
[ 17] Sent Broadcast: 1|0,3,8,19,38,43,56,61,64,68,71,80,1,16,31,45,57,65,70,78,81,94,7,18,24,32,49,69,92,10,20,41,15,25,27,39,40,58,62,46,67,2,17,98,11,29,53,72,79,82,88
[ 75] Received message from  44: 1|0,3,8,19,38,43,56,61,64,68,71,80,1,16,31,45,57,65,70,78,81,94,7,18,24,32,49,69,92,59,95,100,23,44,97,99,14,30,33,35,36,75
[ 92] Received message from  81: 1|0,3,8,19,38,43,56,61,64,68,71,80,1,16,31,45,57,65,70,78,81,94,7,22,24,25,49,55,92
[ 81] Sent Broadcast: 1|0,3,8,19,38,43,56,61,64,68,71,80,1,16,31,45,57,65,70,78,81,94,7,22,24,25,49,55,92
[ 44] Sent Broadcast: 1|0,3,8,19,38,43,56,61,64,68,71,80,1,16,31,45,57,65,70,78,81,94,7,18,24,32,49,69,92,59,95,100,23,44,97,99,14,30,33,35,36,75
[ 84] Received message from  25: 1|0,3,8,19,38,43,56,61,64,68,71,80,1,16,31,45,57,65,70,78,81,94,7,22,25,55,86,92,10,13,27,37,52,58,77,84,93
[ 99] Received message from  36: 1|0,3,8,19,38,43,56,61,64,68,71,80,1,16,31,45,57,65,70,78,81,94,7,18,24,32,49,69,92,59,95,100,23,60,4,6,12,26,34,36,66,83,44,75,87,97,99
[ 36] Sent Broadcast: 1|0,3,8,19,38,43,56,61,64,68,71,80,1,16,31,45,57,65,70,78,81,94,7,18,24,32,49,69,92,59,95,100,23,60,4,6,12,26,34,36,66,83,44,75,87,97,99
[ 30] Received message from  75: 1|0,3,8,19,38,43,56,61,64,68,71,80,1,16,31,45,57,65,70,78,81,94,7,18,24,32,49,69,92,59,95,100,23,60,4,6,12,26,34,36,66,83,44,75,87,97,99,14,30,33,35
[ 35] Received message from  96: 1|0,3,8,19,38,43,56,61,64,68,71,80,1,16,31,45,57,65,70,78,81,94,7,18,24,32,49,69,92,10,20,41,15,25,27,39,40,58,62,46,67,2,17,98,11,29,72,79,82,88,48,53,47,9,63,76,96,14,30,33,35
[ 84] Received message from  58: 1|0,3,8,19,38,43,56,61,64,68,71,80,1,16,31,45,57,65,70,78,81,94,7,18,24,32,49,69,92,10,20,41,15,25,27,39,40,58,62,13,46,52,55,77,84
[ 66] Received message from  83: 1|0,3,8,19,38,43,56,61,64,68,71,80,1,50,54,90,60,6,23,26,59,83,100,4,5,12,34,66,85,89
[ 36] Received message from  99: 1|0,3,8,19,38,43,56,61,64,68,71,80,1,16,31,45,57,65,70,78,81,94,7,18,24,32,49,69,92,59,95,100,23,44,97,99,14,30,33,35,36,75
[ 94] Received message from  80: 1|0,3,8,19,38,43,56,61,64,68,71,80,1,45,70,78,94
[ 96] Sent Broadcast: 1|0,3,8,19,38,43,56,61,64,68,71,80,1,16,31,45,57,65,70,78,81,94,7,18,24,32,49,69,92,10,20,41,15,25,27,39,40,58,62,46,67,2,17,98,11,29,72,79,82,88,48,53,47,9,63,76,96,14,30,33,35
[ 58] Sent Broadcast: 1|0,3,8,19,38,43,56,61,64,68,71,80,1,16,31,45,57,65,70,78,81,94,7,18,24,32,49,69,92,10,20,41,15,25,27,39,40,58,62,13,46,52,55,77,84
[ 96] Received message from  53: 1|0,3,8,19,38,43,56,61,64,68,71,80,1,16,31,45,57,65,70,78,81,94,7,18,24,32,49,69,92,10,20,41,15,25,27,39,40,58,62,46,67,2,17,98,11,29,72,79,82,88,48,53,9,14,30,47,63,76,96
[ 94] Received message from  64: 1|0,3,8,19,38,43,56,61,64,68,71,80,1,22,28,31,45,57,70,78,81,86,94
[ 75] Received message from  99: 1|0,3,8,19,38,43,56,61,64,68,71,80,1,16,31,45,57,65,70,78,81,94,7,18,24,32,49,69,92,59,95,100,23,44,97,99,14,30,33,35,36,75
[ 53] Sent Broadcast: 1|0,3,8,19,38,43,56,61,64,68,71,80,1,16,31,45,57,65,70,78,81,94,7,18,24,32,49,69,92,10,20,41,15,25,27,39,40,58,62,46,67,2,17,98,11,29,72,79,82,88,48,53,9,14,30,47,63,76,96
[ 33] Received message from  75: 1|0,3,8,19,38,43,56,61,64,68,71,80,1,16,31,45,57,65,70,78,81,94,7,18,24,32,49,69,92,59,95,100,23,60,4,6,12,26,34,36,66,83,44,75,87,97,99,14,30,33,35
[ 80] Sent Broadcast: 1|0,3,8,19,38,43,56,61,64,68,71,80,1,45,70,78,94
[ 64] Sent Broadcast: 1|0,3,8,19,38,43,56,61,64,68,71,80,1,22,28,31,45,57,70,78,81,86,94
[ 99] Sent Broadcast: 1|0,3,8,19,38,43,56,61,64,68,71,80,1,16,31,45,57,65,70,78,81,94,7,18,24,32,49,69,92,59,95,100,23,44,97,99,14,30,33,35,36,75
[ 93] Received message from  25: 1|0,3,8,19,38,43,56,61,64,68,71,80,1,16,31,45,57,65,70,78,81,94,7,22,25,55,86,92,10,13,27,37,52,58,77,84,93
[ 85] Received message from  83: 1|0,3,8,19,38,43,56,61,64,68,71,80,1,50,54,90,60,6,23,26,59,83,100,4,5,12,34,66,85,89
[ 25] Sent Broadcast: 1|0,3,8,19,38,43,56,61,64,68,71,80,1,16,31,45,57,65,70,78,81,94,7,22,25,55,86,92,10,13,27,37,52,58,77,84,93
[ 89] Received message from  83: 1|0,3,8,19,38,43,56,61,64,68,71,80,1,50,54,90,60,6,23,26,59,83,100,4,5,12,34,66,85,89
[ 35] Received message from  75: 1|0,3,8,19,38,43,56,61,64,68,71,80,1,16,31,45,57,65,70,78,81,94,7,18,24,32,49,69,92,59,95,100,23,60,4,6,12,26,34,36,66,83,44,75,87,97,99,14,30,33,35
[ 83] Sent Broadcast: 1|0,3,8,19,38,43,56,61,64,68,71,80,1,50,54,90,60,6,23,26,59,83,100,4,5,12,34,66,85,89
[ 75] Sent Broadcast: 1|0,3,8,19,38,43,56,61,64,68,71,80,1,16,31,45,57,65,70,78,81,94,7,18,24,32,49,69,92,59,95,100,23,60,4,6,12,26,34,36,66,83,44,75,87,97,99,14,30,33,35
