[ 48] Received message from   1: 1|0,48,123,182
[  2] Received message from  48: 1|0,48,123,182,1,2,136,149,161
[123] Received message from   1: 1|0,48,123,182
[136] Received message from  48: 1|0,48,123,182,1,2,136,149,161
[ 43] Received message from 123: 1|0,48,123,182,1,43
[182] Received message from   1: 1|0,48,123,182
[149] Received message from  48: 1|0,48,123,182,1,2,136,149,161
[123] Sent Broadcast: 1|0,48,123,182,1,43
[  3] Received message from   2: 1|0,48,123,182,1,2,136,149,161,3,16
[  1] Sent Broadcast: 1|0,48,123,182
[  3] Received message from 136: 1|0,48,123,182,1,2,136,149,161,3,8,16
[  8] Received message from   3: 1|0,48,123,182,1,2,136,149,161,3,16,8,29,50
[ 69] Received message from   8: 1|0,48,123,182,1,2,136,149,161,3,16,8,29,50,69
[  8] Sent Broadcast: 1|0,48,123,182,1,2,136,149,161,3,16,8,29,50,69
[ 16] Received message from   2: 1|0,48,123,182,1,2,136,149,161,3,16
[ 38] Received message from  43: 1|0,48,123,182,1,43,38,50,187
[  8] Received message from 136: 1|0,48,123,182,1,2,136,149,161,3,8,16
[ 29] Received message from   3: 1|0,48,123,182,1,2,136,149,161,3,16,8,29,50
[ 38] Received message from 182: 1|0,48,123,182,1,38,43,50,187
[  8] Received message from  16: 1|0,48,123,182,1,2,136,149,161,3,16,8,29,69
[161] Received message from  48: 1|0,48,123,182,1,2,136,149,161
[  2] Sent Broadcast: 1|0,48,123,182,1,2,136,149,161,3,16
[ 49] Received message from 149: 1|0,48,123,182,1,2,136,149,161,49
[ 48] Sent Broadcast: 1|0,48,123,182,1,2,136,149,161
[ 69] Received message from  29: 1|0,48,123,182,1,2,136,149,161,3,16,8,29,50,69
[ 29] Sent Broadcast: 1|0,48,123,182,1,2,136,149,161,3,16,8,29,50,69
[ 50] Received message from  43: 1|0,48,123,182,1,43,38,50,187
[ 50] Received message from   3: 1|0,48,123,182,1,2,136,149,161,3,16,8,29,50
[ 16] Received message from 136: 1|0,48,123,182,1,2,136,149,161,3,8,16
[  3] Received message from 161: 1|0,48,123,182,1,2,136,149,161,3,8,16
[149] Sent Broadcast: 1|0,48,123,182,1,2,136,149,161,49
[136] Sent Broadcast: 1|0,48,123,182,1,2,136,149,161,3,8,16
[  3] Sent Broadcast: 1|0,48,123,182,1,2,136,149,161,3,16,8,29,50
[  3] Received message from  50: 1|0,48,123,182,1,43,38,50,187,3
[ 29] Received message from  16: 1|0,48,123,182,1,2,136,149,161,3,16,8,29,69
[  8] Received message from 161: 1|0,48,123,182,1,2,136,149,161,3,8,16
[ 43] Received message from 182: 1|0,48,123,182,1,38,43,50,187
[187] Received message from  43: 1|0,48,123,182,1,43,38,50,187
[ 50] Sent Broadcast: 1|0,48,123,182,1,43,38,50,187,3
[ 43] Sent Broadcast: 1|0,48,123,182,1,43,38,50,187
[ 50] Received message from 182: 1|0,48,123,182,1,38,43,50,187
[ 16] Received message from 161: 1|0,48,123,182,1,2,136,149,161,3,8,16
[ 69] Received message from  16: 1|0,48,123,182,1,2,136,149,161,3,16,8,29,69
[161] Sent Broadcast: 1|0,48,123,182,1,2,136,149,161,3,8,16
[ 16] Sent Broadcast: 1|0,48,123,182,1,2,136,149,161,3,16,8,29,69
[187] Received message from 182: 1|0,48,123,182,1,38,43,50,187
[182] Sent Broadcast: 1|0,48,123,182,1,38,43,50,187
[ 52] Received message from   4: 4|0,52,72,144,177
[100] Received message from  52: 4|0,52,72,144,177,4,100,108,193
[ 72] Received message from   4: 4|0,52,72,144,177
[108] Received message from  52: 4|0,52,72,144,177,4,100,108,193
[144] Received message from   4: 4|0,52,72,144,177
[113] Received message from 100: 4|0,52,72,144,177,4,100,108,193,113,168
[193] Received message from  52: 4|0,52,72,144,177,4,100,108,193
[ 52] Sent Broadcast: 4|0,52,72,144,177,4,100,108,193
[177] Received message from   4: 4|0,52,72,144,177
[  4] Sent Broadcast: 4|0,52,72,144,177
[168] Received message from 100: 4|0,52,72,144,177,4,100,108,193,113,168
[108] Received message from 144: 4|0,52,72,144,177,4,108,114,193
[113] Received message from 108: 4|0,52,72,144,177,4,100,108,193,113,168
[ 14] Received message from 113: 4|0,52,72,144,177,4,100,108,193,113,168,14,162
[100] Sent Broadcast: 4|0,52,72,144,177,4,100,108,193,113,168
[168] Received message from 108: 4|0,52,72,144,177,4,100,108,193,113,168
[162] Received message from 113: 4|0,52,72,144,177,4,100,108,193,113,168,14,162
[114] Received message from  72: 4|0,52,72,144,177,4,114
[108] Sent Broadcast: 4|0,52,72,144,177,4,100,108,193,113,168
[113] Sent Broadcast: 4|0,52,72,144,177,4,100,108,193,113,168,14,162
[ 21] Received message from  14: 4|0,52,72,144,177,4,100,108,193,113,168,14,162,21,102
[ 72] Sent Broadcast: 4|0,52,72,144,177,4,114
[ 14] Received message from 168: 4|0,52,72,144,177,4,100,108,193,113,168,14,162
[114] Received message from 144: 4|0,52,72,144,177,4,108,114,193
[114] Received message from 177: 4|0,52,72,144,177,4,114
[177] Sent Broadcast: 4|0,52,72,144,177,4,114
[ 11] Received message from  21: 4|0,52,72,144,177,4,100,108,193,113,168,14,162,21,102,11
[ 21] Sent Broadcast: 4|0,52,72,144,177,4,100,108,193,113,168,14,162,21,102,11
[162] Received message from 168: 4|0,52,72,144,177,4,100,108,193,113,168,14,162
[193] Received message from 144: 4|0,52,72,144,177,4,108,114,193
[ 57] Received message from 193: 4|0,52,72,144,177,4,100,108,193,57
[144] Sent Broadcast: 4|0,52,72,144,177,4,108,114,193
[193] Sent Broadcast: 4|0,52,72,144,177,4,100,108,193,57
[168] Sent Broadcast: 4|0,52,72,144,177,4,100,108,193,113,168,14,162
[102] Received message from  14: 4|0,52,72,144,177,4,100,108,193,113,168,14,162,21,102
[ 14] Sent Broadcast: 4|0,52,72,144,177,4,100,108,193,113,168,14,162,21,102
[104] Received message from  11: 4|0,52,72,144,177,4,100,108,193,113,168,14,162,21,102,11,104,131,165
[ 79] Received message from 162: 4|0,52,72,144,177,4,100,108,193,113,168,14,162,79,117,122,194
[122] Received message from  57: 4|0,52,72,144,177,4,100,108,193,57,122
[ 57] Sent Broadcast: 4|0,52,72,144,177,4,100,108,193,57,122
[131] Received message from  11: 4|0,52,72,144,177,4,100,108,193,113,168,14,162,21,102,11,104,131,165
[117] Received message from 162: 4|0,52,72,144,177,4,100,108,193,113,168,14,162,79,117,122,194
[184] Received message from 104: 4|0,52,72,144,177,4,100,108,193,113,168,14,162,21,102,11,104,131,165,184
[104] Sent Broadcast: 4|0,52,72,144,177,4,100,108,193,113,168,14,162,21,102,11,104,131,165,184
[165] Received message from  11: 4|0,52,72,144,177,4,100,108,193,113,168,14,162,21,102,11,104,131,165
[ 42] Received message from 131: 4|0,52,72,144,177,4,100,108,193,113,168,14,162,21,102,11,104,131,165,42,194
[ 79] Received message from 122: 4|0,52,72,144,177,4,100,108,193,57,122,79,162
[ 11] Sent Broadcast: 4|0,52,72,144,177,4,100,108,193,113,168,14,162,21,102,11,104,131,165
[122] Received message from 162: 4|0,52,72,144,177,4,100,108,193,113,168,14,162,79,117,122,194
[194] Received message from 131: 4|0,52,72,144,177,4,100,108,193,113,168,14,162,21,102,11,104,131,165,42,194
[ 42] Received message from 117: 4|0,52,72,144,177,4,100,108,193,113,168,14,162,79,117,122,194,42
[131] Sent Broadcast: 4|0,52,72,144,177,4,100,108,193,113,168,14,162,21,102,11,104,131,165,42,194
[117] Sent Broadcast: 4|0,52,72,144,177,4,100,108,193,113,168,14,162,79,117,122,194,42
[ 75] Received message from 184: 4|0,52,72,144,177,4,100,108,193,113,168,14,162,21,102,11,104,131,165,184,75
[117] Received message from  42: 4|0,52,72,144,177,4,100,108,193,113,168,14,162,21,102,11,104,131,165,42,194,117
[184] Sent Broadcast: 4|0,52,72,144,177,4,100,108,193,113,168,14,162,21,102,11,104,131,165,184,75
[ 42] Sent Broadcast: 4|0,52,72,144,177,4,100,108,193,113,168,14,162,21,102,11,104,131,165,42,194,117
[162] Received message from 122: 4|0,52,72,144,177,4,100,108,193,57,122,79,162
[122] Sent Broadcast: 4|0,52,72,144,177,4,100,108,193,57,122,79,162
[132] Received message from  75: 4|0,52,72,144,177,4,100,108,193,113,168,14,162,21,102,11,104,131,165,184,75,132
[ 75] Sent Broadcast: 4|0,52,72,144,177,4,100,108,193,113,168,14,162,21,102,11,104,131,165,184,75,132
[ 42] Received message from 165: 4|0,52,72,144,177,4,100,108,193,113,168,14,162,21,102,11,104,131,165,42
[165] Sent Broadcast: 4|0,52,72,144,177,4,100,108,193,113,168,14,162,21,102,11,104,131,165,42
[194] Received message from 162: 4|0,52,72,144,177,4,100,108,193,113,168,14,162,79,117,122,194
[162] Sent Broadcast: 4|0,52,72,144,177,4,100,108,193,113,168,14,162,79,117,122,194
[ 79] Received message from 194: 4|0,52,72,144,177,4,100,108,193,113,168,14,162,21,102,11,104,131,165,42,194,79,117
[109] Received message from 132: 4|0,52,72,144,177,4,100,108,193,113,168,14,162,21,102,11,104,131,165,184,75,132,109,167
[117] Received message from 194: 4|0,52,72,144,177,4,100,108,193,113,168,14,162,21,102,11,104,131,165,42,194,79,117
[194] Sent Broadcast: 4|0,52,72,144,177,4,100,108,193,113,168,14,162,21,102,11,104,131,165,42,194,79,117
[ 31] Received message from 109: 4|0,52,72,144,177,4,100,108,193,113,168,14,162,21,102,11,104,131,165,184,75,132,109,167,31,88
[167] Received message from 132: 4|0,52,72,144,177,4,100,108,193,113,168,14,162,21,102,11,104,131,165,184,75,132,109,167
[132] Sent Broadcast: 4|0,52,72,144,177,4,100,108,193,113,168,14,162,21,102,11,104,131,165,184,75,132,109,167
[ 88] Received message from 109: 4|0,52,72,144,177,4,100,108,193,113,168,14,162,21,102,11,104,131,165,184,75,132,109,167,31,88
[109] Sent Broadcast: 4|0,52,72,144,177,4,100,108,193,113,168,14,162,21,102,11,104,131,165,184,75,132,109,167,31,88
[119] Received message from  31: 4|0,52,72,144,177,4,100,108,193,113,168,14,162,21,102,11,104,131,165,184,75,132,109,167,31,88,119
[ 31] Sent Broadcast: 4|0,52,72,144,177,4,100,108,193,113,168,14,162,21,102,11,104,131,165,184,75,132,109,167,31,88,119
[ 46] Received message from  88: 4|0,52,72,144,177,4,100,108,193,113,168,14,162,21,102,11,104,131,165,184,75,132,109,167,31,88,46,93,115,181
[ 93] Received message from  88: 4|0,52,72,144,177,4,100,108,193,113,168,14,162,21,102,11,104,131,165,184,75,132,109,167,31,88,46,93,115,181
[ 19] Received message from 119: 4|0,52,72,144,177,4,100,108,193,113,168,14,162,21,102,11,104,131,165,184,75,132,109,167,31,88,119,19
[119] Sent Broadcast: 4|0,52,72,144,177,4,100,108,193,113,168,14,162,21,102,11,104,131,165,184,75,132,109,167,31,88,119,19
[115] Received message from  88: 4|0,52,72,144,177,4,100,108,193,113,168,14,162,21,102,11,104,131,165,184,75,132,109,167,31,88,46,93,115,181
[140] Received message from  46: 4|52,72,144,177,4,100,108,193,113,168,14,162,21,102,11,104,131,165,184,75,132,109,167,31,88,46,93,115,181,140
[106] Received message from  93: 4|52,72,144,177,4,100,108,193,113,168,14,162,21,102,11,104,131,165,184,75,132,109,167,31,88,46,93,115,181,106
[ 46] Sent Broadcast: 4|52,72,144,177,4,100,108,193,113,168,14,162,21,102,11,104,131,165,184,75,132,109,167,31,88,46,93,115,181,140
[ 88] Received message from 167: 4|0,52,72,144,177,4,100,108,193,113,168,14,162,21,102,11,104,131,165,184,75,132,109,167,88,181
[ 93] Sent Broadcast: 4|52,72,144,177,4,100,108,193,113,168,14,162,21,102,11,104,131,165,184,75,132,109,167,31,88,46,93,115,181,106
[ 87] Received message from  19: 4|0,52,72,144,177,4,100,108,193,113,168,14,162,21,102,11,104,131,165,184,75,132,109,167,31,88,119,19,87,99
[181] Received message from  88: 4|0,52,72,144,177,4,100,108,193,113,168,14,162,21,102,11,104,131,165,184,75,132,109,167,31,88,46,93,115,181
[ 88] Sent Broadcast: 4|0,52,72,144,177,4,100,108,193,113,168,14,162,21,102,11,104,131,165,184,75,132,109,167,31,88,46,93,115,181
[106] Received message from 181: 4|52,72,144,177,4,100,108,193,113,168,14,162,21,102,11,104,131,165,184,75,132,109,167,31,88,46,93,115,181,106
[181] Received message from 167: 4|0,52,72,144,177,4,100,108,193,113,168,14,162,21,102,11,104,131,165,184,75,132,109,167,88,181
[ 99] Received message from  19: 4|0,52,72,144,177,4,100,108,193,113,168,14,162,21,102,11,104,131,165,184,75,132,109,167,31,88,119,19,87,99
[ 19] Sent Broadcast: 4|0,52,72,144,177,4,100,108,193,113,168,14,162,21,102,11,104,131,165,184,75,132,109,167,31,88,119,19,87,99
[167] Sent Broadcast: 4|0,52,72,144,177,4,100,108,193,113,168,14,162,21,102,11,104,131,165,184,75,132,109,167,88,181
[181] Sent Broadcast: 4|52,72,144,177,4,100,108,193,113,168,14,162,21,102,11,104,131,165,184,75,132,109,167,31,88,46,93,115,181,106
[ 80] Received message from  87: 4|52,72,144,177,4,100,108,193,113,168,14,162,21,102,11,104,131,165,184,75,132,109,167,31,88,119,19,87,99,80
[ 87] Sent Broadcast: 4|52,72,144,177,4,100,108,193,113,168,14,162,21,102,11,104,131,165,184,75,132,109,167,31,88,119,19,87,99,80
[140] Received message from 115: 4|52,72,144,177,4,100,108,193,113,168,14,162,21,102,11,104,131,165,184,75,132,109,167,31,88,46,93,115,181,140
[115] Sent Broadcast: 4|52,72,144,177,4,100,108,193,113,168,14,162,21,102,11,104,131,165,184,75,132,109,167,31,88,46,93,115,181,140
[ 86] Received message from  80: 4|72,144,177,4,100,108,193,113,168,14,162,21,102,11,104,131,165,184,75,132,109,167,31,88,119,19,87,99,80,86
[ 80] Sent Broadcast: 4|72,144,177,4,100,108,193,113,168,14,162,21,102,11,104,131,165,184,75,132,109,167,31,88,119,19,87,99,80,86
[ 64] Received message from  86: 4|144,177,4,100,108,193,113,168,14,162,21,102,11,104,131,165,184,75,132,109,167,31,88,119,19,87,99,80,86,64
[ 86] Sent Broadcast: 4|144,177,4,100,108,193,113,168,14,162,21,102,11,104,131,165,184,75,132,109,167,31,88,119,19,87,99,80,86,64
[ 32] Received message from  64: 4|177,4,100,108,193,113,168,14,162,21,102,11,104,131,165,184,75,132,109,167,31,88,119,19,87,99,80,86,64,32,60,71,185,199
[ 27] Received message from  32: 4|177,4,100,108,193,113,168,14,162,21,102,11,104,131,165,184,75,132,109,167,31,88,119,19,87,99,80,86,64,32,60,71,185,199,27
[ 32] Sent Broadcast: 4|177,4,100,108,193,113,168,14,162,21,102,11,104,131,165,184,75,132,109,167,31,88,119,19,87,99,80,86,64,32,60,71,185,199,27
[ 60] Received message from  64: 4|177,4,100,108,193,113,168,14,162,21,102,11,104,131,165,184,75,132,109,167,31,88,119,19,87,99,80,86,64,32,60,71,185,199
[ 74] Received message from  27: 4|177,4,100,108,193,113,168,14,162,21,102,11,104,131,165,184,75,132,109,167,31,88,119,19,87,99,80,86,64,32,60,71,185,199,27,74,118,121
[ 71] Received message from  64: 4|177,4,100,108,193,113,168,14,162,21,102,11,104,131,165,184,75,132,109,167,31,88,119,19,87,99,80,86,64,32,60,71,185,199
[118] Received message from  27: 4|177,4,100,108,193,113,168,14,162,21,102,11,104,131,165,184,75,132,109,167,31,88,119,19,87,99,80,86,64,32,60,71,185,199,27,74,118,121
[185] Received message from  64: 4|177,4,100,108,193,113,168,14,162,21,102,11,104,131,165,184,75,132,109,167,31,88,119,19,87,99,80,86,64,32,60,71,185,199
[121] Received message from  27: 4|177,4,100,108,193,113,168,14,162,21,102,11,104,131,165,184,75,132,109,167,31,88,119,19,87,99,80,86,64,32,60,71,185,199,27,74,118,121
[ 27] Sent Broadcast: 4|177,4,100,108,193,113,168,14,162,21,102,11,104,131,165,184,75,132,109,167,31,88,119,19,87,99,80,86,64,32,60,71,185,199,27,74,118,121
[ 35] Received message from 118: 4|177,4,100,108,193,113,168,14,162,21,102,11,104,131,165,184,75,132,109,167,31,88,119,19,87,99,80,86,64,32,60,71,185,199,27,74,118,121,35
[199] Received message from  64: 4|177,4,100,108,193,113,168,14,162,21,102,11,104,131,165,184,75,132,109,167,31,88,119,19,87,99,80,86,64,32,60,71,185,199
[118] Sent Broadcast: 4|177,4,100,108,193,113,168,14,162,21,102,11,104,131,165,184,75,132,109,167,31,88,119,19,87,99,80,86,64,32,60,71,185,199,27,74,118,121,35
[ 64] Sent Broadcast: 4|177,4,100,108,193,113,168,14,162,21,102,11,104,131,165,184,75,132,109,167,31,88,119,19,87,99,80,86,64,32,60,71,185,199
[ 27] Received message from 185: 4|177,4,100,108,193,113,168,14,162,21,102,11,104,131,165,184,75,132,109,167,31,88,119,19,87,99,80,86,64,32,60,71,185,199,27
[185] Sent Broadcast: 4|177,4,100,108,193,113,168,14,162,21,102,11,104,131,165,184,75,132,109,167,31,88,119,19,87,99,80,86,64,32,60,71,185,199,27
[ 61] Received message from  35: 4|177,4,100,108,193,113,168,14,162,21,102,11,104,131,165,184,75,132,109,167,31,88,119,19,87,99,80,86,64,32,60,71,185,199,27,74,118,121,35,61,150
[ 27] Received message from  71: 4|177,4,100,108,193,113,168,14,162,21,102,11,104,131,165,184,75,132,109,167,31,88,119,19,87,99,80,86,64,32,60,71,185,199,27
[ 71] Sent Broadcast: 4|177,4,100,108,193,113,168,14,162,21,102,11,104,131,165,184,75,132,109,167,31,88,119,19,87,99,80,86,64,32,60,71,185,199,27
[150] Received message from  35: 4|177,4,100,108,193,113,168,14,162,21,102,11,104,131,165,184,75,132,109,167,31,88,119,19,87,99,80,86,64,32,60,71,185,199,27,74,118,121,35,61,150
[ 35] Sent Broadcast: 4|177,4,100,108,193,113,168,14,162,21,102,11,104,131,165,184,75,132,109,167,31,88,119,19,87,99,80,86,64,32,60,71,185,199,27,74,118,121,35,61,150
[200] Received message from 121: 4|177,4,100,108,193,113,168,14,162,21,102,11,104,131,165,184,75,132,109,167,31,88,119,19,87,99,80,86,64,32,60,71,185,199,27,74,118,121,200
[121] Sent Broadcast: 4|177,4,100,108,193,113,168,14,162,21,102,11,104,131,165,184,75,132,109,167,31,88,119,19,87,99,80,86,64,32,60,71,185,199,27,74,118,121,200
[ 98] Received message from  61: 4|177,4,100,108,193,113,168,14,162,21,102,11,104,131,165,184,75,132,109,167,31,88,119,19,87,99,80,86,64,32,60,71,185,199,27,74,118,121,35,61,150,98,112
[112] Received message from  61: 4|177,4,100,108,193,113,168,14,162,21,102,11,104,131,165,184,75,132,109,167,31,88,119,19,87,99,80,86,64,32,60,71,185,199,27,74,118,121,35,61,150,98,112
[ 61] Sent Broadcast: 4|177,4,100,108,193,113,168,14,162,21,102,11,104,131,165,184,75,132,109,167,31,88,119,19,87,99,80,86,64,32,60,71,185,199,27,74,118,121,35,61,150,98,112
[ 45] Received message from 200: 4|177,4,100,108,193,113,168,14,162,21,102,11,104,131,165,184,75,132,109,167,31,88,119,19,87,99,80,86,64,32,60,71,185,199,27,74,118,121,200,45,197
[142] Received message from  98: 4|177,4,100,108,193,113,168,14,162,21,102,11,104,131,165,184,75,132,109,167,31,88,119,19,87,99,80,86,64,32,60,71,185,199,27,74,118,121,35,61,150,98,112,142
[ 98] Sent Broadcast: 4|177,4,100,108,193,113,168,14,162,21,102,11,104,131,165,184,75,132,109,167,31,88,119,19,87,99,80,86,64,32,60,71,185,199,27,74,118,121,35,61,150,98,112,142
[142] Received message from 112: 4|177,4,100,108,193,113,168,14,162,21,102,11,104,131,165,184,75,132,109,167,31,88,119,19,87,99,80,86,64,32,60,71,185,199,27,74,118,121,35,61,150,98,112,142
[112] Sent Broadcast: 4|177,4,100,108,193,113,168,14,162,21,102,11,104,131,165,184,75,132,109,167,31,88,119,19,87,99,80,86,64,32,60,71,185,199,27,74,118,121,35,61,150,98,112,142
[197] Received message from 200: 4|177,4,100,108,193,113,168,14,162,21,102,11,104,131,165,184,75,132,109,167,31,88,119,19,87,99,80,86,64,32,60,71,185,199,27,74,118,121,200,45,197
[200] Sent Broadcast: 4|177,4,100,108,193,113,168,14,162,21,102,11,104,131,165,184,75,132,109,167,31,88,119,19,87,99,80,86,64,32,60,71,185,199,27,74,118,121,200,45,197
[ 73] Received message from 197: 4|177,4,100,108,193,113,168,14,162,21,102,11,104,131,165,184,75,132,109,167,31,88,119,19,87,99,80,86,64,32,60,71,185,199,27,74,118,121,200,45,197,73,94
[  9] Received message from  45: 4|177,4,100,108,193,113,168,14,162,21,102,11,104,131,165,184,75,132,109,167,31,88,119,19,87,99,80,86,64,32,60,71,185,199,27,74,118,121,200,45,197,9,73,77,81,89,116,155
[  9] Received message from  73: 4|177,4,100,108,193,113,168,14,162,21,102,11,104,131,165,184,75,132,109,167,31,88,119,19,87,99,80,86,64,32,60,71,185,199,27,74,118,121,200,45,197,73,94,9,89,116,155
[ 94] Received message from 197: 4|177,4,100,108,193,113,168,14,162,21,102,11,104,131,165,184,75,132,109,167,31,88,119,19,87,99,80,86,64,32,60,71,185,199,27,74,118,121,200,45,197,73,94
[ 73] Received message from  45: 4|177,4,100,108,193,113,168,14,162,21,102,11,104,131,165,184,75,132,109,167,31,88,119,19,87,99,80,86,64,32,60,71,185,199,27,74,118,121,200,45,197,9,73,77,81,89,116,155
[197] Sent Broadcast: 4|177,4,100,108,193,113,168,14,162,21,102,11,104,131,165,184,75,132,109,167,31,88,119,19,87,99,80,86,64,32,60,71,185,199,27,74,118,121,200,45,197,73,94
[ 89] Received message from  73: 4|177,4,100,108,193,113,168,14,162,21,102,11,104,131,165,184,75,132,109,167,31,88,119,19,87,99,80,86,64,32,60,71,185,199,27,74,118,121,200,45,197,73,94,9,89,116,155
[ 77] Received message from  45: 4|177,4,100,108,193,113,168,14,162,21,102,11,104,131,165,184,75,132,109,167,31,88,119,19,87,99,80,86,64,32,60,71,185,199,27,74,118,121,200,45,197,9,73,77,81,89,116,155
[116] Received message from  73: 4|177,4,100,108,193,113,168,14,162,21,102,11,104,131,165,184,75,132,109,167,31,88,119,19,87,99,80,86,64,32,60,71,185,199,27,74,118,121,200,45,197,73,94,9,89,116,155
[ 77] Received message from  89: 4|177,4,100,108,193,113,168,14,162,21,102,11,104,131,165,184,75,132,109,167,31,88,119,19,87,99,80,86,64,32,60,71,185,199,27,74,118,121,200,45,197,73,94,9,89,116,155,77,81
[155] Received message from  73: 4|177,4,100,108,193,113,168,14,162,21,102,11,104,131,165,184,75,132,109,167,31,88,119,19,87,99,80,86,64,32,60,71,185,199,27,74,118,121,200,45,197,73,94,9,89,116,155
[ 81] Received message from  45: 4|177,4,100,108,193,113,168,14,162,21,102,11,104,131,165,184,75,132,109,167,31,88,119,19,87,99,80,86,64,32,60,71,185,199,27,74,118,121,200,45,197,9,73,77,81,89,116,155
[120] Received message from  77: 4|177,4,100,108,193,113,168,14,162,21,102,11,104,131,165,184,75,132,109,167,31,88,119,19,87,99,80,86,64,32,60,71,185,199,27,74,118,121,200,45,197,9,73,77,81,89,116,155,120
[ 73] Sent Broadcast: 4|177,4,100,108,193,113,168,14,162,21,102,11,104,131,165,184,75,132,109,167,31,88,119,19,87,99,80,86,64,32,60,71,185,199,27,74,118,121,200,45,197,73,94,9,89,116,155
[ 77] Sent Broadcast: 4|177,4,100,108,193,113,168,14,162,21,102,11,104,131,165,184,75,132,109,167,31,88,119,19,87,99,80,86,64,32,60,71,185,199,27,74,118,121,200,45,197,9,73,77,81,89,116,155,120
[ 77] Received message from 116: 4|177,4,100,108,193,113,168,14,162,21,102,11,104,131,165,184,75,132,109,167,31,88,119,19,87,99,80,86,64,32,60,71,185,199,27,74,118,121,200,45,197,73,94,9,89,116,155,77,81
[ 81] Received message from  89: 4|177,4,100,108,193,113,168,14,162,21,102,11,104,131,165,184,75,132,109,167,31,88,119,19,87,99,80,86,64,32,60,71,185,199,27,74,118,121,200,45,197,73,94,9,89,116,155,77,81
[ 89] Received message from  45: 4|177,4,100,108,193,113,168,14,162,21,102,11,104,131,165,184,75,132,109,167,31,88,119,19,87,99,80,86,64,32,60,71,185,199,27,74,118,121,200,45,197,9,73,77,81,89,116,155
[ 89] Sent Broadcast: 4|177,4,100,108,193,113,168,14,162,21,102,11,104,131,165,184,75,132,109,167,31,88,119,19,87,99,80,86,64,32,60,71,185,199,27,74,118,121,200,45,197,73,94,9,89,116,155,77,81
[ 77] Received message from 155: 4|177,4,100,108,193,113,168,14,162,21,102,11,104,131,165,184,75,132,109,167,31,88,119,19,87,99,80,86,64,32,60,71,185,199,27,74,118,121,200,45,197,73,94,9,89,116,155,77,81
[ 81] Received message from 116: 4|177,4,100,108,193,113,168,14,162,21,102,11,104,131,165,184,75,132,109,167,31,88,119,19,87,99,80,86,64,32,60,71,185,199,27,74,118,121,200,45,197,73,94,9,89,116,155,77,81
[116] Sent Broadcast: 4|177,4,100,108,193,113,168,14,162,21,102,11,104,131,165,184,75,132,109,167,31,88,119,19,87,99,80,86,64,32,60,71,185,199,27,74,118,121,200,45,197,73,94,9,89,116,155,77,81
[ 81] Received message from 155: 4|177,4,100,108,193,113,168,14,162,21,102,11,104,131,165,184,75,132,109,167,31,88,119,19,87,99,80,86,64,32,60,71,185,199,27,74,118,121,200,45,197,73,94,9,89,116,155,77,81
[155] Sent Broadcast: 4|177,4,100,108,193,113,168,14,162,21,102,11,104,131,165,184,75,132,109,167,31,88,119,19,87,99,80,86,64,32,60,71,185,199,27,74,118,121,200,45,197,73,94,9,89,116,155,77,81
[116] Received message from  45: 4|177,4,100,108,193,113,168,14,162,21,102,11,104,131,165,184,75,132,109,167,31,88,119,19,87,99,80,86,64,32,60,71,185,199,27,74,118,121,200,45,197,9,73,77,81,89,116,155
[155] Received message from  45: 4|177,4,100,108,193,113,168,14,162,21,102,11,104,131,165,184,75,132,109,167,31,88,119,19,87,99,80,86,64,32,60,71,185,199,27,74,118,121,200,45,197,9,73,77,81,89,116,155
[ 45] Sent Broadcast: 4|177,4,100,108,193,113,168,14,162,21,102,11,104,131,165,184,75,132,109,167,31,88,119,19,87,99,80,86,64,32,60,71,185,199,27,74,118,121,200,45,197,9,73,77,81,89,116,155
[105] Received message from   5: 5|0,105,110,158
[110] Received message from   5: 5|0,105,110,158
[158] Received message from   5: 5|0,105,110,158
[  5] Sent Broadcast: 5|0,105,110,158
[ 20] Received message from 105: 5|0,105,110,158,5,20,34,151,180
[ 34] Received message from 105: 5|0,105,110,158,5,20,34,151,180
[139] Received message from  20: 5|0,105,110,158,5,20,34,151,180,139
[ 20] Sent Broadcast: 5|0,105,110,158,5,20,34,151,180,139
[151] Received message from 105: 5|0,105,110,158,5,20,34,151,180
[ 58] Received message from 139: 5|0,105,110,158,5,20,34,151,180,139,58,67,68,134,190
[180] Received message from 105: 5|0,105,110,158,5,20,34,151,180
[105] Sent Broadcast: 5|0,105,110,158,5,20,34,151,180
[ 67] Received message from 139: 5|0,105,110,158,5,20,34,151,180,139,58,67,68,134,190
[ 58] Received message from 180: 5|0,105,110,158,5,20,34,151,180,58,67,68,139,190
[ 68] Received message from 139: 5|0,105,110,158,5,20,34,151,180,139,58,67,68,134,190
[ 82] Received message from  67: 5|0,105,110,158,5,20,34,151,180,139,58,67,68,134,190,82
[ 67] Sent Broadcast: 5|0,105,110,158,5,20,34,151,180,139,58,67,68,134,190,82
[ 67] Received message from 180: 5|0,105,110,158,5,20,34,151,180,58,67,68,139,190
[134] Received message from 139: 5|0,105,110,158,5,20,34,151,180,139,58,67,68,134,190
[ 62] Received message from  82: 5|0,105,110,158,5,20,34,151,180,139,58,67,68,134,190,82,62
[190] Received message from 139: 5|0,105,110,158,5,20,34,151,180,139,58,67,68,134,190
[139] Sent Broadcast: 5|0,105,110,158,5,20,34,151,180,139,58,67,68,134,190
[ 82] Sent Broadcast: 5|0,105,110,158,5,20,34,151,180,139,58,67,68,134,190,82,62
[ 68] Received message from 180: 5|0,105,110,158,5,20,34,151,180,58,67,68,139,190
[139] Received message from 180: 5|0,105,110,158,5,20,34,151,180,58,67,68,139,190
[190] Received message from 180: 5|0,105,110,158,5,20,34,151,180,58,67,68,139,190
[180] Sent Broadcast: 5|0,105,110,158,5,20,34,151,180,58,67,68,139,190
[134] Received message from 190: 5|0,105,110,158,5,20,34,151,180,58,67,68,139,190,134
[190] Sent Broadcast: 5|0,105,110,158,5,20,34,151,180,58,67,68,139,190,134
[ 28] Received message from   6: 6|0,28,51,54,173
[ 51] Received message from   6: 6|0,28,51,54,173
[ 17] Received message from  51: 6|0,28,51,54,173,6,17,26,83,171
[ 54] Received message from   6: 6|0,28,51,54,173
[ 26] Received message from  51: 6|0,28,51,54,173,6,17,26,83,171
[ 17] Received message from  54: 6|0,28,51,54,173,6,17
[ 54] Sent Broadcast: 6|0,28,51,54,173,6,17
[ 83] Received message from  51: 6|0,28,51,54,173,6,17,26,83,171
[173] Received message from   6: 6|0,28,51,54,173
[  6] Sent Broadcast: 6|0,28,51,54,173
[171] Received message from  51: 6|0,28,51,54,173,6,17,26,83,171
[ 51] Sent Broadcast: 6|0,28,51,54,173,6,17,26,83,171
[ 26] Received message from 173: 6|0,28,51,54,173,6,26,36,83,171,172
[ 36] Received message from 171: 6|0,28,51,54,173,6,17,26,83,171,36,172
[ 36] Received message from 173: 6|0,28,51,54,173,6,26,36,83,171,172
[172] Received message from 171: 6|0,28,51,54,173,6,17,26,83,171,36,172
[171] Sent Broadcast: 6|0,28,51,54,173,6,17,26,83,171,36,172
[ 39] Received message from  36: 6|0,28,51,54,173,6,17,26,83,171,36,172,39
[ 83] Received message from 173: 6|0,28,51,54,173,6,26,36,83,171,172
[ 36] Sent Broadcast: 6|0,28,51,54,173,6,17,26,83,171,36,172,39
[ 39] Received message from 172: 6|0,28,51,54,173,6,17,26,83,171,36,172,39
[172] Sent Broadcast: 6|0,28,51,54,173,6,17,26,83,171,36,172,39
[171] Received message from 173: 6|0,28,51,54,173,6,26,36,83,171,172
[172] Received message from 173: 6|0,28,51,54,173,6,26,36,83,171,172
[173] Sent Broadcast: 6|0,28,51,54,173,6,26,36,83,171,172
[ 24] Received message from   7: 7|0,24,126,133
[126] Received message from   7: 7|0,24,126,133
[135] Received message from  24: 7|0,24,126,133,7,135,159
[133] Received message from   7: 7|0,24,126,133
[  7] Sent Broadcast: 7|0,24,126,133
[159] Received message from  24: 7|0,24,126,133,7,135,159
[ 24] Sent Broadcast: 7|0,24,126,133,7,135,159
[ 70] Received message from 135: 7|0,24,126,133,7,135,159,70
[135] Sent Broadcast: 7|0,24,126,133,7,135,159,70
[ 70] Received message from 159: 7|0,24,126,133,7,135,159,70
[159] Sent Broadcast: 7|0,24,126,133,7,135,159,70
[174] Received message from  10: 10|0,174
[ 10] Sent Broadcast: 10|0,174
[125] Received message from  12: 12|0,125,137
[137] Received message from  12: 12|0,125,137
[ 12] Sent Broadcast: 12|0,125,137
[138] Received message from 125: 12|0,125,137,12,138,169
[138] Received message from 137: 12|0,125,137,12,138,169
[169] Received message from 125: 12|0,125,137,12,138,169
[195] Received message from 138: 12|0,125,137,12,138,169,195
[125] Sent Broadcast: 12|0,125,137,12,138,169
[169] Received message from 137: 12|0,125,137,12,138,169
[138] Sent Broadcast: 12|0,125,137,12,138,169,195
[137] Sent Broadcast: 12|0,125,137,12,138,169
[107] Received message from 195: 12|0,125,137,12,138,169,195,107
[195] Sent Broadcast: 12|0,125,137,12,138,169,195,107
[107] Received message from 169: 12|0,125,137,12,138,169,107,195
[195] Received message from 169: 12|0,125,137,12,138,169,107,195
[169] Sent Broadcast: 12|0,125,137,12,138,169,107,195
[183] Received message from  13: 13|0,183
[ 13] Sent Broadcast: 13|0,183
[143] Received message from  15: 15|0,143
[ 15] Sent Broadcast: 15|0,143
[101] Received message from  18: 18|0,101
[ 18] Sent Broadcast: 18|0,101
[111] Received message from 101: 18|0,101,18,111,146,157
[146] Received message from 101: 18|0,101,18,111,146,157
[157] Received message from 101: 18|0,101,18,111,146,157
[ 30] Received message from 111: 18|0,101,18,111,146,157,30
[101] Sent Broadcast: 18|0,101,18,111,146,157
[111] Sent Broadcast: 18|0,101,18,111,146,157,30
[130] Received message from 146: 18|0,101,18,111,146,157,130
[146] Sent Broadcast: 18|0,101,18,111,146,157,130
[189] Received message from  30: 18|0,101,18,111,146,157,30,189
[ 30] Sent Broadcast: 18|0,101,18,111,146,157,30,189
[ 76] Received message from 189: 18|0,101,18,111,146,157,30,189,76,84,198
[ 84] Received message from 189: 18|0,101,18,111,146,157,30,189,76,84,198
[129] Received message from  76: 18|0,101,18,111,146,157,30,189,76,84,198,129,196
[198] Received message from 189: 18|0,101,18,111,146,157,30,189,76,84,198
[196] Received message from  76: 18|0,101,18,111,146,157,30,189,76,84,198,129,196
[189] Sent Broadcast: 18|0,101,18,111,146,157,30,189,76,84,198
[ 76] Sent Broadcast: 18|0,101,18,111,146,157,30,189,76,84,198,129,196
[ 33] Received message from  84: 18|0,101,18,111,146,157,30,189,76,84,198,33,164
[147] Received message from 196: 18|0,101,18,111,146,157,30,189,76,84,198,129,196,147
[164] Received message from  84: 18|0,101,18,111,146,157,30,189,76,84,198,33,164
[196] Sent Broadcast: 18|0,101,18,111,146,157,30,189,76,84,198,129,196,147
[ 84] Sent Broadcast: 18|0,101,18,111,146,157,30,189,76,84,198,33,164
[ 22] Received message from  33: 18|0,101,18,111,146,157,30,189,76,84,198,33,164,22,23,179
[ 25] Received message from 147: 18|0,101,18,111,146,157,30,189,76,84,198,129,196,147,25,59,63,179
[ 23] Received message from  33: 18|0,101,18,111,146,157,30,189,76,84,198,33,164,22,23,179
[ 22] Received message from 164: 18|0,101,18,111,146,157,30,189,76,84,198,33,164,22,23,90,141,152,178
[ 90] Received message from  22: 18|0,101,18,111,146,157,30,189,76,84,198,33,164,22,23,179,90,141,178
[ 59] Received message from 147: 18|0,101,18,111,146,157,30,189,76,84,198,129,196,147,25,59,63,179
[ 23] Received message from 164: 18|0,101,18,111,146,157,30,189,76,84,198,33,164,22,23,90,141,152,178
[179] Received message from  33: 18|0,101,18,111,146,157,30,189,76,84,198,33,164,22,23,179
[ 90] Received message from  23: 18|0,101,18,111,146,157,30,189,76,84,198,33,164,22,23,179,90,141,152,178
[141] Received message from  22: 18|0,101,18,111,146,157,30,189,76,84,198,33,164,22,23,179,90,141,178
[163] Received message from  25: 18|0,101,18,111,146,157,30,189,76,84,198,129,196,147,25,59,63,179,163,176
[ 33] Sent Broadcast: 18|0,101,18,111,146,157,30,189,76,84,198,33,164,22,23,179
[ 55] Received message from  90: 18|0,101,18,111,146,157,30,189,76,84,198,33,164,22,23,179,90,141,178,55,91,128,152
[ 63] Received message from 147: 18|0,101,18,111,146,157,30,189,76,84,198,129,196,147,25,59,63,179
[145] Received message from  59: 18|0,101,18,111,146,157,30,189,76,84,198,129,196,147,25,59,63,179,145
[176] Received message from  25: 18|0,101,18,111,146,157,30,189,76,84,198,129,196,147,25,59,63,179,163,176
[ 90] Received message from 164: 18|0,101,18,111,146,157,30,189,76,84,198,33,164,22,23,90,141,152,178
[ 59] Sent Broadcast: 18|0,101,18,111,146,157,30,189,76,84,198,129,196,147,25,59,63,179,145
[ 91] Received message from  90: 18|0,101,18,111,146,157,30,189,76,84,198,33,164,22,23,179,90,141,178,55,91,128,152
[ 25] Received message from 179: 18|0,101,18,111,146,157,30,189,76,84,198,33,164,22,23,179,25,59,63,145,147
[ 25] Sent Broadcast: 18|0,101,18,111,146,157,30,189,76,84,198,129,196,147,25,59,63,179,163,176
[127] Received message from 163: 18|0,101,18,111,146,157,30,189,76,84,198,129,196,147,25,59,63,179,163,176,127
[163] Sent Broadcast: 18|0,101,18,111,146,157,30,189,76,84,198,129,196,147,25,59,63,179,163,176,127
[179] Received message from 147: 18|0,101,18,111,146,157,30,189,76,84,198,129,196,147,25,59,63,179
[145] Received message from  63: 18|0,101,18,111,146,157,30,189,76,84,198,129,196,147,25,59,63,179,145
[128] Received message from  90: 18|0,101,18,111,146,157,30,189,76,84,198,33,164,22,23,179,90,141,178,55,91,128,152
[178] Received message from  22: 18|0,101,18,111,146,157,30,189,76,84,198,33,164,22,23,179,90,141,178
[147] Sent Broadcast: 18|0,101,18,111,146,157,30,189,76,84,198,129,196,147,25,59,63,179
[127] Received message from 176: 18|0,101,18,111,146,157,30,189,76,84,198,129,196,147,25,59,63,179,163,176,127
[ 47] Received message from  91: 18|0,101,18,111,146,157,30,189,76,84,198,33,164,22,23,179,90,141,178,55,91,128,152,47
[141] Received message from  23: 18|0,101,18,111,146,157,30,189,76,84,198,33,164,22,23,179,90,141,152,178
[ 59] Received message from 179: 18|0,101,18,111,146,157,30,189,76,84,198,33,164,22,23,179,25,59,63,145,147
[ 63] Sent Broadcast: 18|0,101,18,111,146,157,30,189,76,84,198,129,196,147,25,59,63,179,145
[ 22] Sent Broadcast: 18|0,101,18,111,146,157,30,189,76,84,198,33,164,22,23,179,90,141,178
[ 55] Received message from 141: 18|0,101,18,111,146,157,30,189,76,84,198,33,164,22,23,179,90,141,178,55,128,166
[ 53] Received message from 127: 18|0,101,18,111,146,157,30,189,76,84,198,129,196,147,25,59,63,179,163,176,127,53
[ 91] Sent Broadcast: 18|0,101,18,111,146,157,30,189,76,84,198,33,164,22,23,179,90,141,178,55,91,128,152,47
[176] Sent Broadcast: 18|0,101,18,111,146,157,30,189,76,84,198,129,196,147,25,59,63,179,163,176,127
[141] Received message from 164: 18|0,101,18,111,146,157,30,189,76,84,198,33,164,22,23,90,141,152,178
[127] Sent Broadcast: 18|0,101,18,111,146,157,30,189,76,84,198,129,196,147,25,59,63,179,163,176,127,53
[ 63] Received message from 179: 18|0,101,18,111,146,157,30,189,76,84,198,33,164,22,23,179,25,59,63,145,147
[166] Received message from 128: 18|0,101,18,111,146,157,30,189,76,84,198,33,164,22,23,179,90,141,178,55,91,128,152,166,170
[ 55] Received message from 178: 18|0,101,18,111,146,157,30,189,76,84,198,33,164,22,23,179,90,141,178,55,91,152
[152] Received message from  90: 18|0,101,18,111,146,157,30,189,76,84,198,33,164,22,23,179,90,141,178,55,91,128,152
[145] Received message from 179: 18|0,101,18,111,146,157,30,189,76,84,198,33,164,22,23,179,25,59,63,145,147
[128] Received message from 141: 18|0,101,18,111,146,157,30,189,76,84,198,33,164,22,23,179,90,141,178,55,128,166
[152] Received message from  23: 18|0,101,18,111,146,157,30,189,76,84,198,33,164,22,23,179,90,141,152,178
[170] Received message from 128: 18|0,101,18,111,146,157,30,189,76,84,198,33,164,22,23,179,90,141,178,55,91,128,152,166,170
[ 90] Sent Broadcast: 18|0,101,18,111,146,157,30,189,76,84,198,33,164,22,23,179,90,141,178,55,91,128,152
[128] Sent Broadcast: 18|0,101,18,111,146,157,30,189,76,84,198,33,164,22,23,179,90,141,178,55,91,128,152,166,170
[ 91] Received message from 178: 18|0,101,18,111,146,157,30,189,76,84,198,33,164,22,23,179,90,141,178,55,91,152
[152] Received message from 164: 18|0,101,18,111,146,157,30,189,76,84,198,33,164,22,23,90,141,152,178
[ 47] Received message from 152: 18|0,101,18,111,146,157,30,189,76,84,198,33,164,22,23,179,90,141,178,55,91,128,152,47
[147] Received message from 179: 18|0,101,18,111,146,157,30,189,76,84,198,33,164,22,23,179,25,59,63,145,147
[152] Sent Broadcast: 18|0,101,18,111,146,157,30,189,76,84,198,33,164,22,23,179,90,141,178,55,91,128,152,47
[178] Received message from  23: 18|0,101,18,111,146,157,30,189,76,84,198,33,164,22,23,179,90,141,152,178
[152] Received message from 178: 18|0,101,18,111,146,157,30,189,76,84,198,33,164,22,23,179,90,141,178,55,91,152
[166] Received message from 141: 18|0,101,18,111,146,157,30,189,76,84,198,33,164,22,23,179,90,141,178,55,128,166
[ 23] Sent Broadcast: 18|0,101,18,111,146,157,30,189,76,84,198,33,164,22,23,179,90,141,152,178
[179] Sent Broadcast: 18|0,101,18,111,146,157,30,189,76,84,198,33,164,22,23,179,25,59,63,145,147
[178] Sent Broadcast: 18|0,101,18,111,146,157,30,189,76,84,198,33,164,22,23,179,90,141,178,55,91,152
[141] Sent Broadcast: 18|0,101,18,111,146,157,30,189,76,84,198,33,164,22,23,179,90,141,178,55,128,166
[178] Received message from 164: 18|0,101,18,111,146,157,30,189,76,84,198,33,164,22,23,90,141,152,178
[164] Sent Broadcast: 18|0,101,18,111,146,157,30,189,76,84,198,33,164,22,23,90,141,152,178
[ 41] Received message from  37: 37|0,41,124
[124] Received message from  37: 37|0,41,124
[ 37] Sent Broadcast: 37|0,41,124
[154] Received message from  40: 40|0,154
[ 40] Sent Broadcast: 40|0,154
[191] Received message from  44: 44|0,191,192
[192] Received message from  44: 44|0,191,192
[ 44] Sent Broadcast: 44|0,191,192
[ 85] Received message from  56: 56|0,85,188
[188] Received message from  56: 56|0,85,188
[ 56] Sent Broadcast: 56|0,85,188
[ 78] Received message from  65: 65|0,78,97,148,156
[ 97] Received message from  65: 65|0,78,97,148,156
[148] Received message from  65: 65|0,78,97,148,156
[156] Received message from  65: 65|0,78,97,148,156
[ 65] Sent Broadcast: 65|0,78,97,148,156
[ 95] Received message from  66: 66|0,95,96,153
[ 96] Received message from  66: 66|0,95,96,153
[153] Received message from  66: 66|0,95,96,153
[ 66] Sent Broadcast: 66|0,95,96,153
[186] Received message from  92: 92|0,186
[ 92] Sent Broadcast: 92|0,186
[160] Received message from 103: 103|0,160,175
[175] Received message from 103: 103|0,160,175
[103] Sent Broadcast: 103|0,160,175
