[ 15] Received message from   1: 1|0,15,164
[164] Received message from   1: 1|0,15,164
[  1] Sent Broadcast: 1|0,15,164
[188] Received message from  15: 1|0,15,164,1,188
[ 15] Sent Broadcast: 1|0,15,164,1,188
[ 11] Received message from 188: 1|0,15,164,1,188,11,196
[196] Received message from 188: 1|0,15,164,1,188,11,196
[188] Sent Broadcast: 1|0,15,164,1,188,11,196
[131] Received message from 196: 1|0,15,164,1,188,11,196,131
[196] Sent Broadcast: 1|0,15,164,1,188,11,196,131
[ 44] Received message from 131: 1|0,15,164,1,188,11,196,131,44,65,77
[ 28] Received message from  44: 1|0,15,164,1,188,11,196,131,44,65,77,28,57
[ 65] Received message from 131: 1|0,15,164,1,188,11,196,131,44,65,77
[ 57] Received message from  44: 1|0,15,164,1,188,11,196,131,44,65,77,28,57
[ 44] Sent Broadcast: 1|0,15,164,1,188,11,196,131,44,65,77,28,57
[ 77] Received message from 131: 1|0,15,164,1,188,11,196,131,44,65,77
[131] Sent Broadcast: 1|0,15,164,1,188,11,196,131,44,65,77
[ 28] Received message from  65: 1|0,15,164,1,188,11,196,131,44,65,77,28
[ 65] Sent Broadcast: 1|0,15,164,1,188,11,196,131,44,65,77,28
[ 28] Received message from  77: 1|0,15,164,1,188,11,196,131,44,65,77,28,57
[ 57] Received message from  77: 1|0,15,164,1,188,11,196,131,44,65,77,28,57
[ 77] Sent Broadcast: 1|0,15,164,1,188,11,196,131,44,65,77,28,57
[ 17] Received message from   2: 2|0,17,43,56,85,112,142,189
[ 43] Received message from   2: 2|0,17,43,56,85,112,142,189
[  4] Received message from  17: 2|0,17,43,56,85,112,142,189,2,4,13,20,95,125
[ 56] Received message from   2: 2|0,17,43,56,85,112,142,189
[ 13] Received message from  17: 2|0,17,43,56,85,112,142,189,2,4,13,20,95,125
[ 79] Received message from  43: 2|0,17,43,56,85,112,142,189,2,79
[ 43] Sent Broadcast: 2|0,17,43,56,85,112,142,189,2,79
[ 20] Received message from  17: 2|0,17,43,56,85,112,142,189,2,4,13,20,95,125
[ 52] Received message from   4: 2|0,17,43,56,85,112,142,189,2,4,13,20,95,125,52,75,127,165
[ 79] Received message from  56: 2|0,17,43,56,85,112,142,189,2,79
[ 52] Received message from  13: 2|0,17,43,56,85,112,142,189,2,4,13,20,95,125,52,165
[ 85] Received message from   2: 2|0,17,43,56,85,112,142,189
[ 56] Sent Broadcast: 2|0,17,43,56,85,112,142,189,2,79
[193] Received message from  52: 2|0,17,43,56,85,112,142,189,2,4,13,20,95,125,52,75,127,165,193
[ 52] Received message from  20: 2|0,17,43,56,85,112,142,189,2,4,13,20,95,125,52,75,127,193
[ 95] Received message from  17: 2|0,17,43,56,85,112,142,189,2,4,13,20,95,125
[ 79] Received message from  85: 2|0,17,43,56,85,112,142,189,2,79
[165] Received message from  13: 2|0,17,43,56,85,112,142,189,2,4,13,20,95,125,52,165
[112] Received message from   2: 2|0,17,43,56,85,112,142,189
[ 52] Sent Broadcast: 2|0,17,43,56,85,112,142,189,2,4,13,20,95,125,52,75,127,165,193
[ 75] Received message from   4: 2|0,17,43,56,85,112,142,189,2,4,13,20,95,125,52,75,127,165
[ 75] Received message from  20: 2|0,17,43,56,85,112,142,189,2,4,13,20,95,125,52,75,127,193
[ 85] Sent Broadcast: 2|0,17,43,56,85,112,142,189,2,79
[ 13] Sent Broadcast: 2|0,17,43,56,85,112,142,189,2,4,13,20,95,125,52,165
[125] Received message from  17: 2|0,17,43,56,85,112,142,189,2,4,13,20,95,125
[142] Received message from   2: 2|0,17,43,56,85,112,142,189
[ 20] Received message from 112: 2|0,17,43,56,85,112,142,189,2,20,95,125
[187] Received message from 165: 2|0,17,43,56,85,112,142,189,2,4,13,20,95,125,52,165,187
[ 17] Sent Broadcast: 2|0,17,43,56,85,112,142,189,2,4,13,20,95,125
[193] Received message from  75: 2|0,17,43,56,85,112,142,189,2,4,13,20,95,125,52,75,127,165,193
[165] Sent Broadcast: 2|0,17,43,56,85,112,142,189,2,4,13,20,95,125,52,165,187
[ 75] Sent Broadcast: 2|0,17,43,56,85,112,142,189,2,4,13,20,95,125,52,75,127,165,193
[ 62] Received message from 187: 2|0,17,43,56,85,112,142,189,2,4,13,20,95,125,52,165,187,62,148
[ 79] Received message from 142: 2|0,17,43,56,85,112,142,189,2,79
[ 95] Received message from 112: 2|0,17,43,56,85,112,142,189,2,20,95,125
[142] Sent Broadcast: 2|0,17,43,56,85,112,142,189,2,79
[127] Received message from   4: 2|0,17,43,56,85,112,142,189,2,4,13,20,95,125,52,75,127,165
[189] Received message from   2: 2|0,17,43,56,85,112,142,189
[  2] Sent Broadcast: 2|0,17,43,56,85,112,142,189
[125] Received message from 112: 2|0,17,43,56,85,112,142,189,2,20,95,125
[148] Received message from 187: 2|0,17,43,56,85,112,142,189,2,4,13,20,95,125,52,165,187,62,148
[180] Received message from 189: 2|0,17,43,56,85,112,142,189,2,180
[165] Received message from   4: 2|0,17,43,56,85,112,142,189,2,4,13,20,95,125,52,75,127,165
[112] Sent Broadcast: 2|0,17,43,56,85,112,142,189,2,20,95,125
[127] Received message from  20: 2|0,17,43,56,85,112,142,189,2,4,13,20,95,125,52,75,127,193
[193] Received message from 127: 2|0,17,43,56,85,112,142,189,2,4,13,20,95,125,52,75,127,165,193
[ 29] Received message from  62: 2|0,17,43,56,85,112,142,189,2,4,13,20,95,125,52,165,187,62,148,29
[  4] Sent Broadcast: 2|0,17,43,56,85,112,142,189,2,4,13,20,95,125,52,75,127,165
[187] Sent Broadcast: 2|0,17,43,56,85,112,142,189,2,4,13,20,95,125,52,165,187,62,148
[189] Sent Broadcast: 2|0,17,43,56,85,112,142,189,2,180
[ 82] Received message from 180: 2|0,17,43,56,85,112,142,189,2,180,82,107
[127] Sent Broadcast: 2|0,17,43,56,85,112,142,189,2,4,13,20,95,125,52,75,127,165,193
[ 62] Sent Broadcast: 2|0,17,43,56,85,112,142,189,2,4,13,20,95,125,52,165,187,62,148,29
[ 24] Received message from  29: 2|0,17,43,56,85,112,142,189,2,4,13,20,95,125,52,165,187,62,148,29,24
[ 61] Received message from 148: 2|0,17,43,56,85,112,142,189,2,4,13,20,95,125,52,165,187,62,148,61,80
[ 29] Sent Broadcast: 2|0,17,43,56,85,112,142,189,2,4,13,20,95,125,52,165,187,62,148,29,24
[193] Received message from  20: 2|0,17,43,56,85,112,142,189,2,4,13,20,95,125,52,75,127,193
[ 20] Sent Broadcast: 2|0,17,43,56,85,112,142,189,2,4,13,20,95,125,52,75,127,193
[107] Received message from 180: 2|0,17,43,56,85,112,142,189,2,180,82,107
[ 22] Received message from  61: 2|0,17,43,56,85,112,142,189,2,4,13,20,95,125,52,165,187,62,148,61,80,22
[180] Sent Broadcast: 2|0,17,43,56,85,112,142,189,2,180,82,107
[ 80] Received message from 148: 2|0,17,43,56,85,112,142,189,2,4,13,20,95,125,52,165,187,62,148,61,80
[ 61] Sent Broadcast: 2|0,17,43,56,85,112,142,189,2,4,13,20,95,125,52,165,187,62,148,61,80,22
[138] Received message from 107: 2|0,17,43,56,85,112,142,189,2,180,82,107,138
[ 67] Received message from  22: 2|0,17,43,56,85,112,142,189,2,4,13,20,95,125,52,165,187,62,148,61,80,22,67
[ 22] Sent Broadcast: 2|0,17,43,56,85,112,142,189,2,4,13,20,95,125,52,165,187,62,148,61,80,22,67
[148] Sent Broadcast: 2|0,17,43,56,85,112,142,189,2,4,13,20,95,125,52,165,187,62,148,61,80
[107] Sent Broadcast: 2|0,17,43,56,85,112,142,189,2,180,82,107,138
[150] Received message from  67: 2|0,17,43,56,85,112,142,189,2,4,13,20,95,125,52,165,187,62,148,61,80,22,67,150
[ 22] Received message from  80: 2|0,17,43,56,85,112,142,189,2,4,13,20,95,125,52,165,187,62,148,61,80,22
[101] Received message from 138: 2|0,17,43,56,85,112,142,189,2,180,82,107,138,101
[ 80] Sent Broadcast: 2|0,17,43,56,85,112,142,189,2,4,13,20,95,125,52,165,187,62,148,61,80,22
[ 67] Sent Broadcast: 2|0,17,43,56,85,112,142,189,2,4,13,20,95,125,52,165,187,62,148,61,80,22,67,150
[138] Sent Broadcast: 2|0,17,43,56,85,112,142,189,2,180,82,107,138,101
[ 26] Received message from 150: 2|0,17,43,56,85,112,142,189,2,4,13,20,95,125,52,165,187,62,148,61,80,22,67,150,26
[150] Sent Broadcast: 2|0,17,43,56,85,112,142,189,2,4,13,20,95,125,52,165,187,62,148,61,80,22,67,150,26
[ 71] Received message from   3: 3|0,71,89,94,109,175
[ 89] Received message from   3: 3|0,71,89,94,109,175
[ 94] Received message from   3: 3|0,71,89,94,109,175
[ 97] Received message from  89: 3|0,71,89,94,109,175,3,97,128,190
[109] Received message from   3: 3|0,71,89,94,109,175
[128] Received message from  89: 3|0,71,89,94,109,175,3,97,128,190
[175] Received message from   3: 3|0,71,89,94,109,175
[ 97] Received message from 109: 3|0,71,89,94,109,175,3,97
[  3] Sent Broadcast: 3|0,71,89,94,109,175
[190] Received message from  89: 3|0,71,89,94,109,175,3,97,128,190
[ 89] Sent Broadcast: 3|0,71,89,94,109,175,3,97,128,190
[109] Sent Broadcast: 3|0,71,89,94,109,175,3,97
[ 97] Received message from 175: 3|0,71,89,94,109,175,3,97,128
[ 32] Received message from 190: 3|0,71,89,94,109,175,3,97,128,190,32,143
[128] Received message from 175: 3|0,71,89,94,109,175,3,97,128
[143] Received message from 190: 3|0,71,89,94,109,175,3,97,128,190,32,143
[175] Sent Broadcast: 3|0,71,89,94,109,175,3,97,128
[ 40] Received message from  32: 3|0,71,89,94,109,175,3,97,128,190,32,143,40,70
[190] Sent Broadcast: 3|0,71,89,94,109,175,3,97,128,190,32,143
[ 70] Received message from  32: 3|0,71,89,94,109,175,3,97,128,190,32,143,40,70
[ 40] Received message from 143: 3|0,71,89,94,109,175,3,97,128,190,32,143,40,70
[ 32] Sent Broadcast: 3|0,71,89,94,109,175,3,97,128,190,32,143,40,70
[ 70] Received message from 143: 3|0,71,89,94,109,175,3,97,128,190,32,143,40,70
[143] Sent Broadcast: 3|0,71,89,94,109,175,3,97,128,190,32,143,40,70
[ 47] Received message from   5: 5|0,47,51,72,76,111,172
[ 51] Received message from   5: 5|0,47,51,72,76,111,172
[ 72] Received message from   5: 5|0,47,51,72,76,111,172
[ 36] Received message from  47: 5|0,47,51,72,76,111,172,5,36
[ 47] Sent Broadcast: 5|0,47,51,72,76,111,172,5,36
[ 76] Received message from   5: 5|0,47,51,72,76,111,172
[ 53] Received message from  36: 5|0,47,51,72,76,111,172,5,36,53,191,194
[111] Received message from   5: 5|0,47,51,72,76,111,172
[191] Received message from  36: 5|0,47,51,72,76,111,172,5,36,53,191,194
[172] Received message from   5: 5|0,47,51,72,76,111,172
[  6] Received message from  53: 5|0,47,51,72,76,111,172,5,36,53,191,194,6,58,108,185,198
[  5] Sent Broadcast: 5|0,47,51,72,76,111,172
[103] Received message from 111: 5|0,47,51,72,76,111,172,5,103
[  7] Received message from  51: 5|0,47,51,72,76,111,172,5,7,160
[111] Sent Broadcast: 5|0,47,51,72,76,111,172,5,103
[ 36] Received message from  72: 5|0,47,51,72,76,111,172,5,36
[ 25] Received message from 191: 5|0,47,51,72,76,111,172,5,36,53,191,194,25,58,185,198
[ 58] Received message from  53: 5|0,47,51,72,76,111,172,5,36,53,191,194,6,58,108,185,198
[ 72] Sent Broadcast: 5|0,47,51,72,76,111,172,5,36
[ 50] Received message from  76: 5|0,47,51,72,76,111,172,5,50,88,103
[160] Received message from  51: 5|0,47,51,72,76,111,172,5,7,160
[ 25] Received message from 172: 5|0,47,51,72,76,111,172,5,25
[194] Received message from  36: 5|0,47,51,72,76,111,172,5,36,53,191,194
[166] Received message from   7: 5|0,47,51,72,76,111,172,5,7,160,166
[ 19] Received message from  50: 5|0,47,51,72,76,111,172,5,50,88,103,19
[110] Received message from   6: 5|0,47,51,72,76,111,172,5,36,53,191,194,6,58,108,185,198,110,174
[172] Sent Broadcast: 5|0,47,51,72,76,111,172,5,25
[ 51] Sent Broadcast: 5|0,47,51,72,76,111,172,5,7,160
[  7] Sent Broadcast: 5|0,47,51,72,76,111,172,5,7,160,166
[ 36] Sent Broadcast: 5|0,47,51,72,76,111,172,5,36,53,191,194
[ 50] Sent Broadcast: 5|0,47,51,72,76,111,172,5,50,88,103,19
[ 58] Received message from 191: 5|0,47,51,72,76,111,172,5,36,53,191,194,25,58,185,198
[ 69] Received message from 166: 5|0,47,51,72,76,111,172,5,7,160,166,69
[ 88] Received message from 103: 5|0,47,51,72,76,111,172,5,103,88
[ 88] Received message from  76: 5|0,47,51,72,76,111,172,5,50,88,103
[103] Sent Broadcast: 5|0,47,51,72,76,111,172,5,103,88
[166] Sent Broadcast: 5|0,47,51,72,76,111,172,5,7,160,166,69
[174] Received message from   6: 5|0,47,51,72,76,111,172,5,36,53,191,194,6,58,108,185,198,110,174
[  6] Sent Broadcast: 5|0,47,51,72,76,111,172,5,36,53,191,194,6,58,108,185,198,110,174
[185] Received message from 191: 5|0,47,51,72,76,111,172,5,36,53,191,194,25,58,185,198
[ 14] Received message from  69: 5|0,47,51,72,76,111,172,5,7,160,166,69,14,54
[108] Received message from  53: 5|0,47,51,72,76,111,172,5,36,53,191,194,6,58,108,185,198
[103] Received message from  76: 5|0,47,51,72,76,111,172,5,50,88,103
[  6] Received message from 194: 5|0,47,51,72,76,111,172,5,36,53,191,194,6,31,58,60,108,185,198
[ 54] Received message from  69: 5|0,47,51,72,76,111,172,5,7,160,166,69,14,54
[185] Received message from  53: 5|0,47,51,72,76,111,172,5,36,53,191,194,6,58,108,185,198
[198] Received message from 191: 5|0,47,51,72,76,111,172,5,36,53,191,194,25,58,185,198
[ 66] Received message from  14: 5|0,47,51,72,76,111,172,5,7,160,166,69,14,54,66,171
[ 76] Sent Broadcast: 5|0,47,51,72,76,111,172,5,50,88,103
[ 69] Sent Broadcast: 5|0,47,51,72,76,111,172,5,7,160,166,69,14,54
[191] Sent Broadcast: 5|0,47,51,72,76,111,172,5,36,53,191,194,25,58,185,198
[ 31] Received message from 108: 5|0,47,51,72,76,111,172,5,36,53,191,194,6,58,108,185,198,31,60
[198] Received message from  53: 5|0,47,51,72,76,111,172,5,36,53,191,194,6,58,108,185,198
[  6] Received message from 185: 5|0,47,51,72,76,111,172,5,36,53,191,194,25,58,185,198,6,31,108,174
[ 53] Sent Broadcast: 5|0,47,51,72,76,111,172,5,36,53,191,194,6,58,108,185,198
[ 31] Received message from 194: 5|0,47,51,72,76,111,172,5,36,53,191,194,6,31,58,60,108,185,198
[  6] Received message from 198: 5|0,47,51,72,76,111,172,5,36,53,191,194,25,58,185,198,6
[198] Sent Broadcast: 5|0,47,51,72,76,111,172,5,36,53,191,194,25,58,185,198,6
[ 58] Received message from 194: 5|0,47,51,72,76,111,172,5,36,53,191,194,6,31,58,60,108,185,198
[ 60] Received message from 108: 5|0,47,51,72,76,111,172,5,36,53,191,194,6,58,108,185,198,31,60
[ 31] Received message from 185: 5|0,47,51,72,76,111,172,5,36,53,191,194,25,58,185,198,6,31,108,174
[171] Received message from  14: 5|0,47,51,72,76,111,172,5,7,160,166,69,14,54,66,171
[108] Sent Broadcast: 5|0,47,51,72,76,111,172,5,36,53,191,194,6,58,108,185,198,31,60
[108] Received message from 185: 5|0,47,51,72,76,111,172,5,36,53,191,194,25,58,185,198,6,31,108,174
[ 10] Received message from  54: 5|0,47,51,72,76,111,172,5,7,160,166,69,14,54,10,92,115
[ 14] Sent Broadcast: 5|0,47,51,72,76,111,172,5,7,160,166,69,14,54,66,171
[ 60] Received message from 194: 5|0,47,51,72,76,111,172,5,36,53,191,194,6,31,58,60,108,185,198
[183] Received message from  60: 5|0,47,51,72,76,111,172,5,36,53,191,194,6,58,108,185,198,31,60,183
[108] Received message from 194: 5|0,47,51,72,76,111,172,5,36,53,191,194,6,31,58,60,108,185,198
[174] Received message from 185: 5|0,47,51,72,76,111,172,5,36,53,191,194,25,58,185,198,6,31,108,174
[ 60] Sent Broadcast: 5|0,47,51,72,76,111,172,5,36,53,191,194,6,58,108,185,198,31,60,183
[185] Sent Broadcast: 5|0,47,51,72,76,111,172,5,36,53,191,194,25,58,185,198,6,31,108,174
[ 60] Received message from  31: 5|0,47,51,72,76,111,172,5,36,53,191,194,25,58,185,198,6,31,108,174,60
[185] Received message from 194: 5|0,47,51,72,76,111,172,5,36,53,191,194,6,31,58,60,108,185,198
[ 31] Sent Broadcast: 5|0,47,51,72,76,111,172,5,36,53,191,194,25,58,185,198,6,31,108,174,60
[ 92] Received message from  54: 5|0,47,51,72,76,111,172,5,7,160,166,69,14,54,10,92,115
[198] Received message from 194: 5|0,47,51,72,76,111,172,5,36,53,191,194,6,31,58,60,108,185,198
[194] Sent Broadcast: 5|0,47,51,72,76,111,172,5,36,53,191,194,6,31,58,60,108,185,198
[115] Received message from  54: 5|0,47,51,72,76,111,172,5,7,160,166,69,14,54,10,92,115
[ 55] Received message from  92: 5|0,47,51,72,76,111,172,5,7,160,166,69,14,54,10,92,115,55
[ 54] Sent Broadcast: 5|0,47,51,72,76,111,172,5,7,160,166,69,14,54,10,92,115
[ 92] Sent Broadcast: 5|0,47,51,72,76,111,172,5,7,160,166,69,14,54,10,92,115,55
[116] Received message from  55: 5|0,47,51,72,76,111,172,5,7,160,166,69,14,54,10,92,115,55,116
[ 55] Sent Broadcast: 5|0,47,51,72,76,111,172,5,7,160,166,69,14,54,10,92,115,55,116
[ 55] Received message from 115: 5|0,47,51,72,76,111,172,5,7,160,166,69,14,54,10,92,115,55,116,129
[116] Received message from 115: 5|0,47,51,72,76,111,172,5,7,160,166,69,14,54,10,92,115,55,116,129
[124] Received message from 116: 5|0,47,51,72,76,111,172,5,7,160,166,69,14,54,10,92,115,55,116,124,129,157
[129] Received message from 115: 5|0,47,51,72,76,111,172,5,7,160,166,69,14,54,10,92,115,55,116,129
[ 18] Received message from 124: 5|0,47,51,72,76,111,172,5,7,160,166,69,14,54,10,92,115,55,116,124,129,157,18,96
[115] Sent Broadcast: 5|0,47,51,72,76,111,172,5,7,160,166,69,14,54,10,92,115,55,116,129
[129] Received message from 116: 5|0,47,51,72,76,111,172,5,7,160,166,69,14,54,10,92,115,55,116,124,129,157
[ 96] Received message from 124: 5|0,47,51,72,76,111,172,5,7,160,166,69,14,54,10,92,115,55,116,124,129,157,18,96
[ 64] Received message from  18: 5|0,47,51,72,76,111,172,5,7,160,166,69,14,54,10,92,115,55,116,124,129,157,18,96,64,68,186
[124] Sent Broadcast: 5|0,47,51,72,76,111,172,5,7,160,166,69,14,54,10,92,115,55,116,124,129,157,18,96
[157] Received message from 116: 5|0,47,51,72,76,111,172,5,7,160,166,69,14,54,10,92,115,55,116,124,129,157
[116] Sent Broadcast: 5|0,47,51,72,76,111,172,5,7,160,166,69,14,54,10,92,115,55,116,124,129,157
[ 68] Received message from  18: 5|0,47,51,72,76,111,172,5,7,160,166,69,14,54,10,92,115,55,116,124,129,157,18,96,64,68,186
[122] Received message from  64: 5|0,47,51,72,76,111,172,5,7,160,166,69,14,54,10,92,115,55,116,124,129,157,18,96,64,68,186,122
[ 64] Sent Broadcast: 5|0,47,51,72,76,111,172,5,7,160,166,69,14,54,10,92,115,55,116,124,129,157,18,96,64,68,186,122
[ 18] Received message from 157: 5|0,47,51,72,76,111,172,5,7,160,166,69,14,54,10,92,115,55,116,124,129,157,18,68,96
[186] Received message from  18: 5|0,47,51,72,76,111,172,5,7,160,166,69,14,54,10,92,115,55,116,124,129,157,18,96,64,68,186
[122] Received message from  68: 5|0,47,51,72,76,111,172,5,7,160,166,69,14,54,10,92,115,55,116,124,129,157,18,96,64,68,186,122
[ 68] Sent Broadcast: 5|0,47,51,72,76,111,172,5,7,160,166,69,14,54,10,92,115,55,116,124,129,157,18,96,64,68,186,122
[ 18] Sent Broadcast: 5|0,47,51,72,76,111,172,5,7,160,166,69,14,54,10,92,115,55,116,124,129,157,18,96,64,68,186
[ 68] Received message from 157: 5|0,47,51,72,76,111,172,5,7,160,166,69,14,54,10,92,115,55,116,124,129,157,18,68,96
[ 96] Received message from 157: 5|0,47,51,72,76,111,172,5,7,160,166,69,14,54,10,92,115,55,116,124,129,157,18,68,96
[157] Sent Broadcast: 5|0,47,51,72,76,111,172,5,7,160,166,69,14,54,10,92,115,55,116,124,129,157,18,68,96
[122] Received message from 186: 5|0,47,51,72,76,111,172,5,7,160,166,69,14,54,10,92,115,55,116,124,129,157,18,96,64,68,186,122
[186] Sent Broadcast: 5|0,47,51,72,76,111,172,5,7,160,166,69,14,54,10,92,115,55,116,124,129,157,18,96,64,68,186,122
[ 90] Received message from   8: 8|0,90,161
[161] Received message from   8: 8|0,90,161
[  8] Sent Broadcast: 8|0,90,161
[ 41] Received message from  90: 8|0,90,161,8,41
[ 90] Sent Broadcast: 8|0,90,161,8,41
[ 41] Received message from 161: 8|0,90,161,8,41,141
[ 73] Received message from  41: 8|0,90,161,8,41,73,141
[141] Received message from 161: 8|0,90,161,8,41,141
[161] Sent Broadcast: 8|0,90,161,8,41,141
[141] Received message from  41: 8|0,90,161,8,41,73,141
[ 41] Sent Broadcast: 8|0,90,161,8,41,73,141
[139] Received message from  73: 8|0,90,161,8,41,73,141,139
[113] Received message from 141: 8|0,90,161,8,41,141,113
[ 73] Sent Broadcast: 8|0,90,161,8,41,73,141,139
[141] Sent Broadcast: 8|0,90,161,8,41,141,113
[177] Received message from 113: 8|0,90,161,8,41,141,113,177,184
[126] Received message from 139: 8|0,90,161,8,41,73,141,139,126,181
[184] Received message from 113: 8|0,90,161,8,41,141,113,177,184
[113] Sent Broadcast: 8|0,90,161,8,41,141,113,177,184
[105] Received message from 177: 8|0,90,161,8,41,141,113,177,184,105
[181] Received message from 139: 8|0,90,161,8,41,73,141,139,126,181
[177] Sent Broadcast: 8|0,90,161,8,41,141,113,177,184,105
[158] Received message from 126: 8|0,90,161,8,41,73,141,139,126,181,158
[139] Sent Broadcast: 8|0,90,161,8,41,73,141,139,126,181
[126] Sent Broadcast: 8|0,90,161,8,41,73,141,139,126,181,158
[162] Received message from 158: 8|0,90,161,8,41,73,141,139,126,181,158,162
[158] Sent Broadcast: 8|0,90,161,8,41,73,141,139,126,181,158,162
[ 16] Received message from   9: 9|0,16,140
[140] Received message from   9: 9|0,16,140
[  9] Sent Broadcast: 9|0,16,140
[ 33] Received message from 140: 9|0,16,140,9,33
[140] Sent Broadcast: 9|0,16,140,9,33
[176] Received message from  16: 9|0,16,140,9,176
[ 16] Sent Broadcast: 9|0,16,140,9,176
[ 87] Received message from 176: 9|0,16,140,9,176,87,99
[ 99] Received message from 176: 9|0,16,140,9,176,87,99
[176] Sent Broadcast: 9|0,16,140,9,176,87,99
[ 38] Received message from  87: 9|0,16,140,9,176,87,99,38
[ 59] Received message from  33: 9|0,16,140,9,33,59
[ 87] Sent Broadcast: 9|0,16,140,9,176,87,99,38
[ 33] Sent Broadcast: 9|0,16,140,9,33,59
[114] Received message from  38: 9|0,16,140,9,176,87,99,38,114
[ 38] Sent Broadcast: 9|0,16,140,9,176,87,99,38,114
[154] Received message from  99: 9|0,16,140,9,176,87,99,154
[ 99] Sent Broadcast: 9|0,16,140,9,176,87,99,154
[ 42] Received message from  12: 12|0,42,102,136,149,192,200
[102] Received message from  12: 12|0,42,102,136,149,192,200
[136] Received message from  12: 12|0,42,102,136,149,192,200
[ 39] Received message from 102: 12|0,42,102,136,149,192,200,12,39,159,169,199
[149] Received message from  12: 12|0,42,102,136,149,192,200
[159] Received message from 102: 12|0,42,102,136,149,192,200,12,39,159,169,199
[ 37] Received message from  42: 12|0,42,102,136,149,192,200,12,37,135
[ 30] Received message from  39: 12|0,42,102,136,149,192,200,12,39,159,169,199,30,35,104,117,120
[135] Received message from  42: 12|0,42,102,136,149,192,200,12,37,135
[192] Received message from  12: 12|0,42,102,136,149,192,200
[ 42] Sent Broadcast: 12|0,42,102,136,149,192,200,12,37,135
[169] Received message from 102: 12|0,42,102,136,149,192,200,12,39,159,169,199
[ 37] Received message from 149: 12|0,42,102,136,149,192,200,12,37,133
[133] Received message from  37: 12|0,42,102,136,149,192,200,12,37,135,133
[ 37] Sent Broadcast: 12|0,42,102,136,149,192,200,12,37,135,133
[200] Received message from  12: 12|0,42,102,136,149,192,200
[ 12] Sent Broadcast: 12|0,42,102,136,149,192,200
[ 93] Received message from 135: 12|0,42,102,136,149,192,200,12,37,135,93
[133] Received message from 149: 12|0,42,102,136,149,192,200,12,37,133
[199] Received message from 102: 12|0,42,102,136,149,192,200,12,39,159,169,199
[135] Sent Broadcast: 12|0,42,102,136,149,192,200,12,37,135,93
[102] Sent Broadcast: 12|0,42,102,136,149,192,200,12,39,159,169,199
[149] Sent Broadcast: 12|0,42,102,136,149,192,200,12,37,133
[ 37] Received message from 192: 12|0,42,102,136,149,192,200,12,37,133
[ 35] Received message from  39: 12|0,42,102,136,149,192,200,12,39,159,169,199,30,35,104,117,120
[ 37] Received message from 200: 12|0,42,102,136,149,192,200,12,37,133
[104] Received message from  39: 12|0,42,102,136,149,192,200,12,39,159,169,199,30,35,104,117,120
[133] Received message from 192: 12|0,42,102,136,149,192,200,12,37,133
[192] Sent Broadcast: 12|0,42,102,136,149,192,200,12,37,133
[133] Received message from 200: 12|0,42,102,136,149,192,200,12,37,133
[200] Sent Broadcast: 12|0,42,102,136,149,192,200,12,37,133
[117] Received message from  39: 12|0,42,102,136,149,192,200,12,39,159,169,199,30,35,104,117,120
[120] Received message from  39: 12|0,42,102,136,149,192,200,12,39,159,169,199,30,35,104,117,120
[ 39] Sent Broadcast: 12|0,42,102,136,149,192,200,12,39,159,169,199,30,35,104,117,120
[ 83] Received message from  21: 21|0,83,197
[197] Received message from  21: 21|0,83,197
[ 21] Sent Broadcast: 21|0,83,197
[ 91] Received message from  83: 21|0,83,197,21,91
[ 83] Sent Broadcast: 21|0,83,197,21,91
[ 49] Received message from 197: 21|0,83,197,21,49
[197] Sent Broadcast: 21|0,83,197,21,49
[170] Received message from  91: 21|0,83,197,21,91,170
[ 91] Sent Broadcast: 21|0,83,197,21,91,170
[ 74] Received message from 170: 21|0,83,197,21,91,170,74,132
[132] Received message from 170: 21|0,83,197,21,91,170,74,132
[170] Sent Broadcast: 21|0,83,197,21,91,170,74,132
[178] Received message from 132: 21|0,83,197,21,91,170,74,132,178,195
[195] Received message from 132: 21|0,83,197,21,91,170,74,132,178,195
[132] Sent Broadcast: 21|0,83,197,21,91,170,74,132,178,195
[ 46] Received message from 195: 21|0,83,197,21,91,170,74,132,178,195,46
[195] Sent Broadcast: 21|0,83,197,21,91,170,74,132,178,195,46
[118] Received message from 178: 21|0,83,197,21,91,170,74,132,178,195,118,121,137
[ 45] Received message from  46: 21|0,83,197,21,91,170,74,132,178,195,46,45,152
[121] Received message from 178: 21|0,83,197,21,91,170,74,132,178,195,118,121,137
[152] Received message from  46: 21|0,83,197,21,91,170,74,132,178,195,46,45,152
[ 46] Sent Broadcast: 21|0,83,197,21,91,170,74,132,178,195,46,45,152
[137] Received message from 178: 21|0,83,197,21,91,170,74,132,178,195,118,121,137
[178] Sent Broadcast: 21|0,83,197,21,91,170,74,132,178,195,118,121,137
[151] Received message from 121: 21|0,83,197,21,91,170,74,132,178,195,118,121,137,151,173
[130] Received message from 152: 21|0,83,197,21,91,170,74,132,178,195,46,45,152,130
[151] Received message from 137: 21|0,83,197,21,91,170,74,132,178,195,118,121,137,151,182
[152] Sent Broadcast: 21|0,83,197,21,91,170,74,132,178,195,46,45,152,130
[173] Received message from 121: 21|0,83,197,21,91,170,74,132,178,195,118,121,137,151,173
[134] Received message from 151: 21|0,83,197,21,91,170,74,132,178,195,118,121,137,151,173,134
[121] Sent Broadcast: 21|0,83,197,21,91,170,74,132,178,195,118,121,137,151,173
[151] Sent Broadcast: 21|0,83,197,21,91,170,74,132,178,195,118,121,137,151,173,134
[182] Received message from 137: 21|0,83,197,21,91,170,74,132,178,195,118,121,137,151,182
[137] Sent Broadcast: 21|0,83,197,21,91,170,74,132,178,195,118,121,137,151,182
[134] Received message from 173: 21|0,83,197,21,91,170,74,132,178,195,118,121,137,151,173,134
[173] Sent Broadcast: 21|0,83,197,21,91,170,74,132,178,195,118,121,137,151,173,134
[179] Received message from 182: 21|0,83,197,21,91,170,74,132,178,195,118,121,137,151,182,179
[182] Sent Broadcast: 21|0,83,197,21,91,170,74,132,178,195,118,121,137,151,182,179
[145] Received message from  23: 23|0,145
[ 23] Sent Broadcast: 23|0,145
[ 98] Received message from 145: 23|0,145,23,98,156
[156] Received message from 145: 23|0,145,23,98,156
[145] Sent Broadcast: 23|0,145,23,98,156
[ 34] Received message from  27: 27|0,34,155
[155] Received message from  27: 27|0,34,155
[ 27] Sent Broadcast: 27|0,34,155
[153] Received message from  48: 48|0,153
[ 48] Sent Broadcast: 48|0,153
[163] Received message from  63: 63|0,163
[ 63] Sent Broadcast: 63|0,163
[ 86] Received message from  78: 78|0,86,106
[106] Received message from  78: 78|0,86,106
[ 78] Sent Broadcast: 78|0,86,106
[123] Received message from  81: 81|0,123
[ 81] Sent Broadcast: 81|0,123
[119] Received message from  84: 84|0,119,167
[167] Received message from  84: 84|0,119,167
[ 84] Sent Broadcast: 84|0,119,167
[146] Received message from 100: 100|0,146,168
[168] Received message from 100: 100|0,146,168
[100] Sent Broadcast: 100|0,146,168
[147] Received message from 144: 144|0,147
[144] Sent Broadcast: 144|0,147
