[ 65] Received message from   1: 1|0,65,167,188
[167] Received message from   1: 1|0,65,167,188
[188] Received message from   1: 1|0,65,167,188
[  1] Sent Broadcast: 1|0,65,167,188
[151] Received message from 167: 1|0,65,167,188,1,151,191,197
[191] Received message from 167: 1|0,65,167,188,1,151,191,197
[ 94] Received message from 151: 1|0,65,167,188,1,151,191,197,94
[158] Received message from 188: 1|0,65,167,188,1,158
[ 94] Received message from 191: 1|0,65,167,188,1,151,191,197,94
[151] Sent Broadcast: 1|0,65,167,188,1,151,191,197,94
[191] Sent Broadcast: 1|0,65,167,188,1,151,191,197,94
[188] Sent Broadcast: 1|0,65,167,188,1,158
[197] Received message from 167: 1|0,65,167,188,1,151,191,197
[167] Sent Broadcast: 1|0,65,167,188,1,151,191,197
[170] Received message from 158: 1|0,65,167,188,1,158,170
[158] Sent Broadcast: 1|0,65,167,188,1,158,170
[163] Received message from 197: 1|0,65,167,188,1,151,191,197,163
[197] Sent Broadcast: 1|0,65,167,188,1,151,191,197,163
[ 40] Received message from 170: 1|0,65,167,188,1,158,170,40,90
[ 90] Received message from 170: 1|0,65,167,188,1,158,170,40,90
[170] Sent Broadcast: 1|0,65,167,188,1,158,170,40,90
[156] Received message from 163: 1|0,65,167,188,1,151,191,197,163,156,180
[  3] Received message from  90: 1|0,65,167,188,1,158,170,40,90,3,103,114
[115] Received message from 156: 1|0,65,167,188,1,151,191,197,163,156,180,115
[ 30] Received message from  40: 1|0,65,167,188,1,158,170,40,90,30
[180] Received message from 163: 1|0,65,167,188,1,151,191,197,163,156,180
[ 40] Sent Broadcast: 1|0,65,167,188,1,158,170,40,90,30
[156] Sent Broadcast: 1|0,65,167,188,1,151,191,197,163,156,180,115
[103] Received message from  90: 1|0,65,167,188,1,158,170,40,90,3,103,114
[ 19] Received message from   3: 1|0,65,167,188,1,158,170,40,90,3,103,114,19,52
[163] Sent Broadcast: 1|0,65,167,188,1,151,191,197,163,156,180
[115] Received message from 180: 1|0,65,167,188,1,151,191,197,163,156,180,115
[ 38] Received message from 115: 1|0,65,167,188,1,151,191,197,163,156,180,115,38,60,91,168
[ 33] Received message from  30: 1|0,65,167,188,1,158,170,40,90,30,33
[180] Sent Broadcast: 1|0,65,167,188,1,151,191,197,163,156,180,115
[ 10] Received message from  19: 1|0,65,167,188,1,158,170,40,90,3,103,114,19,52,10,138
[114] Received message from  90: 1|0,65,167,188,1,158,170,40,90,3,103,114
[ 30] Sent Broadcast: 1|0,65,167,188,1,158,170,40,90,30,33
[ 55] Received message from  38: 1|0,65,167,188,1,151,191,197,163,156,180,115,38,60,91,168,55,147
[ 52] Received message from   3: 1|0,65,167,188,1,158,170,40,90,3,103,114,19,52
[ 90] Sent Broadcast: 1|0,65,167,188,1,158,170,40,90,3,103,114
[138] Received message from  19: 1|0,65,167,188,1,158,170,40,90,3,103,114,19,52,10,138
[ 52] Received message from 114: 1|0,65,167,188,1,158,170,40,90,3,103,114,52
[  3] Sent Broadcast: 1|0,65,167,188,1,158,170,40,90,3,103,114,19,52
[ 34] Received message from  10: 1|0,65,167,188,1,158,170,40,90,3,103,114,19,52,10,138,34
[ 60] Received message from 115: 1|0,65,167,188,1,151,191,197,163,156,180,115,38,60,91,168
[ 10] Sent Broadcast: 1|0,65,167,188,1,158,170,40,90,3,103,114,19,52,10,138,34
[ 19] Sent Broadcast: 1|0,65,167,188,1,158,170,40,90,3,103,114,19,52,10,138
[114] Sent Broadcast: 1|0,65,167,188,1,158,170,40,90,3,103,114,52
[178] Received message from  52: 1|0,65,167,188,1,158,170,40,90,3,103,114,19,52,178
[ 42] Received message from  33: 1|0,65,167,188,1,158,170,40,90,30,33,42
[ 75] Received message from  34: 1|0,65,167,188,1,158,170,40,90,3,103,114,19,52,10,138,34,75,89
[147] Received message from  38: 1|0,65,167,188,1,151,191,197,163,156,180,115,38,60,91,168,55,147
[ 52] Sent Broadcast: 1|0,65,167,188,1,158,170,40,90,3,103,114,19,52,178
[ 55] Received message from  60: 1|0,65,167,188,1,151,191,197,163,156,180,115,38,60,91,168,55,81
[  6] Received message from 138: 1|0,65,167,188,1,158,170,40,90,3,103,114,19,52,10,138,6
[ 91] Received message from 115: 1|0,65,167,188,1,151,191,197,163,156,180,115,38,60,91,168
[152] Received message from  42: 1|0,65,167,188,1,158,170,40,90,30,33,42,152,174
[ 33] Sent Broadcast: 1|0,65,167,188,1,158,170,40,90,30,33,42
[ 38] Sent Broadcast: 1|0,65,167,188,1,151,191,197,163,156,180,115,38,60,91,168,55,147
[131] Received message from 147: 1|0,65,167,188,1,151,191,197,163,156,180,115,38,60,91,168,55,147,131
[138] Sent Broadcast: 1|0,65,167,188,1,158,170,40,90,3,103,114,19,52,10,138,6
[147] Sent Broadcast: 1|0,65,167,188,1,151,191,197,163,156,180,115,38,60,91,168,55,147,131
[ 24] Received message from   6: 1|0,65,167,188,1,158,170,40,90,3,103,114,19,52,10,138,6,24
[ 81] Received message from  60: 1|0,65,167,188,1,151,191,197,163,156,180,115,38,60,91,168,55,81
[168] Received message from 115: 1|0,65,167,188,1,151,191,197,163,156,180,115,38,60,91,168
[ 89] Received message from  34: 1|0,65,167,188,1,158,170,40,90,3,103,114,19,52,10,138,34,75,89
[  7] Received message from 178: 1|0,65,167,188,1,158,170,40,90,3,103,114,19,52,178,7,54,113,137
[ 21] Received message from 152: 1|0,65,167,188,1,158,170,40,90,30,33,42,152,174,21,23
[174] Received message from  42: 1|0,65,167,188,1,158,170,40,90,30,33,42,152,174
[ 81] Received message from  91: 1|0,65,167,188,1,151,191,197,163,156,180,115,38,60,91,168,81,92,100
[129] Received message from  24: 1|0,65,167,188,1,158,170,40,90,3,103,114,19,52,10,138,6,24,129
[ 87] Received message from  81: 1|0,65,167,188,1,151,191,197,163,156,180,115,38,60,91,168,55,81,87
[ 34] Sent Broadcast: 1|0,65,167,188,1,158,170,40,90,3,103,114,19,52,10,138,34,75,89
[  6] Sent Broadcast: 1|0,65,167,188,1,158,170,40,90,3,103,114,19,52,10,138,6,24
[ 60] Sent Broadcast: 1|0,65,167,188,1,151,191,197,163,156,180,115,38,60,91,168,55,81
[115] Sent Broadcast: 1|0,65,167,188,1,151,191,197,163,156,180,115,38,60,91,168
[ 23] Received message from   7: 1|0,65,167,188,1,158,170,40,90,3,103,114,19,52,178,7,54,113,137,23
[131] Received message from 168: 1|0,65,167,188,1,151,191,197,163,156,180,115,38,60,91,168,131,147
[ 81] Sent Broadcast: 1|0,65,167,188,1,151,191,197,163,156,180,115,38,60,91,168,55,81,87
[ 42] Sent Broadcast: 1|0,65,167,188,1,158,170,40,90,30,33,42,152,174
[ 24] Sent Broadcast: 1|0,65,167,188,1,158,170,40,90,3,103,114,19,52,10,138,6,24,129
[  7] Sent Broadcast: 1|0,65,167,188,1,158,170,40,90,3,103,114,19,52,178,7,54,113,137,23
[ 54] Received message from 178: 1|0,65,167,188,1,158,170,40,90,3,103,114,19,52,178,7,54,113,137
[ 29] Received message from  21: 1|0,65,167,188,1,158,170,40,90,30,33,42,152,174,21,23,29,175
[ 93] Received message from 129: 1|0,65,167,188,1,158,170,40,90,3,103,114,19,52,10,138,6,24,129,93,126,133
[ 23] Received message from 152: 1|0,65,167,188,1,158,170,40,90,30,33,42,152,174,21,23
[ 92] Received message from  91: 1|0,65,167,188,1,151,191,197,163,156,180,115,38,60,91,168,81,92,100
[ 39] Received message from  87: 1|0,65,167,188,1,151,191,197,163,156,180,115,38,60,91,168,55,81,87,39
[147] Received message from 168: 1|0,65,167,188,1,151,191,197,163,156,180,115,38,60,91,168,131,147
[ 12] Received message from  29: 1|0,65,167,188,1,158,170,40,90,30,33,42,152,174,21,23,29,175,12
[113] Received message from 178: 1|0,65,167,188,1,158,170,40,90,3,103,114,19,52,178,7,54,113,137
[ 83] Received message from  93: 1|0,65,167,188,1,158,170,40,90,3,103,114,19,52,10,138,6,24,129,93,126,133,83,109
[152] Sent Broadcast: 1|0,65,167,188,1,158,170,40,90,30,33,42,152,174,21,23
[ 87] Sent Broadcast: 1|0,65,167,188,1,151,191,197,163,156,180,115,38,60,91,168,55,81,87,39
[168] Sent Broadcast: 1|0,65,167,188,1,151,191,197,163,156,180,115,38,60,91,168,131,147
[ 29] Sent Broadcast: 1|0,65,167,188,1,158,170,40,90,30,33,42,152,174,21,23,29,175,12
[ 21] Received message from  23: 1|0,65,167,188,1,158,170,40,90,3,103,114,19,52,178,7,54,113,137,23,21,152,174
[119] Received message from  12: 1|0,65,167,188,1,158,170,40,90,30,33,42,152,174,21,23,29,175,12,119,134,186
[175] Received message from  21: 1|0,65,167,188,1,158,170,40,90,30,33,42,152,174,21,23,29,175
[ 14] Received message from 113: 1|0,65,167,188,1,158,170,40,90,3,103,114,19,52,178,7,54,113,137,14
[ 44] Received message from  39: 1|0,65,167,188,1,151,191,197,163,156,180,115,38,60,91,168,55,81,87,39,44,61
[ 21] Received message from 174: 1|0,65,167,188,1,158,170,40,90,30,33,42,152,174,21,23
[100] Received message from  91: 1|0,65,167,188,1,151,191,197,163,156,180,115,38,60,91,168,81,92,100
[126] Received message from 129: 1|0,65,167,188,1,158,170,40,90,3,103,114,19,52,10,138,6,24,129,93,126,133
[ 51] Received message from  83: 1|0,65,167,188,1,158,170,40,90,3,103,114,19,52,10,138,6,24,129,93,126,133,83,109,51,73,121,169
[ 26] Received message from 119: 1|0,65,167,188,1,158,170,40,90,30,33,42,152,174,21,23,29,175,12,119,134,186,26,72
[117] Received message from  14: 1|0,65,167,188,1,158,170,40,90,3,103,114,19,52,178,7,54,113,137,14,117
[ 15] Received message from  44: 1|0,65,167,188,1,151,191,197,163,156,180,115,38,60,91,168,55,81,87,39,44,61,15,111,149
[ 21] Sent Broadcast: 1|0,65,167,188,1,158,170,40,90,30,33,42,152,174,21,23,29,175
[113] Sent Broadcast: 1|0,65,167,188,1,158,170,40,90,3,103,114,19,52,178,7,54,113,137,14
[109] Received message from  93: 1|0,65,167,188,1,158,170,40,90,3,103,114,19,52,10,138,6,24,129,93,126,133,83,109
[ 91] Sent Broadcast: 1|0,65,167,188,1,151,191,197,163,156,180,115,38,60,91,168,81,92,100
[ 14] Sent Broadcast: 1|0,65,167,188,1,158,170,40,90,3,103,114,19,52,178,7,54,113,137,14,117
[137] Received message from 178: 1|0,65,167,188,1,158,170,40,90,3,103,114,19,52,178,7,54,113,137
[134] Received message from  12: 1|0,65,167,188,1,158,170,40,90,30,33,42,152,174,21,23,29,175,12,119,134,186
[ 79] Received message from 175: 1|0,65,167,188,1,158,170,40,90,30,33,42,152,174,21,23,29,175,79,119
[152] Received message from  23: 1|0,65,167,188,1,158,170,40,90,3,103,114,19,52,178,7,54,113,137,23,21,152,174
[106] Received message from  51: 1|0,65,167,188,1,158,170,40,90,3,103,114,19,52,10,138,6,24,129,93,126,133,83,109,51,73,121,169,106
[ 23] Received message from 174: 1|0,65,167,188,1,158,170,40,90,30,33,42,152,174,21,23
[ 93] Sent Broadcast: 1|0,65,167,188,1,158,170,40,90,3,103,114,19,52,10,138,6,24,129,93,126,133,83,109
[135] Received message from  26: 1|0,65,167,188,1,158,170,40,90,30,33,42,152,174,21,23,29,175,12,119,134,186,26,72,135
[174] Sent Broadcast: 1|0,65,167,188,1,158,170,40,90,30,33,42,152,174,21,23
[133] Received message from 129: 1|0,65,167,188,1,158,170,40,90,3,103,114,19,52,10,138,6,24,129,93,126,133
[ 61] Received message from  39: 1|0,65,167,188,1,151,191,197,163,156,180,115,38,60,91,168,55,81,87,39,44,61
[ 26] Received message from 134: 1|0,65,167,188,1,158,170,40,90,30,33,42,152,174,21,23,29,175,12,119,134,186,26
[107] Received message from 117: 1|0,65,167,188,1,158,170,40,90,3,103,114,19,52,178,7,54,113,137,14,117,107
[ 73] Received message from  83: 1|0,65,167,188,1,158,170,40,90,3,103,114,19,52,10,138,6,24,129,93,126,133,83,109,51,73,121,169
[ 25] Received message from  79: 1|0,65,167,188,1,158,170,40,90,30,33,42,152,174,21,23,29,175,79,119,25,99
[ 14] Received message from 137: 1|0,65,167,188,1,158,170,40,90,3,103,114,19,52,178,7,54,113,137,14,117
[111] Received message from  44: 1|0,65,167,188,1,151,191,197,163,156,180,115,38,60,91,168,55,81,87,39,44,61,15,111,149
[109] Received message from 133: 1|0,65,167,188,1,158,170,40,90,3,103,114,19,52,10,138,6,24,129,93,126,133,109
[ 49] Received message from 135: 1|0,65,167,188,1,158,170,40,90,30,33,42,152,174,21,23,29,175,12,119,134,186,26,72,135,49
[111] Received message from  61: 1|0,65,167,188,1,151,191,197,163,156,180,115,38,60,91,168,55,81,87,39,44,61,111
[ 72] Received message from 119: 1|0,65,167,188,1,158,170,40,90,30,33,42,152,174,21,23,29,175,12,119,134,186,26,72
[ 13] Received message from 107: 1|0,65,167,188,1,158,170,40,90,3,103,114,19,52,178,7,54,113,137,14,117,107,13,16,28
[178] Sent Broadcast: 1|0,65,167,188,1,158,170,40,90,3,103,114,19,52,178,7,54,113,137
[129] Sent Broadcast: 1|0,65,167,188,1,158,170,40,90,3,103,114,19,52,10,138,6,24,129,93,126,133
[ 51] Sent Broadcast: 1|0,65,167,188,1,158,170,40,90,3,103,114,19,52,10,138,6,24,129,93,126,133,83,109,51,73,121,169,106
[ 26] Sent Broadcast: 1|0,65,167,188,1,158,170,40,90,30,33,42,152,174,21,23,29,175,12,119,134,186,26,72,135
[ 39] Sent Broadcast: 1|0,65,167,188,1,151,191,197,163,156,180,115,38,60,91,168,55,81,87,39,44,61
[134] Sent Broadcast: 1|0,65,167,188,1,158,170,40,90,30,33,42,152,174,21,23,29,175,12,119,134,186,26
[117] Sent Broadcast: 1|0,65,167,188,1,158,170,40,90,3,103,114,19,52,178,7,54,113,137,14,117,107
[ 61] Sent Broadcast: 1|0,65,167,188,1,151,191,197,163,156,180,115,38,60,91,168,55,81,87,39,44,61,111
[133] Sent Broadcast: 1|0,65,167,188,1,158,170,40,90,3,103,114,19,52,10,138,6,24,129,93,126,133,109
[ 77] Received message from 106: 1|0,65,167,188,1,158,170,40,90,3,103,114,19,52,10,138,6,24,129,93,126,133,83,109,51,73,121,169,106,77,124
[135] Sent Broadcast: 1|0,65,167,188,1,158,170,40,90,30,33,42,152,174,21,23,29,175,12,119,134,186,26,72,135,49
[119] Sent Broadcast: 1|0,65,167,188,1,158,170,40,90,30,33,42,152,174,21,23,29,175,12,119,134,186,26,72
[ 72] Received message from  25: 1|0,65,167,188,1,158,170,40,90,30,33,42,152,174,21,23,29,175,79,119,25,99,72,85
[117] Received message from 137: 1|0,65,167,188,1,158,170,40,90,3,103,114,19,52,178,7,54,113,137,14,117
[149] Received message from  44: 1|0,65,167,188,1,151,191,197,163,156,180,115,38,60,91,168,55,81,87,39,44,61,15,111,149
[119] Received message from 175: 1|0,65,167,188,1,158,170,40,90,30,33,42,152,174,21,23,29,175,79,119
[174] Received message from  23: 1|0,65,167,188,1,158,170,40,90,3,103,114,19,52,178,7,54,113,137,23,21,152,174
[137] Sent Broadcast: 1|0,65,167,188,1,158,170,40,90,3,103,114,19,52,178,7,54,113,137,14,117
[ 99] Received message from  79: 1|0,65,167,188,1,158,170,40,90,30,33,42,152,174,21,23,29,175,79,119,25,99
[186] Received message from  12: 1|0,65,167,188,1,158,170,40,90,30,33,42,152,174,21,23,29,175,12,119,134,186
[ 25] Received message from  72: 1|0,65,167,188,1,158,170,40,90,30,33,42,152,174,21,23,29,175,12,119,134,186,26,72,25,85,135
[ 85] Received message from  25: 1|0,65,167,188,1,158,170,40,90,30,33,42,152,174,21,23,29,175,79,119,25,99,72,85
[106] Received message from  73: 1|0,65,167,188,1,158,170,40,90,3,103,114,19,52,10,138,6,24,129,93,126,133,83,109,51,73,121,169,106
[124] Received message from 106: 1|0,65,167,188,1,158,170,40,90,3,103,114,19,52,10,138,6,24,129,93,126,133,83,109,51,73,121,169,106,77,124
[121] Received message from  83: 1|0,65,167,188,1,158,170,40,90,3,103,114,19,52,10,138,6,24,129,93,126,133,83,109,51,73,121,169
[ 79] Sent Broadcast: 1|0,65,167,188,1,158,170,40,90,30,33,42,152,174,21,23,29,175,79,119,25,99
[ 16] Received message from 107: 1|0,65,167,188,1,158,170,40,90,3,103,114,19,52,178,7,54,113,137,14,117,107,13,16,28
[ 69] Received message from 149: 1|0,65,167,188,1,151,191,197,163,156,180,115,38,60,91,168,55,81,87,39,44,61,15,111,149,69
[ 37] Received message from  49: 1|0,65,167,188,1,158,170,40,90,30,33,42,152,174,21,23,29,175,12,119,134,186,26,72,135,49,37,57,68
[ 23] Sent Broadcast: 1|0,65,167,188,1,158,170,40,90,3,103,114,19,52,178,7,54,113,137,23,21,152,174
[ 44] Sent Broadcast: 1|0,65,167,188,1,151,191,197,163,156,180,115,38,60,91,168,55,81,87,39,44,61,15,111,149
[175] Sent Broadcast: 1|0,65,167,188,1,158,170,40,90,30,33,42,152,174,21,23,29,175,79,119
[ 12] Sent Broadcast: 1|0,65,167,188,1,158,170,40,90,30,33,42,152,174,21,23,29,175,12,119,134,186
[ 25] Sent Broadcast: 1|0,65,167,188,1,158,170,40,90,30,33,42,152,174,21,23,29,175,79,119,25,99,72,85
[149] Sent Broadcast: 1|0,65,167,188,1,151,191,197,163,156,180,115,38,60,91,168,55,81,87,39,44,61,15,111,149,69
[ 82] Received message from 124: 1|0,65,167,188,1,158,170,40,90,3,103,114,19,52,10,138,6,24,129,93,126,133,83,109,51,73,121,169,106,77,124,82
[ 96] Received message from  69: 1|0,65,167,188,1,151,191,197,163,156,180,115,38,60,91,168,55,81,87,39,44,61,15,111,149,69,96,118
[ 73] Sent Broadcast: 1|0,65,167,188,1,158,170,40,90,3,103,114,19,52,10,138,6,24,129,93,126,133,83,109,51,73,121,169,106
[106] Received message from 121: 1|0,65,167,188,1,158,170,40,90,3,103,114,19,52,10,138,6,24,129,93,126,133,83,109,51,73,121,169,106
[122] Received message from  77: 1|0,65,167,188,1,158,170,40,90,3,103,114,19,52,10,138,6,24,129,93,126,133,83,109,51,73,121,169,106,77,124,122,173
[169] Received message from  83: 1|0,65,167,188,1,158,170,40,90,3,103,114,19,52,10,138,6,24,129,93,126,133,83,109,51,73,121,169
[ 62] Received message from  37: 1|0,65,167,188,1,158,170,40,90,30,33,42,152,174,21,23,29,175,12,119,134,186,26,72,135,49,37,57,68,62,128
[ 57] Received message from  49: 1|0,65,167,188,1,158,170,40,90,30,33,42,152,174,21,23,29,175,12,119,134,186,26,72,135,49,37,57,68
[ 85] Received message from  72: 1|0,65,167,188,1,158,170,40,90,30,33,42,152,174,21,23,29,175,12,119,134,186,26,72,25,85,135
[ 56] Received message from  85: 1|0,65,167,188,1,158,170,40,90,30,33,42,152,174,21,23,29,175,79,119,25,99,72,85,56
[124] Sent Broadcast: 1|0,65,167,188,1,158,170,40,90,3,103,114,19,52,10,138,6,24,129,93,126,133,83,109,51,73,121,169,106,77,124,82
[121] Sent Broadcast: 1|0,65,167,188,1,158,170,40,90,3,103,114,19,52,10,138,6,24,129,93,126,133,83,109,51,73,121,169,106
[ 28] Received message from 107: 1|0,65,167,188,1,158,170,40,90,3,103,114,19,52,178,7,54,113,137,14,117,107,13,16,28
[106] Sent Broadcast: 1|0,65,167,188,1,158,170,40,90,3,103,114,19,52,10,138,6,24,129,93,126,133,83,109,51,73,121,169,106,77,124
[140] Received message from  82: 1|0,65,167,188,1,158,170,40,90,3,103,114,19,52,10,138,6,24,129,93,126,133,83,109,51,73,121,169,106,77,124,82,140,166,189
[ 83] Sent Broadcast: 1|0,65,167,188,1,158,170,40,90,3,103,114,19,52,10,138,6,24,129,93,126,133,83,109,51,73,121,169
[107] Sent Broadcast: 1|0,65,167,188,1,158,170,40,90,3,103,114,19,52,178,7,54,113,137,14,117,107,13,16,28
[106] Received message from 169: 1|0,65,167,188,1,158,170,40,90,3,103,114,19,52,10,138,6,24,129,93,126,133,83,109,51,73,121,169,106
[169] Sent Broadcast: 1|0,65,167,188,1,158,170,40,90,3,103,114,19,52,10,138,6,24,129,93,126,133,83,109,51,73,121,169,106
[ 80] Received message from  62: 1|0,65,167,188,1,158,170,40,90,30,33,42,152,174,21,23,29,175,12,119,134,186,26,72,135,49,37,57,68,62,128,80
[ 85] Sent Broadcast: 1|0,65,167,188,1,158,170,40,90,30,33,42,152,174,21,23,29,175,79,119,25,99,72,85,56
[ 57] Received message from  56: 1|0,65,167,188,1,158,170,40,90,30,33,42,152,174,21,23,29,175,79,119,25,99,72,85,56,57,63,68,132,190
[118] Received message from  69: 1|0,65,167,188,1,151,191,197,163,156,180,115,38,60,91,168,55,81,87,39,44,61,15,111,149,69,96,118
[ 56] Received message from  57: 1|0,65,167,188,1,158,170,40,90,30,33,42,152,174,21,23,29,175,12,119,134,186,26,72,135,49,37,57,68,56,132,154,190
[173] Received message from  77: 1|0,65,167,188,1,158,170,40,90,3,103,114,19,52,10,138,6,24,129,93,126,133,83,109,51,73,121,169,106,77,124,122,173
[153] Received message from  96: 1|0,65,167,188,1,151,191,197,163,156,180,115,38,60,91,168,55,81,87,39,44,61,15,111,149,69,96,118,153
[104] Received message from 140: 1|0,65,167,188,1,158,170,40,90,3,103,114,19,52,10,138,6,24,129,93,126,133,83,109,51,73,121,169,106,77,124,82,140,166,189,104,108
[ 62] Sent Broadcast: 1|0,65,167,188,1,158,170,40,90,30,33,42,152,174,21,23,29,175,12,119,134,186,26,72,135,49,37,57,68,62,128,80
[ 69] Sent Broadcast: 1|0,65,167,188,1,151,191,197,163,156,180,115,38,60,91,168,55,81,87,39,44,61,15,111,149,69,96,118
[135] Received message from  72: 1|0,65,167,188,1,158,170,40,90,30,33,42,152,174,21,23,29,175,12,119,134,186,26,72,25,85,135
[ 71] Received message from 173: 1|0,65,167,188,1,158,170,40,90,3,103,114,19,52,10,138,6,24,129,93,126,133,83,109,51,73,121,169,106,77,124,122,173,71
[ 68] Received message from  49: 1|0,65,167,188,1,158,170,40,90,30,33,42,152,174,21,23,29,175,12,119,134,186,26,72,135,49,37,57,68
[128] Received message from  37: 1|0,65,167,188,1,158,170,40,90,30,33,42,152,174,21,23,29,175,12,119,134,186,26,72,135,49,37,57,68,62,128
[ 72] Sent Broadcast: 1|0,65,167,188,1,158,170,40,90,30,33,42,152,174,21,23,29,175,12,119,134,186,26,72,25,85,135
[ 63] Received message from  56: 1|0,65,167,188,1,158,170,40,90,30,33,42,152,174,21,23,29,175,79,119,25,99,72,85,56,57,63,68,132,190
[ 77] Sent Broadcast: 1|0,65,167,188,1,158,170,40,90,3,103,114,19,52,10,138,6,24,129,93,126,133,83,109,51,73,121,169,106,77,124,122,173
[153] Received message from 118: 1|0,65,167,188,1,151,191,197,163,156,180,115,38,60,91,168,55,81,87,39,44,61,15,111,149,69,96,118,153
[ 96] Sent Broadcast: 1|0,65,167,188,1,151,191,197,163,156,180,115,38,60,91,168,55,81,87,39,44,61,15,111,149,69,96,118,153
[173] Sent Broadcast: 1|0,65,167,188,1,158,170,40,90,3,103,114,19,52,10,138,6,24,129,93,126,133,83,109,51,73,121,169,106,77,124,122,173,71
[ 49] Sent Broadcast: 1|0,65,167,188,1,158,170,40,90,30,33,42,152,174,21,23,29,175,12,119,134,186,26,72,135,49,37,57,68
[166] Received message from  82: 1|0,65,167,188,1,158,170,40,90,3,103,114,19,52,10,138,6,24,129,93,126,133,83,109,51,73,121,169,106,77,124,82,140,166,189
[ 37] Sent Broadcast: 1|0,65,167,188,1,158,170,40,90,30,33,42,152,174,21,23,29,175,12,119,134,186,26,72,135,49,37,57,68,62,128
[ 48] Received message from 153: 1|0,65,167,188,1,151,191,197,163,156,180,115,38,60,91,168,55,81,87,39,44,61,15,111,149,69,96,118,153,48
[153] Sent Broadcast: 1|0,65,167,188,1,151,191,197,163,156,180,115,38,60,91,168,55,81,87,39,44,61,15,111,149,69,96,118,153,48
[118] Sent Broadcast: 1|0,65,167,188,1,151,191,197,163,156,180,115,38,60,91,168,55,81,87,39,44,61,15,111,149,69,96,118,153
[132] Received message from  57: 1|0,65,167,188,1,158,170,40,90,30,33,42,152,174,21,23,29,175,12,119,134,186,26,72,135,49,37,57,68,56,132,154,190
[ 56] Received message from  68: 1|0,65,167,188,1,158,170,40,90,30,33,42,152,174,21,23,29,175,12,119,134,186,26,72,135,49,37,57,68,56,132,154,190
[ 80] Received message from 128: 1|0,65,167,188,1,158,170,40,90,30,33,42,152,174,21,23,29,175,12,119,134,186,26,72,135,49,37,57,68,62,128,80
[128] Sent Broadcast: 1|0,65,167,188,1,158,170,40,90,30,33,42,152,174,21,23,29,175,12,119,134,186,26,72,135,49,37,57,68,62,128,80
[ 68] Received message from  56: 1|0,65,167,188,1,158,170,40,90,30,33,42,152,174,21,23,29,175,79,119,25,99,72,85,56,57,63,68,132,190
[ 35] Received message from  48: 1|65,167,188,1,151,191,197,163,156,180,115,38,60,91,168,55,81,87,39,44,61,15,111,149,69,96,118,153,48,35
[189] Received message from  82: 1|0,65,167,188,1,158,170,40,90,3,103,114,19,52,10,138,6,24,129,93,126,133,83,109,51,73,121,169,106,77,124,82,140,166,189
[108] Received message from 140: 1|0,65,167,188,1,158,170,40,90,3,103,114,19,52,10,138,6,24,129,93,126,133,83,109,51,73,121,169,106,77,124,82,140,166,189,104,108
[104] Received message from 166: 1|0,65,167,188,1,158,170,40,90,3,103,114,19,52,10,138,6,24,129,93,126,133,83,109,51,73,121,169,106,77,124,82,140,166,189,104
[ 48] Sent Broadcast: 1|65,167,188,1,151,191,197,163,156,180,115,38,60,91,168,55,81,87,39,44,61,15,111,149,69,96,118,153,48,35
[ 84] Received message from  35: 1|167,188,1,151,191,197,163,156,180,115,38,60,91,168,55,81,87,39,44,61,15,111,149,69,96,118,153,48,35,84
[132] Received message from  68: 1|0,65,167,188,1,158,170,40,90,30,33,42,152,174,21,23,29,175,12,119,134,186,26,72,135,49,37,57,68,56,132,154,190
[ 35] Sent Broadcast: 1|167,188,1,151,191,197,163,156,180,115,38,60,91,168,55,81,87,39,44,61,15,111,149,69,96,118,153,48,35,84
[ 82] Sent Broadcast: 1|0,65,167,188,1,158,170,40,90,3,103,114,19,52,10,138,6,24,129,93,126,133,83,109,51,73,121,169,106,77,124,82,140,166,189
[140] Sent Broadcast: 1|0,65,167,188,1,158,170,40,90,3,103,114,19,52,10,138,6,24,129,93,126,133,83,109,51,73,121,169,106,77,124,82,140,166,189,104,108
[166] Sent Broadcast: 1|0,65,167,188,1,158,170,40,90,3,103,114,19,52,10,138,6,24,129,93,126,133,83,109,51,73,121,169,106,77,124,82,140,166,189,104
[154] Received message from  57: 1|0,65,167,188,1,158,170,40,90,30,33,42,152,174,21,23,29,175,12,119,134,186,26,72,135,49,37,57,68,56,132,154,190
[132] Received message from  56: 1|0,65,167,188,1,158,170,40,90,30,33,42,152,174,21,23,29,175,79,119,25,99,72,85,56,57,63,68,132,190
[125] Received message from 108: 1|0,65,167,188,1,158,170,40,90,3,103,114,19,52,10,138,6,24,129,93,126,133,83,109,51,73,121,169,106,77,124,82,140,166,189,104,108,125,130
[154] Received message from  68: 1|0,65,167,188,1,158,170,40,90,30,33,42,152,174,21,23,29,175,12,119,134,186,26,72,135,49,37,57,68,56,132,154,190
[130] Received message from 108: 1|0,65,167,188,1,158,170,40,90,3,103,114,19,52,10,138,6,24,129,93,126,133,83,109,51,73,121,169,106,77,124,82,140,166,189,104,108,125,130
[108] Sent Broadcast: 1|0,65,167,188,1,158,170,40,90,3,103,114,19,52,10,138,6,24,129,93,126,133,83,109,51,73,121,169,106,77,124,82,140,166,189,104,108,125,130
[190] Received message from  57: 1|0,65,167,188,1,158,170,40,90,30,33,42,152,174,21,23,29,175,12,119,134,186,26,72,135,49,37,57,68,56,132,154,190
[ 70] Received message from  84: 1|188,1,151,191,197,163,156,180,115,38,60,91,168,55,81,87,39,44,61,15,111,149,69,96,118,153,48,35,84,70
[190] Received message from  56: 1|0,65,167,188,1,158,170,40,90,30,33,42,152,174,21,23,29,175,79,119,25,99,72,85,56,57,63,68,132,190
[190] Received message from  68: 1|0,65,167,188,1,158,170,40,90,30,33,42,152,174,21,23,29,175,12,119,134,186,26,72,135,49,37,57,68,56,132,154,190
[120] Received message from  70: 1|1,151,191,197,163,156,180,115,38,60,91,168,55,81,87,39,44,61,15,111,149,69,96,118,153,48,35,84,70,120,187
[104] Received message from 189: 1|0,65,167,188,1,158,170,40,90,3,103,114,19,52,10,138,6,24,129,93,126,133,83,109,51,73,121,169,106,77,124,82,140,166,189,104,108,130
[ 56] Sent Broadcast: 1|0,65,167,188,1,158,170,40,90,30,33,42,152,174,21,23,29,175,79,119,25,99,72,85,56,57,63,68,132,190
[ 68] Sent Broadcast: 1|0,65,167,188,1,158,170,40,90,30,33,42,152,174,21,23,29,175,12,119,134,186,26,72,135,49,37,57,68,56,132,154,190
[ 84] Sent Broadcast: 1|188,1,151,191,197,163,156,180,115,38,60,91,168,55,81,87,39,44,61,15,111,149,69,96,118,153,48,35,84,70
[ 57] Sent Broadcast: 1|0,65,167,188,1,158,170,40,90,30,33,42,152,174,21,23,29,175,12,119,134,186,26,72,135,49,37,57,68,56,132,154,190
[108] Received message from 189: 1|0,65,167,188,1,158,170,40,90,3,103,114,19,52,10,138,6,24,129,93,126,133,83,109,51,73,121,169,106,77,124,82,140,166,189,104,108,130
[187] Received message from  70: 1|1,151,191,197,163,156,180,115,38,60,91,168,55,81,87,39,44,61,15,111,149,69,96,118,153,48,35,84,70,120,187
[146] Received message from 120: 1|1,151,191,197,163,156,180,115,38,60,91,168,55,81,87,39,44,61,15,111,149,69,96,118,153,48,35,84,70,120,187,146,176,185
[ 70] Sent Broadcast: 1|1,151,191,197,163,156,180,115,38,60,91,168,55,81,87,39,44,61,15,111,149,69,96,118,153,48,35,84,70,120,187
[130] Received message from 189: 1|0,65,167,188,1,158,170,40,90,3,103,114,19,52,10,138,6,24,129,93,126,133,83,109,51,73,121,169,106,77,124,82,140,166,189,104,108,130
[189] Sent Broadcast: 1|0,65,167,188,1,158,170,40,90,3,103,114,19,52,10,138,6,24,129,93,126,133,83,109,51,73,121,169,106,77,124,82,140,166,189,104,108,130
[146] Received message from 187: 1|1,151,191,197,163,156,180,115,38,60,91,168,55,81,87,39,44,61,15,111,149,69,96,118,153,48,35,84,70,120,187,146,185
[116] Received message from 146: 1|1,151,191,197,163,156,180,115,38,60,91,168,55,81,87,39,44,61,15,111,149,69,96,118,153,48,35,84,70,120,187,146,176,185,116
[ 22] Received message from   2: 2|0,22,95,184
[176] Received message from 120: 1|1,151,191,197,163,156,180,115,38,60,91,168,55,81,87,39,44,61,15,111,149,69,96,118,153,48,35,84,70,120,187,146,176,185
[161] Received message from  22: 2|0,22,95,184,2,161,196
[146] Sent Broadcast: 1|1,151,191,197,163,156,180,115,38,60,91,168,55,81,87,39,44,61,15,111,149,69,96,118,153,48,35,84,70,120,187,146,176,185,116
[116] Received message from 176: 1|1,151,191,197,163,156,180,115,38,60,91,168,55,81,87,39,44,61,15,111,149,69,96,118,153,48,35,84,70,120,187,146,176,185,116
[185] Received message from 187: 1|1,151,191,197,163,156,180,115,38,60,91,168,55,81,87,39,44,61,15,111,149,69,96,118,153,48,35,84,70,120,187,146,185
[  8] Received message from 161: 2|0,22,95,184,2,161,196,8,27
[185] Received message from 120: 1|1,151,191,197,163,156,180,115,38,60,91,168,55,81,87,39,44,61,15,111,149,69,96,118,153,48,35,84,70,120,187,146,176,185
[ 95] Received message from   2: 2|0,22,95,184
[176] Sent Broadcast: 1|1,151,191,197,163,156,180,115,38,60,91,168,55,81,87,39,44,61,15,111,149,69,96,118,153,48,35,84,70,120,187,146,176,185,116
[187] Sent Broadcast: 1|1,151,191,197,163,156,180,115,38,60,91,168,55,81,87,39,44,61,15,111,149,69,96,118,153,48,35,84,70,120,187,146,185
[120] Sent Broadcast: 1|1,151,191,197,163,156,180,115,38,60,91,168,55,81,87,39,44,61,15,111,149,69,96,118,153,48,35,84,70,120,187,146,176,185
[184] Received message from   2: 2|0,22,95,184
[116] Received message from 185: 1|1,151,191,197,163,156,180,115,38,60,91,168,55,81,87,39,44,61,15,111,149,69,96,118,153,48,35,84,70,120,187,146,185,116,176
[ 27] Received message from 161: 2|0,22,95,184,2,161,196,8,27
[ 41] Received message from   8: 2|0,22,95,184,2,161,196,8,27,41,139,171
[  2] Sent Broadcast: 2|0,22,95,184
[ 41] Received message from  95: 2|0,22,95,184,2,41,181,192
[196] Received message from  22: 2|0,22,95,184,2,161,196
[161] Received message from 184: 2|0,22,95,184,2,161,196
[ 22] Sent Broadcast: 2|0,22,95,184,2,161,196
[ 41] Received message from  27: 2|0,22,95,184,2,161,196,8,27,41,139,171
[176] Received message from 185: 1|1,151,191,197,163,156,180,115,38,60,91,168,55,81,87,39,44,61,15,111,149,69,96,118,153,48,35,84,70,120,187,146,185,116,176
[181] Received message from  41: 2|0,22,95,184,2,161,196,8,27,41,139,171,181
[161] Sent Broadcast: 2|0,22,95,184,2,161,196,8,27
[ 41] Sent Broadcast: 2|0,22,95,184,2,161,196,8,27,41,139,171,181
[185] Sent Broadcast: 1|1,151,191,197,163,156,180,115,38,60,91,168,55,81,87,39,44,61,15,111,149,69,96,118,153,48,35,84,70,120,187,146,185,116,176
[145] Received message from 196: 2|0,22,95,184,2,161,196,145
[181] Received message from  95: 2|0,22,95,184,2,41,181,192
[ 58] Received message from 181: 2|0,22,95,184,2,161,196,8,27,41,139,171,181,58,141,192
[196] Received message from 184: 2|0,22,95,184,2,161,196
[196] Sent Broadcast: 2|0,22,95,184,2,161,196,145
[139] Received message from   8: 2|0,22,95,184,2,161,196,8,27,41,139,171
[ 98] Received message from  58: 2|0,22,95,184,2,161,196,8,27,41,139,171,181,58,141,192,98,112,183,195
[184] Sent Broadcast: 2|0,22,95,184,2,161,196
[139] Received message from  27: 2|0,22,95,184,2,161,196,8,27,41,139,171
[192] Received message from  95: 2|0,22,95,184,2,41,181,192
[101] Received message from  98: 2|0,22,95,184,2,161,196,8,27,41,139,171,181,58,141,192,98,112,183,195,101,110
[141] Received message from 181: 2|0,22,95,184,2,161,196,8,27,41,139,171,181,58,141,192
[112] Received message from  58: 2|0,22,95,184,2,161,196,8,27,41,139,171,181,58,141,192,98,112,183,195
[ 58] Received message from 192: 2|0,22,95,184,2,41,181,192,58,98,141,195
[ 64] Received message from 101: 2|0,22,95,184,2,161,196,8,27,41,139,171,181,58,141,192,98,112,183,195,101,110,64
[ 95] Sent Broadcast: 2|0,22,95,184,2,41,181,192
[171] Received message from   8: 2|0,22,95,184,2,161,196,8,27,41,139,171
[171] Received message from  27: 2|0,22,95,184,2,161,196,8,27,41,139,171
[ 64] Received message from 112: 2|0,22,95,184,2,161,196,8,27,41,139,171,181,58,141,192,98,112,183,195,64,101
[101] Sent Broadcast: 2|0,22,95,184,2,161,196,8,27,41,139,171,181,58,141,192,98,112,183,195,101,110,64
[  8] Sent Broadcast: 2|0,22,95,184,2,161,196,8,27,41,139,171
[ 27] Sent Broadcast: 2|0,22,95,184,2,161,196,8,27,41,139,171
[123] Received message from  64: 2|0,22,95,184,2,161,196,8,27,41,139,171,181,58,141,192,98,112,183,195,101,110,64,123
[ 64] Received message from 141: 2|0,22,95,184,2,161,196,8,27,41,139,171,181,58,141,192,64,101,112,123,195
[110] Received message from  98: 2|0,22,95,184,2,161,196,8,27,41,139,171,181,58,141,192,98,112,183,195,101,110
[183] Received message from  58: 2|0,22,95,184,2,161,196,8,27,41,139,171,181,58,141,192,98,112,183,195
[ 64] Sent Broadcast: 2|0,22,95,184,2,161,196,8,27,41,139,171,181,58,141,192,98,112,183,195,101,110,64,123
[ 98] Received message from 192: 2|0,22,95,184,2,41,181,192,58,98,141,195
[192] Received message from 181: 2|0,22,95,184,2,161,196,8,27,41,139,171,181,58,141,192
[ 36] Received message from 110: 2|0,22,95,184,2,161,196,8,27,41,139,171,181,58,141,192,98,112,183,195,101,110,36
[ 47] Received message from 123: 2|0,22,95,184,2,161,196,8,27,41,139,171,181,58,141,192,98,112,183,195,101,110,64,123,47
[101] Received message from 112: 2|0,22,95,184,2,161,196,8,27,41,139,171,181,58,141,192,98,112,183,195,64,101
[182] Received message from 171: 2|0,22,95,184,2,161,196,8,27,41,139,171,182
[ 98] Sent Broadcast: 2|0,22,95,184,2,161,196,8,27,41,139,171,181,58,141,192,98,112,183,195,101,110
[181] Sent Broadcast: 2|0,22,95,184,2,161,196,8,27,41,139,171,181,58,141,192
[123] Sent Broadcast: 2|0,22,95,184,2,161,196,8,27,41,139,171,181,58,141,192,98,112,183,195,101,110,64,123,47
[110] Sent Broadcast: 2|0,22,95,184,2,161,196,8,27,41,139,171,181,58,141,192,98,112,183,195,101,110,36
[112] Sent Broadcast: 2|0,22,95,184,2,161,196,8,27,41,139,171,181,58,141,192,98,112,183,195,64,101
[195] Received message from  58: 2|0,22,95,184,2,161,196,8,27,41,139,171,181,58,141,192,98,112,183,195
[101] Received message from 141: 2|0,22,95,184,2,161,196,8,27,41,139,171,181,58,141,192,64,101,112,123,195
[105] Received message from  47: 2|0,22,95,184,2,161,196,8,27,41,139,171,181,58,141,192,98,112,183,195,101,110,64,123,47,105
[ 36] Received message from 183: 2|0,22,95,184,2,161,196,8,27,41,139,171,181,58,141,192,98,112,183,195,36,110
[171] Sent Broadcast: 2|0,22,95,184,2,161,196,8,27,41,139,171,182
[ 58] Sent Broadcast: 2|0,22,95,184,2,161,196,8,27,41,139,171,181,58,141,192,98,112,183,195
[ 47] Sent Broadcast: 2|0,22,95,184,2,161,196,8,27,41,139,171,181,58,141,192,98,112,183,195,101,110,64,123,47,105
[141] Received message from 192: 2|0,22,95,184,2,41,181,192,58,98,141,195
[ 59] Received message from 105: 2|0,22,95,184,2,161,196,8,27,41,139,171,181,58,141,192,98,112,183,195,101,110,64,123,47,105,59,144
[ 64] Received message from 195: 2|0,22,95,184,2,161,196,8,27,41,139,171,181,58,141,192,98,112,183,195,64,101
[144] Received message from 105: 2|0,22,95,184,2,161,196,8,27,41,139,171,181,58,141,192,98,112,183,195,101,110,64,123,47,105,59,144
[195] Received message from 192: 2|0,22,95,184,2,41,181,192,58,98,141,195
[101] Received message from 195: 2|0,22,95,184,2,161,196,8,27,41,139,171,181,58,141,192,98,112,183,195,64,101
[112] Received message from 141: 2|0,22,95,184,2,161,196,8,27,41,139,171,181,58,141,192,64,101,112,123,195
[ 17] Received message from  59: 2|0,22,95,184,2,161,196,8,27,41,139,171,181,58,141,192,98,112,183,195,101,110,64,123,47,105,59,144,17,199
[192] Sent Broadcast: 2|0,22,95,184,2,41,181,192,58,98,141,195
[105] Sent Broadcast: 2|0,22,95,184,2,161,196,8,27,41,139,171,181,58,141,192,98,112,183,195,101,110,64,123,47,105,59,144
[110] Received message from 183: 2|0,22,95,184,2,161,196,8,27,41,139,171,181,58,141,192,98,112,183,195,36,110
[195] Sent Broadcast: 2|0,22,95,184,2,161,196,8,27,41,139,171,181,58,141,192,98,112,183,195,64,101
[183] Sent Broadcast: 2|0,22,95,184,2,161,196,8,27,41,139,171,181,58,141,192,98,112,183,195,36,110
[ 88] Received message from 144: 2|0,22,95,184,2,161,196,8,27,41,139,171,181,58,141,192,98,112,183,195,101,110,64,123,47,105,59,144,88
[123] Received message from 141: 2|0,22,95,184,2,161,196,8,27,41,139,171,181,58,141,192,64,101,112,123,195
[144] Sent Broadcast: 2|0,22,95,184,2,161,196,8,27,41,139,171,181,58,141,192,98,112,183,195,101,110,64,123,47,105,59,144,88
[ 78] Received message from  17: 2|22,95,184,2,161,196,8,27,41,139,171,181,58,141,192,98,112,183,195,101,110,64,123,47,105,59,144,17,199,78
[199] Received message from  59: 2|0,22,95,184,2,161,196,8,27,41,139,171,181,58,141,192,98,112,183,195,101,110,64,123,47,105,59,144,17,199
[ 17] Sent Broadcast: 2|22,95,184,2,161,196,8,27,41,139,171,181,58,141,192,98,112,183,195,101,110,64,123,47,105,59,144,17,199,78
[ 59] Sent Broadcast: 2|0,22,95,184,2,161,196,8,27,41,139,171,181,58,141,192,98,112,183,195,101,110,64,123,47,105,59,144,17,199
[ 45] Received message from  88: 2|0,22,95,184,2,161,196,8,27,41,139,171,181,58,141,192,98,112,183,195,101,110,64,123,47,105,59,144,88,45,50,159,165,194
[195] Received message from 141: 2|0,22,95,184,2,161,196,8,27,41,139,171,181,58,141,192,64,101,112,123,195
[141] Sent Broadcast: 2|0,22,95,184,2,161,196,8,27,41,139,171,181,58,141,192,64,101,112,123,195
[ 50] Received message from  88: 2|0,22,95,184,2,161,196,8,27,41,139,171,181,58,141,192,98,112,183,195,101,110,64,123,47,105,59,144,88,45,50,159,165,194
[159] Received message from  88: 2|0,22,95,184,2,161,196,8,27,41,139,171,181,58,141,192,98,112,183,195,101,110,64,123,47,105,59,144,88,45,50,159,165,194
[ 76] Received message from  50: 2|0,22,95,184,2,161,196,8,27,41,139,171,181,58,141,192,98,112,183,195,101,110,64,123,47,105,59,144,88,45,50,159,165,194,76
[ 50] Sent Broadcast: 2|0,22,95,184,2,161,196,8,27,41,139,171,181,58,141,192,98,112,183,195,101,110,64,123,47,105,59,144,88,45,50,159,165,194,76
[ 31] Received message from  76: 2|0,22,95,184,2,161,196,8,27,41,139,171,181,58,141,192,98,112,183,195,101,110,64,123,47,105,59,144,88,45,50,159,165,194,76,31,136
[165] Received message from  88: 2|0,22,95,184,2,161,196,8,27,41,139,171,181,58,141,192,98,112,183,195,101,110,64,123,47,105,59,144,88,45,50,159,165,194
[136] Received message from  76: 2|0,22,95,184,2,161,196,8,27,41,139,171,181,58,141,192,98,112,183,195,101,110,64,123,47,105,59,144,88,45,50,159,165,194,76,31,136
[194] Received message from  88: 2|0,22,95,184,2,161,196,8,27,41,139,171,181,58,141,192,98,112,183,195,101,110,64,123,47,105,59,144,88,45,50,159,165,194
[ 76] Sent Broadcast: 2|0,22,95,184,2,161,196,8,27,41,139,171,181,58,141,192,98,112,183,195,101,110,64,123,47,105,59,144,88,45,50,159,165,194,76,31,136
[ 88] Sent Broadcast: 2|0,22,95,184,2,161,196,8,27,41,139,171,181,58,141,192,98,112,183,195,101,110,64,123,47,105,59,144,88,45,50,159,165,194
[ 31] Received message from 194: 2|0,22,95,184,2,161,196,8,27,41,139,171,181,58,141,192,98,112,183,195,101,110,64,123,47,105,59,144,88,45,50,159,165,194,31,76
[ 76] Received message from 194: 2|0,22,95,184,2,161,196,8,27,41,139,171,181,58,141,192,98,112,183,195,101,110,64,123,47,105,59,144,88,45,50,159,165,194,31,76
[194] Sent Broadcast: 2|0,22,95,184,2,161,196,8,27,41,139,171,181,58,141,192,98,112,183,195,101,110,64,123,47,105,59,144,88,45,50,159,165,194,31,76
[ 53] Received message from 136: 2|0,22,95,184,2,161,196,8,27,41,139,171,181,58,141,192,98,112,183,195,101,110,64,123,47,105,59,144,88,45,50,159,165,194,76,31,136,53
[136] Sent Broadcast: 2|0,22,95,184,2,161,196,8,27,41,139,171,181,58,141,192,98,112,183,195,101,110,64,123,47,105,59,144,88,45,50,159,165,194,76,31,136,53
[177] Received message from  53: 2|0,22,95,184,2,161,196,8,27,41,139,171,181,58,141,192,98,112,183,195,101,110,64,123,47,105,59,144,88,45,50,159,165,194,76,31,136,53,177
[ 53] Sent Broadcast: 2|0,22,95,184,2,161,196,8,27,41,139,171,181,58,141,192,98,112,183,195,101,110,64,123,47,105,59,144,88,45,50,159,165,194,76,31,136,53,177
[200] Received message from 177: 2|0,22,95,184,2,161,196,8,27,41,139,171,181,58,141,192,98,112,183,195,101,110,64,123,47,105,59,144,88,45,50,159,165,194,76,31,136,53,177,200
[177] Sent Broadcast: 2|0,22,95,184,2,161,196,8,27,41,139,171,181,58,141,192,98,112,183,195,101,110,64,123,47,105,59,144,88,45,50,159,165,194,76,31,136,53,177,200
[  5] Received message from   4: 4|0,5,18,66,86
[ 18] Received message from   4: 4|0,5,18,66,86
[ 66] Received message from   4: 4|0,5,18,66,86
[ 86] Received message from   4: 4|0,5,18,66,86
[  4] Sent Broadcast: 4|0,5,18,66,86
[ 11] Received message from   9: 9|0,11,20,74,97,150
[ 20] Received message from   9: 9|0,11,20,74,97,150
[198] Received message from  20: 9|0,11,20,74,97,150,9,198
[ 74] Received message from   9: 9|0,11,20,74,97,150
[ 20] Sent Broadcast: 9|0,11,20,74,97,150,9,198
[ 97] Received message from   9: 9|0,11,20,74,97,150
[198] Received message from  74: 9|0,11,20,74,97,150,9,198
[150] Received message from   9: 9|0,11,20,74,97,150
[  9] Sent Broadcast: 9|0,11,20,74,97,150
[ 74] Sent Broadcast: 9|0,11,20,74,97,150,9,198
[198] Received message from  97: 9|0,11,20,74,97,150,9,198
[ 97] Sent Broadcast: 9|0,11,20,74,97,150,9,198
[160] Received message from 150: 9|0,11,20,74,97,150,9,160
[150] Sent Broadcast: 9|0,11,20,74,97,150,9,160
[ 67] Received message from 160: 9|0,11,20,74,97,150,9,160,67
[160] Sent Broadcast: 9|0,11,20,74,97,150,9,160,67
[143] Received message from  32: 32|0,143,162
[102] Received message from 143: 32|0,143,162,32,102,127,148,164
[162] Received message from  32: 32|0,143,162
[ 32] Sent Broadcast: 32|0,143,162
[127] Received message from 143: 32|0,143,162,32,102,127,148,164
[148] Received message from 143: 32|0,143,162,32,102,127,148,164
[102] Received message from 162: 32|0,143,162,32,102,127,148,164
[164] Received message from 143: 32|0,143,162,32,102,127,148,164
[127] Received message from 162: 32|0,143,162,32,102,127,148,164
[143] Sent Broadcast: 32|0,143,162,32,102,127,148,164
[148] Received message from 162: 32|0,143,162,32,102,127,148,164
[164] Received message from 162: 32|0,143,162,32,102,127,148,164
[162] Sent Broadcast: 32|0,143,162,32,102,127,148,164
[172] Received message from  43: 43|0,172
[ 43] Sent Broadcast: 43|0,172
[142] Received message from  46: 46|0,142
[ 46] Sent Broadcast: 46|0,142
[193] Received message from 155: 155|0,193
[155] Sent Broadcast: 155|0,193
[179] Received message from 157: 157|0,179
[157] Sent Broadcast: 157|0,179
