[ 84] Received message from   1: 1|0,84,137,141
[137] Received message from   1: 1|0,84,137,141
[ 28] Received message from  84: 1|0,84,137,141,1,28
[ 84] Sent Broadcast: 1|0,84,137,141,1,28
[141] Received message from   1: 1|0,84,137,141
[  1] Sent Broadcast: 1|0,84,137,141
[ 38] Received message from  28: 1|0,84,137,141,1,28,38,156
[156] Received message from  28: 1|0,84,137,141,1,28,38,156
[ 28] Received message from 141: 1|0,84,137,141,1,28
[ 28] Sent Broadcast: 1|0,84,137,141,1,28,38,156
[141] Sent Broadcast: 1|0,84,137,141,1,28
[ 71] Received message from 156: 1|0,84,137,141,1,28,38,156,71
[156] Sent Broadcast: 1|0,84,137,141,1,28,38,156,71
[113] Received message from  71: 1|0,84,137,141,1,28,38,156,71,113,190
[190] Received message from  71: 1|0,84,137,141,1,28,38,156,71,113,190
[ 71] Sent Broadcast: 1|0,84,137,141,1,28,38,156,71,113,190
[ 68] Received message from   2: 2|0,68,114,163,164,188,195
[114] Received message from   2: 2|0,68,114,163,164,188,195
[ 21] Received message from  68: 2|0,68,114,163,164,188,195,2,21,42,99
[163] Received message from   2: 2|0,68,114,163,164,188,195
[ 42] Received message from  68: 2|0,68,114,163,164,188,195,2,21,42,99
[138] Received message from  21: 2|0,68,114,163,164,188,195,2,21,42,99,138,145
[164] Received message from   2: 2|0,68,114,163,164,188,195
[ 99] Received message from  68: 2|0,68,114,163,164,188,195,2,21,42,99
[ 68] Sent Broadcast: 2|0,68,114,163,164,188,195,2,21,42,99
[145] Received message from  21: 2|0,68,114,163,164,188,195,2,21,42,99,138,145
[188] Received message from   2: 2|0,68,114,163,164,188,195
[138] Received message from  42: 2|0,68,114,163,164,188,195,2,21,42,99,138,145
[ 21] Sent Broadcast: 2|0,68,114,163,164,188,195,2,21,42,99,138,145
[ 29] Received message from  99: 2|0,68,114,163,164,188,195,2,21,42,99,29,105,187
[195] Received message from   2: 2|0,68,114,163,164,188,195
[ 21] Received message from 188: 2|0,68,114,163,164,188,195,2,21,42
[105] Received message from  99: 2|0,68,114,163,164,188,195,2,21,42,99,29,105,187
[145] Received message from  42: 2|0,68,114,163,164,188,195,2,21,42,99,138,145
[  2] Sent Broadcast: 2|0,68,114,163,164,188,195
[ 42] Sent Broadcast: 2|0,68,114,163,164,188,195,2,21,42,99,138,145
[ 46] Received message from 195: 2|0,68,114,163,164,188,195,2,46,112
[ 42] Received message from 188: 2|0,68,114,163,164,188,195,2,21,42
[187] Received message from  99: 2|0,68,114,163,164,188,195,2,21,42,99,29,105,187
[188] Sent Broadcast: 2|0,68,114,163,164,188,195,2,21,42
[ 99] Sent Broadcast: 2|0,68,114,163,164,188,195,2,21,42,99,29,105,187
[112] Received message from 195: 2|0,68,114,163,164,188,195,2,46,112
[195] Sent Broadcast: 2|0,68,114,163,164,188,195,2,46,112
[ 50] Received message from   3: 3|0,50,67,136
[ 67] Received message from   3: 3|0,50,67,136
[ 85] Received message from  50: 3|0,50,67,136,3,85,96,124
[136] Received message from   3: 3|0,50,67,136
[  3] Sent Broadcast: 3|0,50,67,136
[ 58] Received message from 136: 3|0,50,67,136,3,58,62
[ 96] Received message from  50: 3|0,50,67,136,3,85,96,124
[ 62] Received message from 136: 3|0,50,67,136,3,58,62
[136] Sent Broadcast: 3|0,50,67,136,3,58,62
[124] Received message from  50: 3|0,50,67,136,3,85,96,124
[ 36] Received message from  96: 3|0,50,67,136,3,85,96,124,36,154
[ 50] Sent Broadcast: 3|0,50,67,136,3,85,96,124
[154] Received message from  96: 3|0,50,67,136,3,85,96,124,36,154
[ 96] Sent Broadcast: 3|0,50,67,136,3,85,96,124,36,154
[ 31] Received message from 124: 3|0,50,67,136,3,85,96,124,31,47,140
[ 47] Received message from  36: 3|0,50,67,136,3,85,96,124,36,154,47,66,82,140,157
[ 61] Received message from  58: 3|0,50,67,136,3,58,62,61
[ 47] Received message from 124: 3|0,50,67,136,3,85,96,124,31,47,140
[ 58] Sent Broadcast: 3|0,50,67,136,3,58,62,61
[ 61] Received message from  62: 3|0,50,67,136,3,58,62,61
[ 66] Received message from  36: 3|0,50,67,136,3,85,96,124,36,154,47,66,82,140,157
[ 47] Received message from 154: 3|0,50,67,136,3,85,96,124,36,154,47,66,82,140,157
[  7] Received message from  31: 3|0,50,67,136,3,85,96,124,31,47,140,7,98,127,130
[140] Received message from 124: 3|0,50,67,136,3,85,96,124,31,47,140
[ 62] Sent Broadcast: 3|0,50,67,136,3,58,62,61
[124] Sent Broadcast: 3|0,50,67,136,3,85,96,124,31,47,140
[ 30] Received message from  47: 3|0,50,67,136,3,85,96,124,36,154,47,66,82,140,157,30
[ 66] Received message from 154: 3|0,50,67,136,3,85,96,124,36,154,47,66,82,140,157
[ 47] Sent Broadcast: 3|0,50,67,136,3,85,96,124,36,154,47,66,82,140,157,30
[ 98] Received message from  31: 3|0,50,67,136,3,85,96,124,31,47,140,7,98,127,130
[151] Received message from  66: 3|0,50,67,136,3,85,96,124,36,154,47,66,82,140,157,151
[ 73] Received message from   7: 3|0,50,67,136,3,85,96,124,31,47,140,7,98,127,130,73
[ 82] Received message from  36: 3|0,50,67,136,3,85,96,124,36,154,47,66,82,140,157
[ 66] Sent Broadcast: 3|0,50,67,136,3,85,96,124,36,154,47,66,82,140,157,151
[ 82] Received message from 154: 3|0,50,67,136,3,85,96,124,36,154,47,66,82,140,157
[189] Received message from  61: 3|0,50,67,136,3,58,62,61,189
[ 30] Received message from 140: 3|0,50,67,136,3,85,96,124,31,47,140,30,36,49,130,154
[  7] Sent Broadcast: 3|0,50,67,136,3,85,96,124,31,47,140,7,98,127,130,73
[ 61] Sent Broadcast: 3|0,50,67,136,3,58,62,61,189
[ 43] Received message from 151: 3|0,50,67,136,3,85,96,124,36,154,47,66,82,140,157,151,43,106,174
[133] Received message from  73: 3|0,50,67,136,3,85,96,124,31,47,140,7,98,127,130,73,133
[ 30] Received message from  82: 3|0,50,67,136,3,85,96,124,36,154,47,66,82,140,157,30,151,174
[ 73] Sent Broadcast: 3|0,50,67,136,3,85,96,124,31,47,140,7,98,127,130,73,133
[140] Received message from  36: 3|0,50,67,136,3,85,96,124,36,154,47,66,82,140,157
[125] Received message from 189: 3|0,50,67,136,3,58,62,61,189,125
[127] Received message from  31: 3|0,50,67,136,3,85,96,124,31,47,140,7,98,127,130
[ 24] Received message from  30: 3|0,50,67,136,3,85,96,124,36,154,47,66,82,140,157,30,24,49,76,174
[  6] Received message from  43: 3|0,50,67,136,3,85,96,124,36,154,47,66,82,140,157,151,43,106,174,6,100,178
[ 36] Received message from 140: 3|0,50,67,136,3,85,96,124,31,47,140,30,36,49,130,154
[189] Sent Broadcast: 3|0,50,67,136,3,58,62,61,189,125
[106] Received message from 151: 3|0,50,67,136,3,85,96,124,36,154,47,66,82,140,157,151,43,106,174
[ 73] Received message from  98: 3|0,50,67,136,3,85,96,124,31,47,140,7,98,127,130,73
[ 49] Received message from  30: 3|0,50,67,136,3,85,96,124,36,154,47,66,82,140,157,30,24,49,76,174
[115] Received message from 133: 3|0,50,67,136,3,85,96,124,31,47,140,7,98,127,130,73,133,115,152
[130] Received message from  31: 3|0,50,67,136,3,85,96,124,31,47,140,7,98,127,130
[ 98] Sent Broadcast: 3|0,50,67,136,3,85,96,124,31,47,140,7,98,127,130,73
[140] Received message from 154: 3|0,50,67,136,3,85,96,124,36,154,47,66,82,140,157
[151] Received message from  82: 3|0,50,67,136,3,85,96,124,36,154,47,66,82,140,157,30,151,174
[ 94] Received message from  24: 3|0,50,67,136,3,85,96,124,36,154,47,66,82,140,157,30,24,49,76,174,94,103
[174] Received message from 151: 3|0,50,67,136,3,85,96,124,36,154,47,66,82,140,157,151,43,106,174
[ 80] Received message from   6: 3|0,50,67,136,3,85,96,124,36,154,47,66,82,140,157,151,43,106,174,6,100,178,80,110
[ 49] Received message from 140: 3|0,50,67,136,3,85,96,124,31,47,140,30,36,49,130,154
[ 32] Received message from 125: 3|0,50,67,136,3,58,62,61,189,125,32,53,165
[  6] Received message from 106: 3|0,50,67,136,3,85,96,124,36,154,47,66,82,140,157,151,43,106,174,6
[100] Received message from  43: 3|0,50,67,136,3,85,96,124,36,154,47,66,82,140,157,151,43,106,174,6,100,178
[157] Received message from  36: 3|0,50,67,136,3,85,96,124,36,154,47,66,82,140,157
[ 31] Sent Broadcast: 3|0,50,67,136,3,85,96,124,31,47,140,7,98,127,130
[151] Sent Broadcast: 3|0,50,67,136,3,85,96,124,36,154,47,66,82,140,157,151,43,106,174
[ 36] Sent Broadcast: 3|0,50,67,136,3,85,96,124,36,154,47,66,82,140,157
[ 49] Received message from 127: 3|0,50,67,136,3,85,96,124,31,47,140,7,98,127,130,49,73
[106] Sent Broadcast: 3|0,50,67,136,3,85,96,124,36,154,47,66,82,140,157,151,43,106,174,6
[ 56] Received message from 115: 3|0,50,67,136,3,85,96,124,31,47,140,7,98,127,130,73,133,115,152,56,81
[152] Received message from 133: 3|0,50,67,136,3,85,96,124,31,47,140,7,98,127,130,73,133,115,152
[ 76] Received message from  30: 3|0,50,67,136,3,85,96,124,36,154,47,66,82,140,157,30,24,49,76,174
[127] Received message from  49: 3|0,50,67,136,3,85,96,124,36,154,47,66,82,140,157,30,24,49,76,174,127,130
[ 56] Received message from  94: 3|0,50,67,136,3,85,96,124,36,154,47,66,82,140,157,30,24,49,76,174,94,103,56,152
[ 49] Received message from 130: 3|0,50,67,136,3,85,96,124,31,47,140,7,98,127,130,49,76
[157] Received message from 154: 3|0,50,67,136,3,85,96,124,36,154,47,66,82,140,157
[ 53] Received message from 125: 3|0,50,67,136,3,58,62,61,189,125,32,53,165
[110] Received message from   6: 3|0,50,67,136,3,85,96,124,36,154,47,66,82,140,157,151,43,106,174,6,100,178,80,110
[ 20] Received message from 100: 3|0,50,67,136,3,85,96,124,36,154,47,66,82,140,157,151,43,106,174,6,100,178,20
[ 77] Received message from  80: 3|0,50,67,136,3,85,96,124,36,154,47,66,82,140,157,151,43,106,174,6,100,178,80,110,77
[ 30] Received message from 174: 3|0,50,67,136,3,85,96,124,36,154,47,66,82,140,157,151,43,106,174,30
[133] Sent Broadcast: 3|0,50,67,136,3,85,96,124,31,47,140,7,98,127,130,73,133,115,152
[119] Received message from  32: 3|0,50,67,136,3,58,62,61,189,125,32,53,165,119
[154] Sent Broadcast: 3|0,50,67,136,3,85,96,124,36,154,47,66,82,140,157
[  6] Sent Broadcast: 3|0,50,67,136,3,85,96,124,36,154,47,66,82,140,157,151,43,106,174,6,100,178,80,110
[174] Received message from  82: 3|0,50,67,136,3,85,96,124,36,154,47,66,82,140,157,30,151,174
[178] Received message from  43: 3|0,50,67,136,3,85,96,124,36,154,47,66,82,140,157,151,43,106,174,6,100,178
[ 80] Sent Broadcast: 3|0,50,67,136,3,85,96,124,36,154,47,66,82,140,157,151,43,106,174,6,100,178,80,110,77
[ 32] Sent Broadcast: 3|0,50,67,136,3,58,62,61,189,125,32,53,165,119
[130] Received message from 140: 3|0,50,67,136,3,85,96,124,31,47,140,30,36,49,130,154
[103] Received message from  24: 3|0,50,67,136,3,85,96,124,36,154,47,66,82,140,157,30,24,49,76,174,94,103
[ 76] Received message from 130: 3|0,50,67,136,3,85,96,124,31,47,140,7,98,127,130,49,76
[165] Received message from 125: 3|0,50,67,136,3,58,62,61,189,125,32,53,165
[174] Received message from  30: 3|0,50,67,136,3,85,96,124,36,154,47,66,82,140,157,30,24,49,76,174
[152] Received message from  94: 3|0,50,67,136,3,85,96,124,36,154,47,66,82,140,157,30,24,49,76,174,94,103,56,152
[ 56] Received message from 152: 3|0,50,67,136,3,85,96,124,31,47,140,7,98,127,130,73,133,115,152,56,81,94
[ 43] Received message from 157: 3|0,50,67,136,3,85,96,124,36,154,47,66,82,140,157,43,151
[ 73] Received message from 127: 3|0,50,67,136,3,85,96,124,31,47,140,7,98,127,130,49,73
[ 20] Received message from 178: 3|0,50,67,136,3,85,96,124,36,154,47,66,82,140,157,151,43,106,174,6,100,178,20,77,134
[134] Received message from  20: 3|0,50,67,136,3,85,96,124,36,154,47,66,82,140,157,151,43,106,174,6,100,178,20,134
[  8] Received message from 119: 3|0,50,67,136,3,58,62,61,189,125,32,53,165,119,8,14,19,168,200
[174] Sent Broadcast: 3|0,50,67,136,3,85,96,124,36,154,47,66,82,140,157,151,43,106,174,30
[ 81] Received message from 115: 3|0,50,67,136,3,85,96,124,31,47,140,7,98,127,130,73,133,115,152,56,81
[ 81] Received message from  56: 3|0,50,67,136,3,85,96,124,36,154,47,66,82,140,157,30,24,49,76,174,94,103,56,152,81,115
[100] Sent Broadcast: 3|0,50,67,136,3,85,96,124,36,154,47,66,82,140,157,151,43,106,174,6,100,178,20
[115] Sent Broadcast: 3|0,50,67,136,3,85,96,124,31,47,140,7,98,127,130,73,133,115,152,56,81
[139] Received message from 165: 3|0,50,67,136,3,58,62,61,189,125,32,53,165,139
[ 77] Received message from 110: 3|0,50,67,136,3,85,96,124,36,154,47,66,82,140,157,151,43,106,174,6,100,178,80,110,77
[ 30] Sent Broadcast: 3|0,50,67,136,3,85,96,124,36,154,47,66,82,140,157,30,24,49,76,174
[ 82] Sent Broadcast: 3|0,50,67,136,3,85,96,124,36,154,47,66,82,140,157,30,151,174
[ 94] Received message from  76: 3|0,50,67,136,3,85,96,124,36,154,47,66,82,140,157,30,24,49,76,174,94,130
[ 72] Received message from   8: 3|0,50,67,136,3,58,62,61,189,125,32,53,165,119,8,14,19,168,200,72
[166] Received message from  81: 3|0,50,67,136,3,85,96,124,31,47,140,7,98,127,130,73,133,115,152,56,81,166
[ 43] Sent Broadcast: 3|0,50,67,136,3,85,96,124,36,154,47,66,82,140,157,151,43,106,174,6,100,178
[ 24] Sent Broadcast: 3|0,50,67,136,3,85,96,124,36,154,47,66,82,140,157,30,24,49,76,174,94,103
[130] Sent Broadcast: 3|0,50,67,136,3,85,96,124,31,47,140,7,98,127,130,49,76
[125] Sent Broadcast: 3|0,50,67,136,3,58,62,61,189,125,32,53,165
[127] Sent Broadcast: 3|0,50,67,136,3,85,96,124,31,47,140,7,98,127,130,49,73
[ 94] Sent Broadcast: 3|0,50,67,136,3,85,96,124,36,154,47,66,82,140,157,30,24,49,76,174,94,103,56,152
[ 20] Sent Broadcast: 3|0,50,67,136,3,85,96,124,36,154,47,66,82,140,157,151,43,106,174,6,100,178,20,134
[165] Sent Broadcast: 3|0,50,67,136,3,58,62,61,189,125,32,53,165,139
[110] Sent Broadcast: 3|0,50,67,136,3,85,96,124,36,154,47,66,82,140,157,151,43,106,174,6,100,178,80,110,77
[115] Received message from  56: 3|0,50,67,136,3,85,96,124,36,154,47,66,82,140,157,30,24,49,76,174,94,103,56,152,81,115
[  8] Sent Broadcast: 3|0,50,67,136,3,58,62,61,189,125,32,53,165,119,8,14,19,168,200,72
[130] Received message from  49: 3|0,50,67,136,3,85,96,124,36,154,47,66,82,140,157,30,24,49,76,174,127,130
[ 54] Received message from 139: 3|0,50,67,136,3,58,62,61,189,125,32,53,165,139,54
[ 48] Received message from 103: 3|0,50,67,136,3,85,96,124,36,154,47,66,82,140,157,30,24,49,76,174,94,103,48,95,143
[ 56] Sent Broadcast: 3|0,50,67,136,3,85,96,124,36,154,47,66,82,140,157,30,24,49,76,174,94,103,56,152,81,115
[ 81] Received message from 152: 3|0,50,67,136,3,85,96,124,31,47,140,7,98,127,130,73,133,115,152,56,81,94
[ 81] Sent Broadcast: 3|0,50,67,136,3,85,96,124,31,47,140,7,98,127,130,73,133,115,152,56,81,166
[130] Received message from  76: 3|0,50,67,136,3,85,96,124,36,154,47,66,82,140,157,30,24,49,76,174,94,130
[ 49] Sent Broadcast: 3|0,50,67,136,3,85,96,124,36,154,47,66,82,140,157,30,24,49,76,174,127,130
[154] Received message from 140: 3|0,50,67,136,3,85,96,124,31,47,140,30,36,49,130,154
[151] Received message from 157: 3|0,50,67,136,3,85,96,124,36,154,47,66,82,140,157,43,151
[139] Sent Broadcast: 3|0,50,67,136,3,58,62,61,189,125,32,53,165,139,54
[ 77] Received message from 178: 3|0,50,67,136,3,85,96,124,36,154,47,66,82,140,157,151,43,106,174,6,100,178,20,77,134
[ 54] Received message from 134: 3|0,50,67,136,3,85,96,124,36,154,47,66,82,140,157,151,43,106,174,6,100,178,20,134,54
[140] Sent Broadcast: 3|0,50,67,136,3,85,96,124,31,47,140,30,36,49,130,154
[157] Sent Broadcast: 3|0,50,67,136,3,85,96,124,36,154,47,66,82,140,157,43,151
[  5] Received message from  72: 3|0,50,67,136,3,58,62,61,189,125,32,53,165,119,8,14,19,168,200,72,5,161
[ 76] Sent Broadcast: 3|0,50,67,136,3,85,96,124,36,154,47,66,82,140,157,30,24,49,76,174,94,130
[ 14] Received message from 119: 3|0,50,67,136,3,58,62,61,189,125,32,53,165,119,8,14,19,168,200
[ 94] Received message from 152: 3|0,50,67,136,3,85,96,124,31,47,140,7,98,127,130,73,133,115,152,56,81,94
[ 95] Received message from 103: 3|0,50,67,136,3,85,96,124,36,154,47,66,82,140,157,30,24,49,76,174,94,103,48,95,143
[152] Sent Broadcast: 3|0,50,67,136,3,85,96,124,31,47,140,7,98,127,130,73,133,115,152,56,81,94
[ 40] Received message from 166: 3|0,50,67,136,3,85,96,124,31,47,140,7,98,127,130,73,133,115,152,56,81,166,40
[134] Sent Broadcast: 3|0,50,67,136,3,85,96,124,36,154,47,66,82,140,157,151,43,106,174,6,100,178,20,134,54
[ 83] Received message from  48: 3|0,50,67,136,3,85,96,124,36,154,47,66,82,140,157,30,24,49,76,174,94,103,48,95,143,83
[134] Received message from  54: 3|0,50,67,136,3,58,62,61,189,125,32,53,165,139,54,134
[143] Received message from 103: 3|0,50,67,136,3,85,96,124,36,154,47,66,82,140,157,30,24,49,76,174,94,103,48,95,143
[161] Received message from  72: 3|0,50,67,136,3,58,62,61,189,125,32,53,165,119,8,14,19,168,200,72,5,161
[134] Received message from 178: 3|0,50,67,136,3,85,96,124,36,154,47,66,82,140,157,151,43,106,174,6,100,178,20,77,134
[166] Sent Broadcast: 3|0,50,67,136,3,85,96,124,31,47,140,7,98,127,130,73,133,115,152,56,81,166,40
[ 54] Sent Broadcast: 3|0,50,67,136,3,58,62,61,189,125,32,53,165,139,54,134
[ 72] Sent Broadcast: 3|0,50,67,136,3,58,62,61,189,125,32,53,165,119,8,14,19,168,200,72,5,161
[ 48] Sent Broadcast: 3|0,50,67,136,3,85,96,124,36,154,47,66,82,140,157,30,24,49,76,174,94,103,48,95,143,83
[178] Sent Broadcast: 3|0,50,67,136,3,85,96,124,36,154,47,66,82,140,157,151,43,106,174,6,100,178,20,77,134
[103] Sent Broadcast: 3|0,50,67,136,3,85,96,124,36,154,47,66,82,140,157,30,24,49,76,174,94,103,48,95,143
[ 72] Received message from  14: 3|0,50,67,136,3,58,62,61,189,125,32,53,165,119,8,14,19,168,200,72
[128] Received message from  83: 3|0,50,67,136,3,85,96,124,36,154,47,66,82,140,157,30,24,49,76,174,94,103,48,95,143,83,128,183
[ 37] Received message from  40: 3|0,50,67,136,3,85,96,124,31,47,140,7,98,127,130,73,133,115,152,56,81,166,40,37
[ 14] Sent Broadcast: 3|0,50,67,136,3,58,62,61,189,125,32,53,165,119,8,14,19,168,200,72
[ 19] Received message from 119: 3|0,50,67,136,3,58,62,61,189,125,32,53,165,119,8,14,19,168,200
[ 40] Sent Broadcast: 3|0,50,67,136,3,85,96,124,31,47,140,7,98,127,130,73,133,115,152,56,81,166,40,37
[168] Received message from 119: 3|0,50,67,136,3,58,62,61,189,125,32,53,165,119,8,14,19,168,200
[ 70] Received message from 128: 3|0,50,67,136,3,85,96,124,36,154,47,66,82,140,157,30,24,49,76,174,94,103,48,95,143,83,128,183,70,179
[ 44] Received message from  37: 3|0,50,67,136,3,85,96,124,31,47,140,7,98,127,130,73,133,115,152,56,81,166,40,37,44
[200] Received message from 119: 3|0,50,67,136,3,58,62,61,189,125,32,53,165,119,8,14,19,168,200
[179] Received message from 128: 3|0,50,67,136,3,85,96,124,36,154,47,66,82,140,157,30,24,49,76,174,94,103,48,95,143,83,128,183,70,179
[ 37] Sent Broadcast: 3|0,50,67,136,3,85,96,124,31,47,140,7,98,127,130,73,133,115,152,56,81,166,40,37,44
[183] Received message from  83: 3|0,50,67,136,3,85,96,124,36,154,47,66,82,140,157,30,24,49,76,174,94,103,48,95,143,83,128,183
[ 88] Received message from 168: 3|0,50,67,136,3,58,62,61,189,125,32,53,165,119,8,14,19,168,200,88,102
[128] Sent Broadcast: 3|0,50,67,136,3,85,96,124,36,154,47,66,82,140,157,30,24,49,76,174,94,103,48,95,143,83,128,183,70,179
[119] Sent Broadcast: 3|0,50,67,136,3,58,62,61,189,125,32,53,165,119,8,14,19,168,200
[ 83] Sent Broadcast: 3|0,50,67,136,3,85,96,124,36,154,47,66,82,140,157,30,24,49,76,174,94,103,48,95,143,83,128,183
[147] Received message from  70: 3|50,67,136,3,85,96,124,36,154,47,66,82,140,157,30,24,49,76,174,94,103,48,95,143,83,128,183,70,179,147
[ 39] Received message from 183: 3|0,50,67,136,3,85,96,124,36,154,47,66,82,140,157,30,24,49,76,174,94,103,48,95,143,83,128,183,39
[ 70] Sent Broadcast: 3|50,67,136,3,85,96,124,36,154,47,66,82,140,157,30,24,49,76,174,94,103,48,95,143,83,128,183,70,179,147
[160] Received message from  44: 3|0,50,67,136,3,85,96,124,31,47,140,7,98,127,130,73,133,115,152,56,81,166,40,37,44,160
[102] Received message from 168: 3|0,50,67,136,3,58,62,61,189,125,32,53,165,119,8,14,19,168,200,88,102
[168] Sent Broadcast: 3|0,50,67,136,3,58,62,61,189,125,32,53,165,119,8,14,19,168,200,88,102
[ 44] Sent Broadcast: 3|0,50,67,136,3,85,96,124,31,47,140,7,98,127,130,73,133,115,152,56,81,166,40,37,44,160
[183] Sent Broadcast: 3|0,50,67,136,3,85,96,124,36,154,47,66,82,140,157,30,24,49,76,174,94,103,48,95,143,83,128,183,39
[ 10] Received message from 179: 3|50,67,136,3,85,96,124,36,154,47,66,82,140,157,30,24,49,76,174,94,103,48,95,143,83,128,183,70,179,10,33,39,63,175
[173] Received message from  88: 3|0,50,67,136,3,58,62,61,189,125,32,53,165,119,8,14,19,168,200,88,102,173
[ 72] Received message from 200: 3|0,50,67,136,3,58,62,61,189,125,32,53,165,119,8,14,19,168,200,72
[200] Sent Broadcast: 3|0,50,67,136,3,58,62,61,189,125,32,53,165,119,8,14,19,168,200,72
[ 88] Sent Broadcast: 3|0,50,67,136,3,58,62,61,189,125,32,53,165,119,8,14,19,168,200,88,102,173
[ 33] Received message from 179: 3|50,67,136,3,85,96,124,36,154,47,66,82,140,157,30,24,49,76,174,94,103,48,95,143,83,128,183,70,179,10,33,39,63,175
[ 63] Received message from 147: 3|67,136,3,85,96,124,36,154,47,66,82,140,157,30,24,49,76,174,94,103,48,95,143,83,128,183,70,179,147,63,146
[ 10] Received message from  39: 3|0,50,67,136,3,85,96,124,36,154,47,66,82,140,157,30,24,49,76,174,94,103,48,95,143,83,128,183,39,10,33,175,179
[ 12] Received message from 173: 3|0,50,67,136,3,58,62,61,189,125,32,53,165,119,8,14,19,168,200,88,102,173,12,79
[ 39] Received message from 179: 3|50,67,136,3,85,96,124,36,154,47,66,82,140,157,30,24,49,76,174,94,103,48,95,143,83,128,183,70,179,10,33,39,63,175
[146] Received message from 147: 3|67,136,3,85,96,124,36,154,47,66,82,140,157,30,24,49,76,174,94,103,48,95,143,83,128,183,70,179,147,63,146
[147] Sent Broadcast: 3|67,136,3,85,96,124,36,154,47,66,82,140,157,30,24,49,76,174,94,103,48,95,143,83,128,183,70,179,147,63,146
[126] Received message from 160: 3|0,50,67,136,3,85,96,124,31,47,140,7,98,127,130,73,133,115,152,56,81,166,40,37,44,160,126
[ 33] Received message from  39: 3|0,50,67,136,3,85,96,124,36,154,47,66,82,140,157,30,24,49,76,174,94,103,48,95,143,83,128,183,39,10,33,175,179
[120] Received message from  63: 3|67,136,3,85,96,124,36,154,47,66,82,140,157,30,24,49,76,174,94,103,48,95,143,83,128,183,70,179,147,63,146,120,185
[160] Sent Broadcast: 3|0,50,67,136,3,85,96,124,31,47,140,7,98,127,130,73,133,115,152,56,81,166,40,37,44,160,126
[ 63] Received message from 179: 3|50,67,136,3,85,96,124,36,154,47,66,82,140,157,30,24,49,76,174,94,103,48,95,143,83,128,183,70,179,10,33,39,63,175
[ 79] Received message from 173: 3|0,50,67,136,3,58,62,61,189,125,32,53,165,119,8,14,19,168,200,88,102,173,12,79
[175] Received message from  39: 3|0,50,67,136,3,85,96,124,36,154,47,66,82,140,157,30,24,49,76,174,94,103,48,95,143,83,128,183,39,10,33,175,179
[173] Sent Broadcast: 3|0,50,67,136,3,58,62,61,189,125,32,53,165,119,8,14,19,168,200,88,102,173,12,79
[185] Received message from  63: 3|67,136,3,85,96,124,36,154,47,66,82,140,157,30,24,49,76,174,94,103,48,95,143,83,128,183,70,179,147,63,146,120,185
[175] Received message from 179: 3|50,67,136,3,85,96,124,36,154,47,66,82,140,157,30,24,49,76,174,94,103,48,95,143,83,128,183,70,179,10,33,39,63,175
[ 63] Sent Broadcast: 3|67,136,3,85,96,124,36,154,47,66,82,140,157,30,24,49,76,174,94,103,48,95,143,83,128,183,70,179,147,63,146,120,185
[179] Received message from  39: 3|0,50,67,136,3,85,96,124,36,154,47,66,82,140,157,30,24,49,76,174,94,103,48,95,143,83,128,183,39,10,33,175,179
[179] Sent Broadcast: 3|50,67,136,3,85,96,124,36,154,47,66,82,140,157,30,24,49,76,174,94,103,48,95,143,83,128,183,70,179,10,33,39,63,175
[ 39] Sent Broadcast: 3|0,50,67,136,3,85,96,124,36,154,47,66,82,140,157,30,24,49,76,174,94,103,48,95,143,83,128,183,39,10,33,175,179
[155] Received message from 175: 3|0,50,67,136,3,85,96,124,36,154,47,66,82,140,157,30,24,49,76,174,94,103,48,95,143,83,128,183,39,10,33,175,179,155
[ 16] Received message from 126: 3|0,50,67,136,3,85,96,124,31,47,140,7,98,127,130,73,133,115,152,56,81,166,40,37,44,160,126,16,35,59
[  9] Received message from 120: 3|67,136,3,85,96,124,36,154,47,66,82,140,157,30,24,49,76,174,94,103,48,95,143,83,128,183,70,179,147,63,146,120,185,9,13,22
[175] Sent Broadcast: 3|0,50,67,136,3,85,96,124,36,154,47,66,82,140,157,30,24,49,76,174,94,103,48,95,143,83,128,183,39,10,33,175,179,155
[ 89] Received message from 146: 3|67,136,3,85,96,124,36,154,47,66,82,140,157,30,24,49,76,174,94,103,48,95,143,83,128,183,70,179,147,63,146,89,159
[ 35] Received message from 155: 3|0,50,67,136,3,85,96,124,36,154,47,66,82,140,157,30,24,49,76,174,94,103,48,95,143,83,128,183,39,10,33,175,179,155,35,86,129
[ 13] Received message from 120: 3|67,136,3,85,96,124,36,154,47,66,82,140,157,30,24,49,76,174,94,103,48,95,143,83,128,183,70,179,147,63,146,120,185,9,13,22
[ 35] Received message from 126: 3|0,50,67,136,3,85,96,124,31,47,140,7,98,127,130,73,133,115,152,56,81,166,40,37,44,160,126,16,35,59
[159] Received message from 146: 3|67,136,3,85,96,124,36,154,47,66,82,140,157,30,24,49,76,174,94,103,48,95,143,83,128,183,70,179,147,63,146,89,159
[ 86] Received message from  16: 3|50,67,136,3,85,96,124,31,47,140,7,98,127,130,73,133,115,152,56,81,166,40,37,44,160,126,16,35,59,86,144,167
[109] Received message from   9: 3|67,136,3,85,96,124,36,154,47,66,82,140,157,30,24,49,76,174,94,103,48,95,143,83,128,183,70,179,147,63,146,120,185,9,13,22,109,159,196
[146] Sent Broadcast: 3|67,136,3,85,96,124,36,154,47,66,82,140,157,30,24,49,76,174,94,103,48,95,143,83,128,183,70,179,147,63,146,89,159
[ 57] Received message from  89: 3|67,136,3,85,96,124,36,154,47,66,82,140,157,30,24,49,76,174,94,103,48,95,143,83,128,183,70,179,147,63,146,89,159,57,186
[ 22] Received message from 185: 3|67,136,3,85,96,124,36,154,47,66,82,140,157,30,24,49,76,174,94,103,48,95,143,83,128,183,70,179,147,63,146,120,185,22
[ 86] Received message from 155: 3|0,50,67,136,3,85,96,124,36,154,47,66,82,140,157,30,24,49,76,174,94,103,48,95,143,83,128,183,39,10,33,175,179,155,35,86,129
[ 59] Received message from 126: 3|0,50,67,136,3,85,96,124,31,47,140,7,98,127,130,73,133,115,152,56,81,166,40,37,44,160,126,16,35,59
[185] Sent Broadcast: 3|67,136,3,85,96,124,36,154,47,66,82,140,157,30,24,49,76,174,94,103,48,95,143,83,128,183,70,179,147,63,146,120,185,22
[ 16] Received message from  35: 3|0,50,67,136,3,85,96,124,36,154,47,66,82,140,157,30,24,49,76,174,94,103,48,95,143,83,128,183,39,10,33,175,179,155,35,86,129,16,59,126,144,167
[109] Received message from  13: 3|67,136,3,85,96,124,36,154,47,66,82,140,157,30,24,49,76,174,94,103,48,95,143,83,128,183,70,179,147,63,146,120,185,9,13,22,109,193,196
[155] Received message from  86: 3|50,67,136,3,85,96,124,31,47,140,7,98,127,130,73,133,115,152,56,81,166,40,37,44,160,126,16,35,59,86,144,167,155
[ 22] Received message from 120: 3|67,136,3,85,96,124,36,154,47,66,82,140,157,30,24,49,76,174,94,103,48,95,143,83,128,183,70,179,147,63,146,120,185,9,13,22
[126] Sent Broadcast: 3|0,50,67,136,3,85,96,124,31,47,140,7,98,127,130,73,133,115,152,56,81,166,40,37,44,160,126,16,35,59
[186] Received message from  89: 3|67,136,3,85,96,124,36,154,47,66,82,140,157,30,24,49,76,174,94,103,48,95,143,83,128,183,70,179,147,63,146,89,159,57,186
[159] Received message from   9: 3|67,136,3,85,96,124,36,154,47,66,82,140,157,30,24,49,76,174,94,103,48,95,143,83,128,183,70,179,147,63,146,120,185,9,13,22,109,159,196
[ 86] Sent Broadcast: 3|50,67,136,3,85,96,124,31,47,140,7,98,127,130,73,133,115,152,56,81,166,40,37,44,160,126,16,35,59,86,144,167,155
[  9] Received message from 159: 3|67,136,3,85,96,124,36,154,47,66,82,140,157,30,24,49,76,174,94,103,48,95,143,83,128,183,70,179,147,63,146,89,159,9,196
[193] Received message from 109: 3|67,136,3,85,96,124,36,154,47,66,82,140,157,30,24,49,76,174,94,103,48,95,143,83,128,183,70,179,147,63,146,120,185,9,13,22,109,159,196,193,197
[120] Sent Broadcast: 3|67,136,3,85,96,124,36,154,47,66,82,140,157,30,24,49,76,174,94,103,48,95,143,83,128,183,70,179,147,63,146,120,185,9,13,22
[ 89] Sent Broadcast: 3|67,136,3,85,96,124,36,154,47,66,82,140,157,30,24,49,76,174,94,103,48,95,143,83,128,183,70,179,147,63,146,89,159,57,186
[193] Received message from  13: 3|67,136,3,85,96,124,36,154,47,66,82,140,157,30,24,49,76,174,94,103,48,95,143,83,128,183,70,179,147,63,146,120,185,9,13,22,109,193,196
[ 59] Received message from  35: 3|0,50,67,136,3,85,96,124,36,154,47,66,82,140,157,30,24,49,76,174,94,103,48,95,143,83,128,183,39,10,33,175,179,155,35,86,129,16,59,126,144,167
[129] Received message from 155: 3|0,50,67,136,3,85,96,124,36,154,47,66,82,140,157,30,24,49,76,174,94,103,48,95,143,83,128,183,39,10,33,175,179,155,35,86,129
[144] Received message from  16: 3|50,67,136,3,85,96,124,31,47,140,7,98,127,130,73,133,115,152,56,81,166,40,37,44,160,126,16,35,59,86,144,167
[196] Received message from   9: 3|67,136,3,85,96,124,36,154,47,66,82,140,157,30,24,49,76,174,94,103,48,95,143,83,128,183,70,179,147,63,146,120,185,9,13,22,109,159,196
[  9] Received message from  22: 3|67,136,3,85,96,124,36,154,47,66,82,140,157,30,24,49,76,174,94,103,48,95,143,83,128,183,70,179,147,63,146,120,185,22,9,13
[ 86] Received message from  59: 3|50,67,136,3,85,96,124,31,47,140,7,98,127,130,73,133,115,152,56,81,166,40,37,44,160,126,16,35,59,86,129
[197] Received message from 109: 3|67,136,3,85,96,124,36,154,47,66,82,140,157,30,24,49,76,174,94,103,48,95,143,83,128,183,70,179,147,63,146,120,185,9,13,22,109,159,196,193,197
[  9] Sent Broadcast: 3|67,136,3,85,96,124,36,154,47,66,82,140,157,30,24,49,76,174,94,103,48,95,143,83,128,183,70,179,147,63,146,120,185,9,13,22,109,159,196
[155] Sent Broadcast: 3|0,50,67,136,3,85,96,124,36,154,47,66,82,140,157,30,24,49,76,174,94,103,48,95,143,83,128,183,39,10,33,175,179,155,35,86,129
[126] Received message from  35: 3|0,50,67,136,3,85,96,124,36,154,47,66,82,140,157,30,24,49,76,174,94,103,48,95,143,83,128,183,39,10,33,175,179,155,35,86,129,16,59,126,144,167
[109] Sent Broadcast: 3|67,136,3,85,96,124,36,154,47,66,82,140,157,30,24,49,76,174,94,103,48,95,143,83,128,183,70,179,147,63,146,120,185,9,13,22,109,159,196,193,197
[196] Received message from 159: 3|67,136,3,85,96,124,36,154,47,66,82,140,157,30,24,49,76,174,94,103,48,95,143,83,128,183,70,179,147,63,146,89,159,9,196
[ 51] Received message from 129: 3|0,50,67,136,3,85,96,124,36,154,47,66,82,140,157,30,24,49,76,174,94,103,48,95,143,83,128,183,39,10,33,175,179,155,35,86,129,51,59,92
[159] Sent Broadcast: 3|67,136,3,85,96,124,36,154,47,66,82,140,157,30,24,49,76,174,94,103,48,95,143,83,128,183,70,179,147,63,146,89,159,9,196
[196] Received message from  13: 3|67,136,3,85,96,124,36,154,47,66,82,140,157,30,24,49,76,174,94,103,48,95,143,83,128,183,70,179,147,63,146,120,185,9,13,22,109,193,196
[ 13] Received message from  22: 3|67,136,3,85,96,124,36,154,47,66,82,140,157,30,24,49,76,174,94,103,48,95,143,83,128,183,70,179,147,63,146,120,185,22,9,13
[129] Received message from  59: 3|50,67,136,3,85,96,124,31,47,140,7,98,127,130,73,133,115,152,56,81,166,40,37,44,160,126,16,35,59,86,129
[167] Received message from  16: 3|50,67,136,3,85,96,124,31,47,140,7,98,127,130,73,133,115,152,56,81,166,40,37,44,160,126,16,35,59,86,144,167
[144] Received message from  35: 3|0,50,67,136,3,85,96,124,36,154,47,66,82,140,157,30,24,49,76,174,94,103,48,95,143,83,128,183,39,10,33,175,179,155,35,86,129,16,59,126,144,167
[ 13] Sent Broadcast: 3|67,136,3,85,96,124,36,154,47,66,82,140,157,30,24,49,76,174,94,103,48,95,143,83,128,183,70,179,147,63,146,120,185,9,13,22,109,193,196
[ 22] Sent Broadcast: 3|67,136,3,85,96,124,36,154,47,66,82,140,157,30,24,49,76,174,94,103,48,95,143,83,128,183,70,179,147,63,146,120,185,22,9,13
[ 59] Sent Broadcast: 3|50,67,136,3,85,96,124,31,47,140,7,98,127,130,73,133,115,152,56,81,166,40,37,44,160,126,16,35,59,86,129
[ 55] Received message from 193: 3|67,136,3,85,96,124,36,154,47,66,82,140,157,30,24,49,76,174,94,103,48,95,143,83,128,183,70,179,147,63,146,120,185,9,13,22,109,159,196,193,197,55,64
[ 16] Sent Broadcast: 3|50,67,136,3,85,96,124,31,47,140,7,98,127,130,73,133,115,152,56,81,166,40,37,44,160,126,16,35,59,86,144,167
[ 59] Received message from 129: 3|0,50,67,136,3,85,96,124,36,154,47,66,82,140,157,30,24,49,76,174,94,103,48,95,143,83,128,183,39,10,33,175,179,155,35,86,129,51,59,92
[167] Received message from  35: 3|0,50,67,136,3,85,96,124,36,154,47,66,82,140,157,30,24,49,76,174,94,103,48,95,143,83,128,183,39,10,33,175,179,155,35,86,129,16,59,126,144,167
[ 35] Sent Broadcast: 3|0,50,67,136,3,85,96,124,36,154,47,66,82,140,157,30,24,49,76,174,94,103,48,95,143,83,128,183,39,10,33,175,179,155,35,86,129,16,59,126,144,167
[ 87] Received message from  51: 3|0,50,67,136,3,85,96,124,36,154,47,66,82,140,157,30,24,49,76,174,94,103,48,95,143,83,128,183,39,10,33,175,179,155,35,86,129,51,59,92,87,148
[148] Received message from  51: 3|0,50,67,136,3,85,96,124,36,154,47,66,82,140,157,30,24,49,76,174,94,103,48,95,143,83,128,183,39,10,33,175,179,155,35,86,129,51,59,92,87,148
[ 51] Sent Broadcast: 3|0,50,67,136,3,85,96,124,36,154,47,66,82,140,157,30,24,49,76,174,94,103,48,95,143,83,128,183,39,10,33,175,179,155,35,86,129,51,59,92,87,148
[ 64] Received message from 193: 3|67,136,3,85,96,124,36,154,47,66,82,140,157,30,24,49,76,174,94,103,48,95,143,83,128,183,70,179,147,63,146,120,185,9,13,22,109,159,196,193,197,55,64
[193] Sent Broadcast: 3|67,136,3,85,96,124,36,154,47,66,82,140,157,30,24,49,76,174,94,103,48,95,143,83,128,183,70,179,147,63,146,120,185,9,13,22,109,159,196,193,197,55,64
[ 26] Received message from  55: 3|67,136,3,85,96,124,36,154,47,66,82,140,157,30,24,49,76,174,94,103,48,95,143,83,128,183,70,179,147,63,146,120,185,9,13,22,109,159,196,193,197,55,64,26,75,91,198
[ 92] Received message from 129: 3|0,50,67,136,3,85,96,124,36,154,47,66,82,140,157,30,24,49,76,174,94,103,48,95,143,83,128,183,39,10,33,175,179,155,35,86,129,51,59,92
[129] Sent Broadcast: 3|0,50,67,136,3,85,96,124,36,154,47,66,82,140,157,30,24,49,76,174,94,103,48,95,143,83,128,183,39,10,33,175,179,155,35,86,129,51,59,92
[ 75] Received message from  55: 3|67,136,3,85,96,124,36,154,47,66,82,140,157,30,24,49,76,174,94,103,48,95,143,83,128,183,70,179,147,63,146,120,185,9,13,22,109,159,196,193,197,55,64,26,75,91,198
[131] Received message from 148: 3|0,50,67,136,3,85,96,124,36,154,47,66,82,140,157,30,24,49,76,174,94,103,48,95,143,83,128,183,39,10,33,175,179,155,35,86,129,51,59,92,87,148,131
[148] Sent Broadcast: 3|0,50,67,136,3,85,96,124,36,154,47,66,82,140,157,30,24,49,76,174,94,103,48,95,143,83,128,183,39,10,33,175,179,155,35,86,129,51,59,92,87,148,131
[ 26] Received message from  64: 3|67,136,3,85,96,124,36,154,47,66,82,140,157,30,24,49,76,174,94,103,48,95,143,83,128,183,70,179,147,63,146,120,185,9,13,22,109,159,196,193,197,55,64,26,75,91
[ 91] Received message from  55: 3|67,136,3,85,96,124,36,154,47,66,82,140,157,30,24,49,76,174,94,103,48,95,143,83,128,183,70,179,147,63,146,120,185,9,13,22,109,159,196,193,197,55,64,26,75,91,198
[ 75] Received message from  64: 3|67,136,3,85,96,124,36,154,47,66,82,140,157,30,24,49,76,174,94,103,48,95,143,83,128,183,70,179,147,63,146,120,185,9,13,22,109,159,196,193,197,55,64,26,75,91
[198] Received message from  55: 3|67,136,3,85,96,124,36,154,47,66,82,140,157,30,24,49,76,174,94,103,48,95,143,83,128,183,70,179,147,63,146,120,185,9,13,22,109,159,196,193,197,55,64,26,75,91,198
[ 55] Sent Broadcast: 3|67,136,3,85,96,124,36,154,47,66,82,140,157,30,24,49,76,174,94,103,48,95,143,83,128,183,70,179,147,63,146,120,185,9,13,22,109,159,196,193,197,55,64,26,75,91,198
[ 91] Received message from  64: 3|67,136,3,85,96,124,36,154,47,66,82,140,157,30,24,49,76,174,94,103,48,95,143,83,128,183,70,179,147,63,146,120,185,9,13,22,109,159,196,193,197,55,64,26,75,91
[ 64] Sent Broadcast: 3|67,136,3,85,96,124,36,154,47,66,82,140,157,30,24,49,76,174,94,103,48,95,143,83,128,183,70,179,147,63,146,120,185,9,13,22,109,159,196,193,197,55,64,26,75,91
[101] Received message from 198: 3|67,136,3,85,96,124,36,154,47,66,82,140,157,30,24,49,76,174,94,103,48,95,143,83,128,183,70,179,147,63,146,120,185,9,13,22,109,159,196,193,197,55,64,26,75,91,198,101
[198] Sent Broadcast: 3|67,136,3,85,96,124,36,154,47,66,82,140,157,30,24,49,76,174,94,103,48,95,143,83,128,183,70,179,147,63,146,120,185,9,13,22,109,159,196,193,197,55,64,26,75,91,198,101
[158] Received message from   4: 4|0,158,171,199
[171] Received message from   4: 4|0,158,171,199
[ 18] Received message from 158: 4|0,158,171,199,4,18,176
[176] Received message from 158: 4|0,158,171,199,4,18,176
[199] Received message from   4: 4|0,158,171,199
[158] Sent Broadcast: 4|0,158,171,199,4,18,176
[  4] Sent Broadcast: 4|0,158,171,199
[ 25] Received message from  18: 4|0,158,171,199,4,18,176,25,149
[ 17] Received message from 171: 4|0,158,171,199,4,17,34
[ 34] Received message from 199: 4|0,158,171,199,4,34
[199] Sent Broadcast: 4|0,158,171,199,4,34
[ 34] Received message from 171: 4|0,158,171,199,4,17,34
[177] Received message from  25: 4|0,158,171,199,4,18,176,25,149,177
[171] Sent Broadcast: 4|0,158,171,199,4,17,34
[ 25] Sent Broadcast: 4|0,158,171,199,4,18,176,25,149,177
[149] Received message from  18: 4|0,158,171,199,4,18,176,25,149
[ 25] Received message from 176: 4|0,158,171,199,4,18,176,25,149
[ 17] Received message from  34: 4|0,158,171,199,4,34,17
[ 34] Sent Broadcast: 4|0,158,171,199,4,34,17
[ 18] Sent Broadcast: 4|0,158,171,199,4,18,176,25,149
[149] Received message from 176: 4|0,158,171,199,4,18,176,25,149
[176] Sent Broadcast: 4|0,158,171,199,4,18,176,25,149
[ 45] Received message from 177: 4|0,158,171,199,4,18,176,25,149,177,45,191
[191] Received message from 177: 4|0,158,171,199,4,18,176,25,149,177,45,191
[177] Sent Broadcast: 4|0,158,171,199,4,18,176,25,149,177,45,191
[192] Received message from  45: 4|0,158,171,199,4,18,176,25,149,177,45,191,192
[ 45] Sent Broadcast: 4|0,158,171,199,4,18,176,25,149,177,45,191,192
[153] Received message from 192: 4|0,158,171,199,4,18,176,25,149,177,45,191,192,153,172
[172] Received message from 192: 4|0,158,171,199,4,18,176,25,149,177,45,191,192,153,172
[192] Sent Broadcast: 4|0,158,171,199,4,18,176,25,149,177,45,191,192,153,172
[111] Received message from  11: 11|0,111
[ 11] Sent Broadcast: 11|0,111
[ 23] Received message from  15: 15|0,23,65,107,116
[ 65] Received message from  15: 15|0,23,65,107,116
[107] Received message from  15: 15|0,23,65,107,116
[194] Received message from  65: 15|0,23,65,107,116,15,194
[ 65] Sent Broadcast: 15|0,23,65,107,116,15,194
[116] Received message from  15: 15|0,23,65,107,116
[ 15] Sent Broadcast: 15|0,23,65,107,116
[194] Received message from 107: 15|0,23,65,107,116,15,194
[107] Sent Broadcast: 15|0,23,65,107,116,15,194
[104] Received message from 194: 15|0,23,65,107,116,15,194,104,135
[194] Received message from 116: 15|0,23,65,107,116,15,194
[116] Sent Broadcast: 15|0,23,65,107,116,15,194
[135] Received message from 194: 15|0,23,65,107,116,15,194,104,135
[194] Sent Broadcast: 15|0,23,65,107,116,15,194,104,135
[ 78] Received message from 135: 15|0,23,65,107,116,15,194,104,135,78,108
[108] Received message from 135: 15|0,23,65,107,116,15,194,104,135,78,108
[135] Sent Broadcast: 15|0,23,65,107,116,15,194,104,135,78,108
[180] Received message from 108: 15|0,23,65,107,116,15,194,104,135,78,108,180
[108] Sent Broadcast: 15|0,23,65,107,116,15,194,104,135,78,108,180
[118] Received message from  27: 27|0,118,123
[123] Received message from  27: 27|0,118,123
[ 27] Sent Broadcast: 27|0,118,123
[ 60] Received message from 123: 27|0,118,123,27,60,182
[182] Received message from 123: 27|0,118,123,27,60,182
[123] Sent Broadcast: 27|0,118,123,27,60,182
[ 74] Received message from  41: 41|0,74
[ 41] Sent Broadcast: 41|0,74
[117] Received message from  52: 52|0,117,132
[132] Received message from  52: 52|0,117,132
[ 52] Sent Broadcast: 52|0,117,132
[181] Received message from 132: 52|0,117,132,52,181
[132] Sent Broadcast: 52|0,117,132,52,181
[ 97] Received message from  69: 69|0,97
[ 69] Sent Broadcast: 69|0,97
[122] Received message from  90: 90|0,122
[ 90] Sent Broadcast: 90|0,122
[162] Received message from 122: 90|0,122,90,162
[122] Sent Broadcast: 90|0,122,90,162
[142] Received message from  93: 93|0,142
[ 93] Sent Broadcast: 93|0,142
[150] Received message from 121: 121|0,150,169
[169] Received message from 121: 121|0,150,169
[121] Sent Broadcast: 121|0,150,169
[184] Received message from 170: 170|0,184
[170] Sent Broadcast: 170|0,184
