[ 22] Received message from   1: 1|0,22,116,135
[116] Received message from   1: 1|0,22,116,135
[ 94] Received message from  22: 1|0,22,116,135,1,94,110,125
[110] Received message from  22: 1|0,22,116,135,1,94,110,125
[135] Received message from   1: 1|0,22,116,135
[  1] Sent Broadcast: 1|0,22,116,135
[195] Received message from 110: 1|0,22,116,135,1,94,110,125,195
[  3] Received message from 135: 1|0,22,116,135,1,3
[125] Received message from  22: 1|0,22,116,135,1,94,110,125
[110] Sent Broadcast: 1|0,22,116,135,1,94,110,125,195
[ 22] Sent Broadcast: 1|0,22,116,135,1,94,110,125
[135] Sent Broadcast: 1|0,22,116,135,1,3
[128] Received message from   3: 1|0,22,116,135,1,3,128,192
[141] Received message from 125: 1|0,22,116,135,1,94,110,125,141,185,195
[ 86] Received message from 195: 1|0,22,116,135,1,94,110,125,195,86,185
[185] Received message from 125: 1|0,22,116,135,1,94,110,125,141,185,195
[194] Received message from 128: 1|0,22,116,135,1,3,128,192,194
[ 44] Received message from  86: 1|0,22,116,135,1,94,110,125,195,86,185,44,149
[128] Sent Broadcast: 1|0,22,116,135,1,3,128,192,194
[192] Received message from   3: 1|0,22,116,135,1,3,128,192
[164] Received message from 141: 1|0,22,116,135,1,94,110,125,141,185,195,164
[  3] Sent Broadcast: 1|0,22,116,135,1,3,128,192
[ 51] Received message from 194: 1|0,22,116,135,1,3,128,192,194,51,70,170
[141] Sent Broadcast: 1|0,22,116,135,1,94,110,125,141,185,195,164
[185] Received message from 195: 1|0,22,116,135,1,94,110,125,195,86,185
[195] Received message from 125: 1|0,22,116,135,1,94,110,125,141,185,195
[195] Sent Broadcast: 1|0,22,116,135,1,94,110,125,195,86,185
[149] Received message from  86: 1|0,22,116,135,1,94,110,125,195,86,185,44,149
[ 70] Received message from 194: 1|0,22,116,135,1,3,128,192,194,51,70,170
[127] Received message from 185: 1|0,22,116,135,1,94,110,125,141,185,195,127,164
[125] Sent Broadcast: 1|0,22,116,135,1,94,110,125,141,185,195
[ 86] Sent Broadcast: 1|0,22,116,135,1,94,110,125,195,86,185,44,149
[127] Received message from 164: 1|0,22,116,135,1,94,110,125,141,185,195,164,127
[164] Sent Broadcast: 1|0,22,116,135,1,94,110,125,141,185,195,164,127
[ 68] Received message from  44: 1|0,22,116,135,1,94,110,125,195,86,185,44,149,68,191
[104] Received message from  70: 1|0,22,116,135,1,3,128,192,194,51,70,170,104
[170] Received message from 194: 1|0,22,116,135,1,3,128,192,194,51,70,170
[ 97] Received message from 127: 1|0,22,116,135,1,94,110,125,141,185,195,127,164,97
[167] Received message from 149: 1|0,22,116,135,1,94,110,125,195,86,185,44,149,167
[164] Received message from 185: 1|0,22,116,135,1,94,110,125,141,185,195,127,164
[ 70] Sent Broadcast: 1|0,22,116,135,1,3,128,192,194,51,70,170,104
[104] Received message from  51: 1|0,22,116,135,1,3,128,192,194,51,70,170,104
[166] Received message from  68: 1|0,22,116,135,1,94,110,125,195,86,185,44,149,68,191,166
[191] Received message from  44: 1|0,22,116,135,1,94,110,125,195,86,185,44,149,68,191
[194] Sent Broadcast: 1|0,22,116,135,1,3,128,192,194,51,70,170
[ 51] Sent Broadcast: 1|0,22,116,135,1,3,128,192,194,51,70,170,104
[ 44] Sent Broadcast: 1|0,22,116,135,1,94,110,125,195,86,185,44,149,68,191
[127] Sent Broadcast: 1|0,22,116,135,1,94,110,125,141,185,195,127,164,97
[185] Sent Broadcast: 1|0,22,116,135,1,94,110,125,141,185,195,127,164
[149] Sent Broadcast: 1|0,22,116,135,1,94,110,125,195,86,185,44,149,167
[111] Received message from 170: 1|0,22,116,135,1,3,128,192,194,51,70,170,111
[ 68] Sent Broadcast: 1|0,22,116,135,1,94,110,125,195,86,185,44,149,68,191,166
[ 77] Received message from 167: 1|0,22,116,135,1,94,110,125,195,86,185,44,149,167,77,123
[170] Sent Broadcast: 1|0,22,116,135,1,3,128,192,194,51,70,170,111
[147] Received message from  97: 1|0,22,116,135,1,94,110,125,141,185,195,127,164,97,147,161,175
[105] Received message from 191: 1|0,22,116,135,1,94,110,125,195,86,185,44,149,68,191,105,193
[ 29] Received message from 166: 1|0,22,116,135,1,94,110,125,195,86,185,44,149,68,191,166,29
[ 92] Received message from 111: 1|0,22,116,135,1,3,128,192,194,51,70,170,111,92,121,143,189
[166] Sent Broadcast: 1|0,22,116,135,1,94,110,125,195,86,185,44,149,68,191,166,29
[105] Received message from  77: 1|0,22,116,135,1,94,110,125,195,86,185,44,149,167,77,123,105,193
[ 77] Received message from 105: 1|0,22,116,135,1,94,110,125,195,86,185,44,149,68,191,105,193,77
[161] Received message from  97: 1|0,22,116,135,1,94,110,125,141,185,195,127,164,97,147,161,175
[193] Received message from 191: 1|0,22,116,135,1,94,110,125,195,86,185,44,149,68,191,105,193
[123] Received message from 167: 1|0,22,116,135,1,94,110,125,195,86,185,44,149,167,77,123
[105] Sent Broadcast: 1|0,22,116,135,1,94,110,125,195,86,185,44,149,68,191,105,193,77
[193] Received message from  77: 1|0,22,116,135,1,94,110,125,195,86,185,44,149,167,77,123,105,193
[167] Sent Broadcast: 1|0,22,116,135,1,94,110,125,195,86,185,44,149,167,77,123
[191] Sent Broadcast: 1|0,22,116,135,1,94,110,125,195,86,185,44,149,68,191,105,193
[ 77] Sent Broadcast: 1|0,22,116,135,1,94,110,125,195,86,185,44,149,167,77,123,105,193
[121] Received message from 111: 1|0,22,116,135,1,3,128,192,194,51,70,170,111,92,121,143,189
[191] Received message from 193: 1|0,22,116,135,1,94,110,125,195,86,185,44,149,167,77,123,105,193,191
[175] Received message from  97: 1|0,22,116,135,1,94,110,125,141,185,195,127,164,97,147,161,175
[ 97] Sent Broadcast: 1|0,22,116,135,1,94,110,125,141,185,195,127,164,97,147,161,175
[193] Sent Broadcast: 1|0,22,116,135,1,94,110,125,195,86,185,44,149,167,77,123,105,193,191
[143] Received message from 111: 1|0,22,116,135,1,3,128,192,194,51,70,170,111,92,121,143,189
[189] Received message from 111: 1|0,22,116,135,1,3,128,192,194,51,70,170,111,92,121,143,189
[111] Sent Broadcast: 1|0,22,116,135,1,3,128,192,194,51,70,170,111,92,121,143,189
[197] Received message from 189: 1|0,22,116,135,1,3,128,192,194,51,70,170,111,92,121,143,189,197
[189] Sent Broadcast: 1|0,22,116,135,1,3,128,192,194,51,70,170,111,92,121,143,189,197
[  4] Received message from 197: 1|0,22,116,135,1,3,128,192,194,51,70,170,111,92,121,143,189,197,4,129,181
[129] Received message from 197: 1|0,22,116,135,1,3,128,192,194,51,70,170,111,92,121,143,189,197,4,129,181
[ 42] Received message from   4: 1|0,22,116,135,1,3,128,192,194,51,70,170,111,92,121,143,189,197,4,129,181,42,48,52,83
[ 48] Received message from   4: 1|0,22,116,135,1,3,128,192,194,51,70,170,111,92,121,143,189,197,4,129,181,42,48,52,83
[181] Received message from 197: 1|0,22,116,135,1,3,128,192,194,51,70,170,111,92,121,143,189,197,4,129,181
[160] Received message from 129: 1|0,22,116,135,1,3,128,192,194,51,70,170,111,92,121,143,189,197,4,129,181,160
[197] Sent Broadcast: 1|0,22,116,135,1,3,128,192,194,51,70,170,111,92,121,143,189,197,4,129,181
[129] Sent Broadcast: 1|0,22,116,135,1,3,128,192,194,51,70,170,111,92,121,143,189,197,4,129,181,160
[160] Received message from 181: 1|0,22,116,135,1,3,128,192,194,51,70,170,111,92,121,143,189,197,4,129,181,160
[  6] Received message from 160: 1|0,22,116,135,1,3,128,192,194,51,70,170,111,92,121,143,189,197,4,129,181,160,6,58
[ 52] Received message from   4: 1|0,22,116,135,1,3,128,192,194,51,70,170,111,92,121,143,189,197,4,129,181,42,48,52,83
[181] Sent Broadcast: 1|0,22,116,135,1,3,128,192,194,51,70,170,111,92,121,143,189,197,4,129,181,160
[ 83] Received message from   4: 1|0,22,116,135,1,3,128,192,194,51,70,170,111,92,121,143,189,197,4,129,181,42,48,52,83
[ 58] Received message from 160: 1|0,22,116,135,1,3,128,192,194,51,70,170,111,92,121,143,189,197,4,129,181,160,6,58
[160] Sent Broadcast: 1|0,22,116,135,1,3,128,192,194,51,70,170,111,92,121,143,189,197,4,129,181,160,6,58
[  4] Sent Broadcast: 1|0,22,116,135,1,3,128,192,194,51,70,170,111,92,121,143,189,197,4,129,181,42,48,52,83
[115] Received message from   6: 1|0,22,116,135,1,3,128,192,194,51,70,170,111,92,121,143,189,197,4,129,181,160,6,58,115
[  6] Sent Broadcast: 1|0,22,116,135,1,3,128,192,194,51,70,170,111,92,121,143,189,197,4,129,181,160,6,58,115
[ 61] Received message from   2: 2|0,61,103
[103] Received message from   2: 2|0,61,103
[  2] Sent Broadcast: 2|0,61,103
[ 43] Received message from  61: 2|0,61,103,2,43,169
[169] Received message from  61: 2|0,61,103,2,43,169
[ 61] Sent Broadcast: 2|0,61,103,2,43,169
[ 38] Received message from  43: 2|0,61,103,2,43,169,38,79
[ 38] Received message from 169: 2|0,61,103,2,43,169,38,79
[ 79] Received message from  43: 2|0,61,103,2,43,169,38,79
[ 43] Sent Broadcast: 2|0,61,103,2,43,169,38,79
[  5] Received message from  38: 2|0,61,103,2,43,169,38,79,5,102
[ 79] Received message from 169: 2|0,61,103,2,43,169,38,79
[169] Sent Broadcast: 2|0,61,103,2,43,169,38,79
[  5] Received message from  79: 2|0,61,103,2,43,169,38,79,5
[ 79] Sent Broadcast: 2|0,61,103,2,43,169,38,79,5
[102] Received message from  38: 2|0,61,103,2,43,169,38,79,5,102
[ 38] Sent Broadcast: 2|0,61,103,2,43,169,38,79,5,102
[ 17] Received message from   5: 2|0,61,103,2,43,169,38,79,5,17,100,102,199
[100] Received message from   5: 2|0,61,103,2,43,169,38,79,5,17,100,102,199
[102] Received message from   5: 2|0,61,103,2,43,169,38,79,5,17,100,102,199
[199] Received message from   5: 2|0,61,103,2,43,169,38,79,5,17,100,102,199
[  5] Sent Broadcast: 2|0,61,103,2,43,169,38,79,5,17,100,102,199
[ 40] Received message from   7: 7|0,40,88,91
[ 60] Received message from  40: 7|0,40,88,91,7,60
[ 40] Sent Broadcast: 7|0,40,88,91,7,60
[108] Received message from  60: 7|0,40,88,91,7,60,108,118
[118] Received message from  60: 7|0,40,88,91,7,60,108,118
[ 60] Sent Broadcast: 7|0,40,88,91,7,60,108,118
[ 34] Received message from 108: 7|0,40,88,91,7,60,108,118,34,168,179
[ 88] Received message from   7: 7|0,40,88,91
[ 34] Received message from 118: 7|0,40,88,91,7,60,108,118,34,65,168,179
[168] Received message from 108: 7|0,40,88,91,7,60,108,118,34,168,179
[ 91] Received message from   7: 7|0,40,88,91
[  7] Sent Broadcast: 7|0,40,88,91
[179] Received message from 108: 7|0,40,88,91,7,60,108,118,34,168,179
[108] Sent Broadcast: 7|0,40,88,91,7,60,108,118,34,168,179
[ 65] Received message from 118: 7|0,40,88,91,7,60,108,118,34,65,168,179
[ 65] Received message from  34: 7|0,40,88,91,7,60,108,118,34,168,179,65
[ 34] Sent Broadcast: 7|0,40,88,91,7,60,108,118,34,168,179,65
[168] Received message from 118: 7|0,40,88,91,7,60,108,118,34,65,168,179
[179] Received message from 118: 7|0,40,88,91,7,60,108,118,34,65,168,179
[118] Sent Broadcast: 7|0,40,88,91,7,60,108,118,34,65,168,179
[ 65] Received message from 168: 7|0,40,88,91,7,60,108,118,34,168,179,65
[168] Sent Broadcast: 7|0,40,88,91,7,60,108,118,34,168,179,65
[ 65] Received message from 179: 7|0,40,88,91,7,60,108,118,34,168,179,65
[179] Sent Broadcast: 7|0,40,88,91,7,60,108,118,34,168,179,65
[171] Received message from  65: 7|0,40,88,91,7,60,108,118,34,168,179,65,171
[ 65] Sent Broadcast: 7|0,40,88,91,7,60,108,118,34,168,179,65,171
[ 80] Received message from 171: 7|0,40,88,91,7,60,108,118,34,168,179,65,171,80,152,177
[152] Received message from 171: 7|0,40,88,91,7,60,108,118,34,168,179,65,171,80,152,177
[177] Received message from 171: 7|0,40,88,91,7,60,108,118,34,168,179,65,171,80,152,177
[171] Sent Broadcast: 7|0,40,88,91,7,60,108,118,34,168,179,65,171,80,152,177
[ 21] Received message from 152: 7|0,40,88,91,7,60,108,118,34,168,179,65,171,80,152,177,21
[152] Sent Broadcast: 7|0,40,88,91,7,60,108,118,34,168,179,65,171,80,152,177,21
[ 21] Received message from 177: 7|0,40,88,91,7,60,108,118,34,168,179,65,171,80,152,177,21
[177] Sent Broadcast: 7|0,40,88,91,7,60,108,118,34,168,179,65,171,80,152,177,21
[ 16] Received message from   8: 8|0,16,131
[131] Received message from   8: 8|0,16,131
[  8] Sent Broadcast: 8|0,16,131
[ 27] Received message from  16: 8|0,16,131,8,27,71
[ 20] Received message from 131: 8|0,16,131,8,20,27
[ 71] Received message from  16: 8|0,16,131,8,27,71
[ 16] Sent Broadcast: 8|0,16,131,8,27,71
[ 27] Received message from 131: 8|0,16,131,8,20,27
[131] Sent Broadcast: 8|0,16,131,8,20,27
[ 20] Received message from  71: 8|0,16,131,8,27,71,20,93,113
[ 71] Received message from  20: 8|0,16,131,8,20,27,71,93,153
[ 20] Received message from  27: 8|0,16,131,8,27,71,20,93
[ 93] Received message from  71: 8|0,16,131,8,27,71,20,93,113
[ 93] Received message from  20: 8|0,16,131,8,20,27,71,93,153
[ 93] Received message from  27: 8|0,16,131,8,27,71,20,93
[153] Received message from  20: 8|0,16,131,8,20,27,71,93,153
[113] Received message from  71: 8|0,16,131,8,27,71,20,93,113
[ 27] Sent Broadcast: 8|0,16,131,8,27,71,20,93
[ 31] Received message from  93: 8|0,16,131,8,27,71,20,93,113,31,153,173
[ 71] Sent Broadcast: 8|0,16,131,8,27,71,20,93,113
[ 20] Sent Broadcast: 8|0,16,131,8,20,27,71,93,153
[153] Received message from  93: 8|0,16,131,8,27,71,20,93,113,31,153,173
[132] Received message from 113: 8|0,16,131,8,27,71,20,93,113,132,138,162,173
[ 57] Received message from 153: 8|0,16,131,8,20,27,71,93,153,57,84,101,159
[173] Received message from  93: 8|0,16,131,8,27,71,20,93,113,31,153,173
[ 93] Sent Broadcast: 8|0,16,131,8,27,71,20,93,113,31,153,173
[138] Received message from 113: 8|0,16,131,8,27,71,20,93,113,132,138,162,173
[ 84] Received message from 153: 8|0,16,131,8,20,27,71,93,153,57,84,101,159
[ 11] Received message from  57: 8|0,16,131,8,20,27,71,93,153,57,84,101,159,11,140,165
[132] Received message from 173: 8|0,16,131,8,27,71,20,93,113,31,153,173,132
[101] Received message from 153: 8|0,16,131,8,20,27,71,93,153,57,84,101,159
[173] Sent Broadcast: 8|0,16,131,8,27,71,20,93,113,31,153,173,132
[162] Received message from 113: 8|0,16,131,8,27,71,20,93,113,132,138,162,173
[ 49] Received message from 138: 8|0,16,131,8,27,71,20,93,113,132,138,162,173,49,146
[140] Received message from  57: 8|0,16,131,8,20,27,71,93,153,57,84,101,159,11,140,165
[156] Received message from  84: 8|0,16,131,8,20,27,71,93,153,57,84,101,159,156,163
[ 11] Received message from 101: 8|0,16,131,8,20,27,71,93,153,57,84,101,159,11,165
[ 55] Received message from  11: 8|0,16,131,8,20,27,71,93,153,57,84,101,159,11,140,165,55
[173] Received message from 113: 8|0,16,131,8,27,71,20,93,113,132,138,162,173
[159] Received message from 153: 8|0,16,131,8,20,27,71,93,153,57,84,101,159
[165] Received message from  57: 8|0,16,131,8,20,27,71,93,153,57,84,101,159,11,140,165
[ 49] Received message from 162: 8|0,16,131,8,27,71,20,93,113,132,138,162,173,49
[178] Received message from  49: 8|0,16,131,8,27,71,20,93,113,132,138,162,173,49,146,178
[ 11] Sent Broadcast: 8|0,16,131,8,20,27,71,93,153,57,84,101,159,11,140,165,55
[113] Sent Broadcast: 8|0,16,131,8,27,71,20,93,113,132,138,162,173
[153] Sent Broadcast: 8|0,16,131,8,20,27,71,93,153,57,84,101,159
[ 57] Sent Broadcast: 8|0,16,131,8,20,27,71,93,153,57,84,101,159,11,140,165
[162] Sent Broadcast: 8|0,16,131,8,27,71,20,93,113,132,138,162,173,49
[ 49] Sent Broadcast: 8|0,16,131,8,27,71,20,93,113,132,138,162,173,49,146,178
[ 36] Received message from 140: 8|0,16,131,8,20,27,71,93,153,57,84,101,159,11,140,165,36,55
[146] Received message from 138: 8|0,16,131,8,27,71,20,93,113,132,138,162,173,49,146
[138] Sent Broadcast: 8|0,16,131,8,27,71,20,93,113,132,138,162,173,49,146
[163] Received message from  84: 8|0,16,131,8,20,27,71,93,153,57,84,101,159,156,163
[165] Received message from 101: 8|0,16,131,8,20,27,71,93,153,57,84,101,159,11,165
[ 84] Sent Broadcast: 8|0,16,131,8,20,27,71,93,153,57,84,101,159,156,163
[101] Sent Broadcast: 8|0,16,131,8,20,27,71,93,153,57,84,101,159,11,165
[156] Received message from 159: 8|0,16,131,8,20,27,71,93,153,57,84,101,159,156,163
[122] Received message from 156: 8|0,16,131,8,20,27,71,93,153,57,84,101,159,156,163,122
[ 55] Received message from 140: 8|0,16,131,8,20,27,71,93,153,57,84,101,159,11,140,165,36,55
[156] Sent Broadcast: 8|0,16,131,8,20,27,71,93,153,57,84,101,159,156,163,122
[ 99] Received message from  36: 8|0,16,131,8,20,27,71,93,153,57,84,101,159,11,140,165,36,55,99
[ 24] Received message from 178: 8|0,16,131,8,27,71,20,93,113,132,138,162,173,49,146,178,24
[140] Sent Broadcast: 8|0,16,131,8,20,27,71,93,153,57,84,101,159,11,140,165,36,55
[ 36] Sent Broadcast: 8|0,16,131,8,20,27,71,93,153,57,84,101,159,11,140,165,36,55,99
[178] Sent Broadcast: 8|0,16,131,8,27,71,20,93,113,132,138,162,173,49,146,178,24
[ 24] Received message from 146: 8|0,16,131,8,27,71,20,93,113,132,138,162,173,49,146,24,178
[ 13] Received message from 122: 8|0,16,131,8,20,27,71,93,153,57,84,101,159,156,163,122,13,56,176
[163] Received message from 159: 8|0,16,131,8,20,27,71,93,153,57,84,101,159,156,163
[159] Sent Broadcast: 8|0,16,131,8,20,27,71,93,153,57,84,101,159,156,163
[ 54] Received message from  24: 8|0,16,131,8,27,71,20,93,113,132,138,162,173,49,146,178,24,54
[ 24] Sent Broadcast: 8|0,16,131,8,27,71,20,93,113,132,138,162,173,49,146,178,24,54
[178] Received message from 146: 8|0,16,131,8,27,71,20,93,113,132,138,162,173,49,146,24,178
[146] Sent Broadcast: 8|0,16,131,8,27,71,20,93,113,132,138,162,173,49,146,24,178
[ 56] Received message from 122: 8|0,16,131,8,20,27,71,93,153,57,84,101,159,156,163,122,13,56,176
[109] Received message from  13: 8|0,16,131,8,20,27,71,93,153,57,84,101,159,156,163,122,13,56,176,109
[ 19] Received message from  54: 8|0,16,131,8,27,71,20,93,113,132,138,162,173,49,146,178,24,54,19,180
[ 13] Sent Broadcast: 8|0,16,131,8,20,27,71,93,153,57,84,101,159,156,163,122,13,56,176,109
[176] Received message from 122: 8|0,16,131,8,20,27,71,93,153,57,84,101,159,156,163,122,13,56,176
[109] Received message from  56: 8|0,16,131,8,20,27,71,93,153,57,84,101,159,156,163,122,13,56,176,109
[122] Sent Broadcast: 8|0,16,131,8,20,27,71,93,153,57,84,101,159,156,163,122,13,56,176
[ 56] Sent Broadcast: 8|0,16,131,8,20,27,71,93,153,57,84,101,159,156,163,122,13,56,176,109
[180] Received message from  54: 8|0,16,131,8,27,71,20,93,113,132,138,162,173,49,146,178,24,54,19,180
[ 54] Sent Broadcast: 8|0,16,131,8,27,71,20,93,113,132,138,162,173,49,146,178,24,54,19,180
[134] Received message from  19: 8|0,16,131,8,27,71,20,93,113,132,138,162,173,49,146,178,24,54,19,180,134,182,200
[109] Received message from 176: 8|0,16,131,8,20,27,71,93,153,57,84,101,159,156,163,122,13,56,176,109
[176] Sent Broadcast: 8|0,16,131,8,20,27,71,93,153,57,84,101,159,156,163,122,13,56,176,109
[182] Received message from  19: 8|0,16,131,8,27,71,20,93,113,132,138,162,173,49,146,178,24,54,19,180,134,182,200
[ 73] Received message from 180: 8|0,16,131,8,27,71,20,93,113,132,138,162,173,49,146,178,24,54,19,180,73,136,200
[ 53] Received message from 134: 8|0,16,131,8,27,71,20,93,113,132,138,162,173,49,146,178,24,54,19,180,134,182,200,53
[134] Sent Broadcast: 8|0,16,131,8,27,71,20,93,113,132,138,162,173,49,146,178,24,54,19,180,134,182,200,53
[ 53] Received message from 182: 8|0,16,131,8,27,71,20,93,113,132,138,162,173,49,146,178,24,54,19,180,134,182,200,53
[200] Received message from  19: 8|0,16,131,8,27,71,20,93,113,132,138,162,173,49,146,178,24,54,19,180,134,182,200
[136] Received message from 180: 8|0,16,131,8,27,71,20,93,113,132,138,162,173,49,146,178,24,54,19,180,73,136,200
[ 19] Sent Broadcast: 8|0,16,131,8,27,71,20,93,113,132,138,162,173,49,146,178,24,54,19,180,134,182,200
[182] Sent Broadcast: 8|0,16,131,8,27,71,20,93,113,132,138,162,173,49,146,178,24,54,19,180,134,182,200,53
[112] Received message from  73: 8|0,16,131,8,27,71,20,93,113,132,138,162,173,49,146,178,24,54,19,180,73,136,200,112
[ 50] Received message from  53: 8|0,16,131,8,27,71,20,93,113,132,138,162,173,49,146,178,24,54,19,180,134,182,200,53,50
[ 73] Sent Broadcast: 8|0,16,131,8,27,71,20,93,113,132,138,162,173,49,146,178,24,54,19,180,73,136,200,112
[ 53] Sent Broadcast: 8|0,16,131,8,27,71,20,93,113,132,138,162,173,49,146,178,24,54,19,180,134,182,200,53,50
[200] Received message from 180: 8|0,16,131,8,27,71,20,93,113,132,138,162,173,49,146,178,24,54,19,180,73,136,200
[ 76] Received message from 136: 8|0,16,131,8,27,71,20,93,113,132,138,162,173,49,146,178,24,54,19,180,73,136,200,76,150
[180] Sent Broadcast: 8|0,16,131,8,27,71,20,93,113,132,138,162,173,49,146,178,24,54,19,180,73,136,200
[ 69] Received message from 200: 8|0,16,131,8,27,71,20,93,113,132,138,162,173,49,146,178,24,54,19,180,134,182,200,69
[200] Sent Broadcast: 8|0,16,131,8,27,71,20,93,113,132,138,162,173,49,146,178,24,54,19,180,134,182,200,69
[ 62] Received message from  76: 8|0,16,131,8,27,71,20,93,113,132,138,162,173,49,146,178,24,54,19,180,73,136,200,76,150,62,107
[150] Received message from 136: 8|0,16,131,8,27,71,20,93,113,132,138,162,173,49,146,178,24,54,19,180,73,136,200,76,150
[ 69] Received message from  50: 8|0,16,131,8,27,71,20,93,113,132,138,162,173,49,146,178,24,54,19,180,134,182,200,53,50,69,158
[136] Sent Broadcast: 8|0,16,131,8,27,71,20,93,113,132,138,162,173,49,146,178,24,54,19,180,73,136,200,76,150
[ 50] Received message from  69: 8|0,16,131,8,27,71,20,93,113,132,138,162,173,49,146,178,24,54,19,180,134,182,200,69,50
[158] Received message from  50: 8|0,16,131,8,27,71,20,93,113,132,138,162,173,49,146,178,24,54,19,180,134,182,200,53,50,69,158
[107] Received message from  76: 8|0,16,131,8,27,71,20,93,113,132,138,162,173,49,146,178,24,54,19,180,73,136,200,76,150,62,107
[ 62] Received message from 150: 8|0,16,131,8,27,71,20,93,113,132,138,162,173,49,146,178,24,54,19,180,73,136,200,76,150,62,64,107
[ 69] Sent Broadcast: 8|0,16,131,8,27,71,20,93,113,132,138,162,173,49,146,178,24,54,19,180,134,182,200,69,50
[ 64] Received message from  62: 8|0,16,131,8,27,71,20,93,113,132,138,162,173,49,146,178,24,54,19,180,73,136,200,76,150,62,107,64
[ 50] Sent Broadcast: 8|0,16,131,8,27,71,20,93,113,132,138,162,173,49,146,178,24,54,19,180,134,182,200,53,50,69,158
[ 76] Sent Broadcast: 8|0,16,131,8,27,71,20,93,113,132,138,162,173,49,146,178,24,54,19,180,73,136,200,76,150,62,107
[ 62] Sent Broadcast: 8|0,16,131,8,27,71,20,93,113,132,138,162,173,49,146,178,24,54,19,180,73,136,200,76,150,62,107,64
[ 64] Received message from 150: 8|0,16,131,8,27,71,20,93,113,132,138,162,173,49,146,178,24,54,19,180,73,136,200,76,150,62,64,107
[ 78] Received message from 158: 8|0,16,131,8,27,71,20,93,113,132,138,162,173,49,146,178,24,54,19,180,134,182,200,53,50,69,158,78,126
[ 64] Received message from 107: 8|0,16,131,8,27,71,20,93,113,132,138,162,173,49,146,178,24,54,19,180,73,136,200,76,150,62,107,64
[ 66] Received message from  64: 8|0,16,131,8,27,71,20,93,113,132,138,162,173,49,146,178,24,54,19,180,73,136,200,76,150,62,107,64,66
[107] Sent Broadcast: 8|0,16,131,8,27,71,20,93,113,132,138,162,173,49,146,178,24,54,19,180,73,136,200,76,150,62,107,64
[107] Received message from 150: 8|0,16,131,8,27,71,20,93,113,132,138,162,173,49,146,178,24,54,19,180,73,136,200,76,150,62,64,107
[ 64] Sent Broadcast: 8|0,16,131,8,27,71,20,93,113,132,138,162,173,49,146,178,24,54,19,180,73,136,200,76,150,62,107,64,66
[ 47] Received message from  78: 8|0,16,131,8,27,71,20,93,113,132,138,162,173,49,146,178,24,54,19,180,134,182,200,53,50,69,158,78,126,47,72
[150] Sent Broadcast: 8|0,16,131,8,27,71,20,93,113,132,138,162,173,49,146,178,24,54,19,180,73,136,200,76,150,62,64,107
[126] Received message from 158: 8|0,16,131,8,27,71,20,93,113,132,138,162,173,49,146,178,24,54,19,180,134,182,200,53,50,69,158,78,126
[ 41] Received message from  66: 8|0,16,131,8,27,71,20,93,113,132,138,162,173,49,146,178,24,54,19,180,73,136,200,76,150,62,107,64,66,41
[158] Sent Broadcast: 8|0,16,131,8,27,71,20,93,113,132,138,162,173,49,146,178,24,54,19,180,134,182,200,53,50,69,158,78,126
[ 66] Sent Broadcast: 8|0,16,131,8,27,71,20,93,113,132,138,162,173,49,146,178,24,54,19,180,73,136,200,76,150,62,107,64,66,41
[ 72] Received message from  78: 8|0,16,131,8,27,71,20,93,113,132,138,162,173,49,146,178,24,54,19,180,134,182,200,53,50,69,158,78,126,47,72
[ 78] Sent Broadcast: 8|0,16,131,8,27,71,20,93,113,132,138,162,173,49,146,178,24,54,19,180,134,182,200,53,50,69,158,78,126,47,72
[ 82] Received message from  47: 8|0,16,131,8,27,71,20,93,113,132,138,162,173,49,146,178,24,54,19,180,134,182,200,53,50,69,158,78,126,47,72,82
[ 26] Received message from 126: 8|0,16,131,8,27,71,20,93,113,132,138,162,173,49,146,178,24,54,19,180,134,182,200,53,50,69,158,78,126,26,72,75,155,183
[ 47] Sent Broadcast: 8|0,16,131,8,27,71,20,93,113,132,138,162,173,49,146,178,24,54,19,180,134,182,200,53,50,69,158,78,126,47,72,82
[ 28] Received message from  41: 8|16,131,8,27,71,20,93,113,132,138,162,173,49,146,178,24,54,19,180,73,136,200,76,150,62,107,64,66,41,28,96
[ 26] Received message from  72: 8|0,16,131,8,27,71,20,93,113,132,138,162,173,49,146,178,24,54,19,180,134,182,200,53,50,69,158,78,126,47,72,26,183
[ 72] Received message from 126: 8|0,16,131,8,27,71,20,93,113,132,138,162,173,49,146,178,24,54,19,180,134,182,200,53,50,69,158,78,126,26,72,75,155,183
[ 96] Received message from  41: 8|16,131,8,27,71,20,93,113,132,138,162,173,49,146,178,24,54,19,180,73,136,200,76,150,62,107,64,66,41,28,96
[ 41] Sent Broadcast: 8|16,131,8,27,71,20,93,113,132,138,162,173,49,146,178,24,54,19,180,73,136,200,76,150,62,107,64,66,41,28,96
[183] Received message from  72: 8|0,16,131,8,27,71,20,93,113,132,138,162,173,49,146,178,24,54,19,180,134,182,200,53,50,69,158,78,126,47,72,26,183
[ 75] Received message from 126: 8|0,16,131,8,27,71,20,93,113,132,138,162,173,49,146,178,24,54,19,180,134,182,200,53,50,69,158,78,126,26,72,75,155,183
[ 72] Sent Broadcast: 8|0,16,131,8,27,71,20,93,113,132,138,162,173,49,146,178,24,54,19,180,134,182,200,53,50,69,158,78,126,47,72,26,183
[ 35] Received message from  26: 8|0,16,131,8,27,71,20,93,113,132,138,162,173,49,146,178,24,54,19,180,134,182,200,53,50,69,158,78,126,26,72,75,155,183,35
[ 26] Sent Broadcast: 8|0,16,131,8,27,71,20,93,113,132,138,162,173,49,146,178,24,54,19,180,134,182,200,53,50,69,158,78,126,26,72,75,155,183,35
[155] Received message from 126: 8|0,16,131,8,27,71,20,93,113,132,138,162,173,49,146,178,24,54,19,180,134,182,200,53,50,69,158,78,126,26,72,75,155,183
[ 25] Received message from  75: 8|0,16,131,8,27,71,20,93,113,132,138,162,173,49,146,178,24,54,19,180,134,182,200,53,50,69,158,78,126,26,72,75,155,183,25,35
[196] Received message from  35: 8|0,16,131,8,27,71,20,93,113,132,138,162,173,49,146,178,24,54,19,180,134,182,200,53,50,69,158,78,126,26,72,75,155,183,35,196
[ 35] Received message from 183: 8|0,16,131,8,27,71,20,93,113,132,138,162,173,49,146,178,24,54,19,180,134,182,200,53,50,69,158,78,126,47,72,26,183,35,75,155
[ 35] Sent Broadcast: 8|0,16,131,8,27,71,20,93,113,132,138,162,173,49,146,178,24,54,19,180,134,182,200,53,50,69,158,78,126,26,72,75,155,183,35,196
[ 35] Received message from  75: 8|0,16,131,8,27,71,20,93,113,132,138,162,173,49,146,178,24,54,19,180,134,182,200,53,50,69,158,78,126,26,72,75,155,183,25,35
[ 18] Received message from 196: 8|0,16,131,8,27,71,20,93,113,132,138,162,173,49,146,178,24,54,19,180,134,182,200,53,50,69,158,78,126,26,72,75,155,183,35,196,18
[ 75] Sent Broadcast: 8|0,16,131,8,27,71,20,93,113,132,138,162,173,49,146,178,24,54,19,180,134,182,200,53,50,69,158,78,126,26,72,75,155,183,25,35
[196] Sent Broadcast: 8|0,16,131,8,27,71,20,93,113,132,138,162,173,49,146,178,24,54,19,180,134,182,200,53,50,69,158,78,126,26,72,75,155,183,35,196,18
[183] Received message from 126: 8|0,16,131,8,27,71,20,93,113,132,138,162,173,49,146,178,24,54,19,180,134,182,200,53,50,69,158,78,126,26,72,75,155,183
[130] Received message from   9: 9|0,130,139,145
[ 75] Received message from 183: 8|0,16,131,8,27,71,20,93,113,132,138,162,173,49,146,178,24,54,19,180,134,182,200,53,50,69,158,78,126,47,72,26,183,35,75,155
[126] Sent Broadcast: 8|0,16,131,8,27,71,20,93,113,132,138,162,173,49,146,178,24,54,19,180,134,182,200,53,50,69,158,78,126,26,72,75,155,183
[ 12] Received message from  25: 8|0,16,131,8,27,71,20,93,113,132,138,162,173,49,146,178,24,54,19,180,134,182,200,53,50,69,158,78,126,26,72,75,155,183,25,35,12,37
[ 25] Received message from 155: 8|0,16,131,8,27,71,20,93,113,132,138,162,173,49,146,178,24,54,19,180,134,182,200,53,50,69,158,78,126,26,72,75,155,183,25,35
[155] Received message from 183: 8|0,16,131,8,27,71,20,93,113,132,138,162,173,49,146,178,24,54,19,180,134,182,200,53,50,69,158,78,126,47,72,26,183,35,75,155
[114] Received message from  12: 8|0,16,131,8,27,71,20,93,113,132,138,162,173,49,146,178,24,54,19,180,134,182,200,53,50,69,158,78,126,26,72,75,155,183,25,35,12,37,114
[ 12] Sent Broadcast: 8|0,16,131,8,27,71,20,93,113,132,138,162,173,49,146,178,24,54,19,180,134,182,200,53,50,69,158,78,126,26,72,75,155,183,25,35,12,37,114
[183] Sent Broadcast: 8|0,16,131,8,27,71,20,93,113,132,138,162,173,49,146,178,24,54,19,180,134,182,200,53,50,69,158,78,126,47,72,26,183,35,75,155
[ 37] Received message from  25: 8|0,16,131,8,27,71,20,93,113,132,138,162,173,49,146,178,24,54,19,180,134,182,200,53,50,69,158,78,126,26,72,75,155,183,25,35,12,37
[ 35] Received message from 155: 8|0,16,131,8,27,71,20,93,113,132,138,162,173,49,146,178,24,54,19,180,134,182,200,53,50,69,158,78,126,26,72,75,155,183,25,35
[139] Received message from   9: 9|0,130,139,145
[ 25] Sent Broadcast: 8|0,16,131,8,27,71,20,93,113,132,138,162,173,49,146,178,24,54,19,180,134,182,200,53,50,69,158,78,126,26,72,75,155,183,25,35,12,37
[155] Sent Broadcast: 8|0,16,131,8,27,71,20,93,113,132,138,162,173,49,146,178,24,54,19,180,134,182,200,53,50,69,158,78,126,26,72,75,155,183,25,35
[ 87] Received message from 114: 8|0,16,131,8,27,71,20,93,113,132,138,162,173,49,146,178,24,54,19,180,134,182,200,53,50,69,158,78,126,26,72,75,155,183,25,35,12,37,114,87,139
[145] Received message from   9: 9|0,130,139,145
[  9] Sent Broadcast: 9|0,130,139,145
[ 87] Received message from 139: 9|0,130,139,145,9,87,114
[114] Received message from  37: 8|0,16,131,8,27,71,20,93,113,132,138,162,173,49,146,178,24,54,19,180,134,182,200,53,50,69,158,78,126,26,72,75,155,183,25,35,12,37,114
[139] Received message from 114: 8|0,16,131,8,27,71,20,93,113,132,138,162,173,49,146,178,24,54,19,180,134,182,200,53,50,69,158,78,126,26,72,75,155,183,25,35,12,37,114,87,139
[ 37] Sent Broadcast: 8|0,16,131,8,27,71,20,93,113,132,138,162,173,49,146,178,24,54,19,180,134,182,200,53,50,69,158,78,126,26,72,75,155,183,25,35,12,37,114
[114] Sent Broadcast: 8|0,16,131,8,27,71,20,93,113,132,138,162,173,49,146,178,24,54,19,180,134,182,200,53,50,69,158,78,126,26,72,75,155,183,25,35,12,37,114,87,139
[114] Received message from 139: 9|0,130,139,145,9,87,114
[139] Sent Broadcast: 9|0,130,139,145,9,87,114
[ 95] Received message from  10: 10|0,95,144
[ 63] Received message from  95: 10|0,95,144,10,63,106
[144] Received message from  10: 10|0,95,144
[ 10] Sent Broadcast: 10|0,95,144
[157] Received message from  63: 10|0,95,144,10,63,106,157
[106] Received message from  95: 10|0,95,144,10,63,106
[ 63] Sent Broadcast: 10|0,95,144,10,63,106,157
[ 95] Sent Broadcast: 10|0,95,144,10,63,106
[ 81] Received message from 106: 10|0,95,144,10,63,106,81,157
[157] Received message from 106: 10|0,95,144,10,63,106,81,157
[106] Sent Broadcast: 10|0,95,144,10,63,106,81,157
[ 30] Received message from  81: 10|0,95,144,10,63,106,81,157,30,117,119,186,198
[117] Received message from  81: 10|0,95,144,10,63,106,81,157,30,117,119,186,198
[119] Received message from  81: 10|0,95,144,10,63,106,81,157,30,117,119,186,198
[186] Received message from  81: 10|0,95,144,10,63,106,81,157,30,117,119,186,198
[ 89] Received message from  30: 10|0,95,144,10,63,106,81,157,30,117,119,186,198,89,133,148
[133] Received message from  30: 10|0,95,144,10,63,106,81,157,30,117,119,186,198,89,133,148
[198] Received message from  81: 10|0,95,144,10,63,106,81,157,30,117,119,186,198
[ 81] Sent Broadcast: 10|0,95,144,10,63,106,81,157,30,117,119,186,198
[ 33] Received message from  89: 10|0,95,144,10,63,106,81,157,30,117,119,186,198,89,133,148,33,142
[137] Received message from 186: 10|0,95,144,10,63,106,81,157,30,117,119,186,198,137,142
[148] Received message from 119: 10|0,95,144,10,63,106,81,157,30,117,119,186,198,148
[142] Received message from  89: 10|0,95,144,10,63,106,81,157,30,117,119,186,198,89,133,148,33,142
[ 89] Sent Broadcast: 10|0,95,144,10,63,106,81,157,30,117,119,186,198,89,133,148,33,142
[148] Received message from  30: 10|0,95,144,10,63,106,81,157,30,117,119,186,198,89,133,148
[119] Sent Broadcast: 10|0,95,144,10,63,106,81,157,30,117,119,186,198,148
[ 30] Sent Broadcast: 10|0,95,144,10,63,106,81,157,30,117,119,186,198,89,133,148
[137] Received message from 198: 10|0,95,144,10,63,106,81,157,30,117,119,186,198,137,142
[142] Received message from 186: 10|0,95,144,10,63,106,81,157,30,117,119,186,198,137,142
[ 59] Received message from  33: 10|0,95,144,10,63,106,81,157,30,117,119,186,198,89,133,148,33,142,59,190
[ 23] Received message from 137: 10|0,95,144,10,63,106,81,157,30,117,119,186,198,137,142,23,98,187
[186] Sent Broadcast: 10|0,95,144,10,63,106,81,157,30,117,119,186,198,137,142
[142] Received message from 198: 10|0,95,144,10,63,106,81,157,30,117,119,186,198,137,142
[ 89] Received message from 117: 10|0,95,144,10,63,106,81,157,30,117,119,186,198,89,133,142,148
[198] Sent Broadcast: 10|0,95,144,10,63,106,81,157,30,117,119,186,198,137,142
[ 46] Received message from  23: 10|0,95,144,10,63,106,81,157,30,117,119,186,198,137,142,23,98,187,46,74,174,188
[133] Received message from 117: 10|0,95,144,10,63,106,81,157,30,117,119,186,198,89,133,142,148
[190] Received message from  33: 10|0,95,144,10,63,106,81,157,30,117,119,186,198,89,133,148,33,142,59,190
[ 98] Received message from 142: 10|0,95,144,10,63,106,81,157,30,117,119,186,198,89,133,148,33,142,98,137
[ 33] Sent Broadcast: 10|0,95,144,10,63,106,81,157,30,117,119,186,198,89,133,148,33,142,59,190
[ 98] Received message from 137: 10|0,95,144,10,63,106,81,157,30,117,119,186,198,137,142,23,98,187
[ 74] Received message from  23: 10|0,95,144,10,63,106,81,157,30,117,119,186,198,137,142,23,98,187,46,74,174,188
[ 33] Received message from 133: 10|0,95,144,10,63,106,81,157,30,117,119,186,198,89,133,148,33
[133] Sent Broadcast: 10|0,95,144,10,63,106,81,157,30,117,119,186,198,89,133,148,33
[ 46] Received message from  98: 10|0,95,144,10,63,106,81,157,30,117,119,186,198,137,142,23,98,187,46,174
[187] Received message from 137: 10|0,95,144,10,63,106,81,157,30,117,119,186,198,137,142,23,98,187
[142] Received message from 117: 10|0,95,144,10,63,106,81,157,30,117,119,186,198,89,133,142,148
[ 32] Received message from  46: 10|0,95,144,10,63,106,81,157,30,117,119,186,198,137,142,23,98,187,46,74,174,188,32
[137] Received message from 142: 10|0,95,144,10,63,106,81,157,30,117,119,186,198,89,133,148,33,142,98,137
[174] Received message from  23: 10|0,95,144,10,63,106,81,157,30,117,119,186,198,137,142,23,98,187,46,74,174,188
[ 46] Sent Broadcast: 10|0,95,144,10,63,106,81,157,30,117,119,186,198,137,142,23,98,187,46,74,174,188,32
[137] Sent Broadcast: 10|0,95,144,10,63,106,81,157,30,117,119,186,198,137,142,23,98,187
[142] Sent Broadcast: 10|0,95,144,10,63,106,81,157,30,117,119,186,198,89,133,148,33,142,98,137
[ 32] Received message from  74: 10|0,95,144,10,63,106,81,157,30,117,119,186,198,137,142,23,98,187,46,74,174,188,32,172
[ 46] Received message from 187: 10|0,95,144,10,63,106,81,157,30,117,119,186,198,137,142,23,98,187,46,74,174
[148] Received message from 117: 10|0,95,144,10,63,106,81,157,30,117,119,186,198,89,133,142,148
[117] Sent Broadcast: 10|0,95,144,10,63,106,81,157,30,117,119,186,198,89,133,142,148
[174] Received message from  98: 10|0,95,144,10,63,106,81,157,30,117,119,186,198,137,142,23,98,187,46,174
[ 98] Sent Broadcast: 10|0,95,144,10,63,106,81,157,30,117,119,186,198,137,142,23,98,187,46,174
[172] Received message from  74: 10|0,95,144,10,63,106,81,157,30,117,119,186,198,137,142,23,98,187,46,74,174,188,32,172
[188] Received message from  23: 10|0,95,144,10,63,106,81,157,30,117,119,186,198,137,142,23,98,187,46,74,174,188
[ 74] Sent Broadcast: 10|0,95,144,10,63,106,81,157,30,117,119,186,198,137,142,23,98,187,46,74,174,188,32,172
[ 23] Sent Broadcast: 10|0,95,144,10,63,106,81,157,30,117,119,186,198,137,142,23,98,187,46,74,174,188
[ 74] Received message from 187: 10|0,95,144,10,63,106,81,157,30,117,119,186,198,137,142,23,98,187,46,74,174
[172] Received message from 174: 10|0,95,144,10,63,106,81,157,30,117,119,186,198,137,142,23,98,187,46,74,174,188,172
[174] Sent Broadcast: 10|0,95,144,10,63,106,81,157,30,117,119,186,198,137,142,23,98,187,46,74,174,188,172
[ 39] Received message from 172: 10|0,95,144,10,63,106,81,157,30,117,119,186,198,137,142,23,98,187,46,74,174,188,32,172,39,120
[174] Received message from 187: 10|0,95,144,10,63,106,81,157,30,117,119,186,198,137,142,23,98,187,46,74,174
[ 32] Received message from 188: 10|0,95,144,10,63,106,81,157,30,117,119,186,198,137,142,23,98,187,46,74,174,188,32
[187] Sent Broadcast: 10|0,95,144,10,63,106,81,157,30,117,119,186,198,137,142,23,98,187,46,74,174
[120] Received message from 172: 10|0,95,144,10,63,106,81,157,30,117,119,186,198,137,142,23,98,187,46,74,174,188,32,172,39,120
[172] Sent Broadcast: 10|0,95,144,10,63,106,81,157,30,117,119,186,198,137,142,23,98,187,46,74,174,188,32,172,39,120
[188] Sent Broadcast: 10|0,95,144,10,63,106,81,157,30,117,119,186,198,137,142,23,98,187,46,74,174,188,32
[124] Received message from  14: 14|0,124,151
[151] Received message from  14: 14|0,124,151
[ 14] Sent Broadcast: 14|0,124,151
[ 45] Received message from 124: 14|0,124,151,14,45
[124] Sent Broadcast: 14|0,124,151,14,45
[ 90] Received message from  15: 15|0,90,154
[154] Received message from  15: 15|0,90,154
[ 15] Sent Broadcast: 15|0,90,154
[ 85] Received message from  67: 67|0,85,184
[184] Received message from  67: 67|0,85,184
[ 67] Sent Broadcast: 67|0,85,184
