[ 53] Received message from   1: 1|0,53,75,86,101,200
[ 18] Received message from  53: 1|0,53,75,86,101,200,1,18,30,94,125,195
[ 75] Received message from   1: 1|0,53,75,86,101,200
[ 33] Received message from  18: 1|0,53,75,86,101,200,1,18,30,94,125,195,33,132
[ 86] Received message from   1: 1|0,53,75,86,101,200
[ 30] Received message from  53: 1|0,53,75,86,101,200,1,18,30,94,125,195
[132] Received message from  18: 1|0,53,75,86,101,200,1,18,30,94,125,195,33,132
[ 18] Sent Broadcast: 1|0,53,75,86,101,200,1,18,30,94,125,195,33,132
[101] Received message from   1: 1|0,53,75,86,101,200
[ 66] Received message from  33: 1|0,53,75,86,101,200,1,18,30,94,125,195,33,132,66
[ 33] Received message from  30: 1|0,53,75,86,101,200,1,18,30,94,125,195,33,66,132
[ 66] Received message from 132: 1|0,53,75,86,101,200,1,18,30,94,125,195,33,132,66
[ 94] Received message from  53: 1|0,53,75,86,101,200,1,18,30,94,125,195
[  2] Received message from 101: 1|0,53,75,86,101,200,1,2,189
[ 33] Received message from  94: 1|0,53,75,86,101,200,1,18,30,94,125,195,33,132
[ 33] Sent Broadcast: 1|0,53,75,86,101,200,1,18,30,94,125,195,33,132,66
[132] Sent Broadcast: 1|0,53,75,86,101,200,1,18,30,94,125,195,33,132,66
[  7] Received message from   2: 1|0,53,75,86,101,200,1,2,189,7,12
[ 79] Received message from  66: 1|0,53,75,86,101,200,1,18,30,94,125,195,33,132,66,79,115
[200] Received message from   1: 1|0,53,75,86,101,200
[189] Received message from 101: 1|0,53,75,86,101,200,1,2,189
[125] Received message from  53: 1|0,53,75,86,101,200,1,18,30,94,125,195
[  1] Sent Broadcast: 1|0,53,75,86,101,200
[ 45] Received message from   7: 1|0,53,75,86,101,200,1,2,189,7,12,45,165
[132] Received message from  94: 1|0,53,75,86,101,200,1,18,30,94,125,195,33,132
[ 42] Received message from  79: 1|0,53,75,86,101,200,1,18,30,94,125,195,33,132,66,79,115,42,174
[ 12] Received message from   2: 1|0,53,75,86,101,200,1,2,189,7,12
[ 66] Received message from  30: 1|0,53,75,86,101,200,1,18,30,94,125,195,33,66,132
[101] Sent Broadcast: 1|0,53,75,86,101,200,1,2,189
[ 94] Sent Broadcast: 1|0,53,75,86,101,200,1,18,30,94,125,195,33,132
[  2] Sent Broadcast: 1|0,53,75,86,101,200,1,2,189,7,12
[  7] Received message from 189: 1|0,53,75,86,101,200,1,2,189,7,12
[165] Received message from   7: 1|0,53,75,86,101,200,1,2,189,7,12,45,165
[132] Received message from  30: 1|0,53,75,86,101,200,1,18,30,94,125,195,33,66,132
[115] Received message from  66: 1|0,53,75,86,101,200,1,18,30,94,125,195,33,132,66,79,115
[174] Received message from  79: 1|0,53,75,86,101,200,1,18,30,94,125,195,33,132,66,79,115,42,174
[ 45] Received message from  12: 1|0,53,75,86,101,200,1,2,189,7,12,45,165
[ 30] Sent Broadcast: 1|0,53,75,86,101,200,1,18,30,94,125,195,33,66,132
[  7] Sent Broadcast: 1|0,53,75,86,101,200,1,2,189,7,12,45,165
[ 66] Sent Broadcast: 1|0,53,75,86,101,200,1,18,30,94,125,195,33,132,66,79,115
[ 79] Sent Broadcast: 1|0,53,75,86,101,200,1,18,30,94,125,195,33,132,66,79,115,42,174
[ 12] Received message from 189: 1|0,53,75,86,101,200,1,2,189,7,12
[  8] Received message from  42: 1|0,53,75,86,101,200,1,18,30,94,125,195,33,132,66,79,115,42,174,8
[ 33] Received message from 125: 1|0,53,75,86,101,200,1,18,30,94,125,195,33,132
[ 37] Received message from 174: 1|0,53,75,86,101,200,1,18,30,94,125,195,33,132,66,79,115,42,174,37,171
[195] Received message from  53: 1|0,53,75,86,101,200,1,18,30,94,125,195
[131] Received message from 165: 1|0,53,75,86,101,200,1,2,189,7,12,45,165,131
[165] Received message from  12: 1|0,53,75,86,101,200,1,2,189,7,12,45,165
[189] Sent Broadcast: 1|0,53,75,86,101,200,1,2,189,7,12
[ 42] Sent Broadcast: 1|0,53,75,86,101,200,1,18,30,94,125,195,33,132,66,79,115,42,174,8
[176] Received message from   8: 1|0,53,75,86,101,200,1,18,30,94,125,195,33,132,66,79,115,42,174,8,176
[ 53] Sent Broadcast: 1|0,53,75,86,101,200,1,18,30,94,125,195
[165] Sent Broadcast: 1|0,53,75,86,101,200,1,2,189,7,12,45,165,131
[ 12] Sent Broadcast: 1|0,53,75,86,101,200,1,2,189,7,12,45,165
[  8] Sent Broadcast: 1|0,53,75,86,101,200,1,18,30,94,125,195,33,132,66,79,115,42,174,8,176
[182] Received message from  37: 1|0,53,75,86,101,200,1,18,30,94,125,195,33,132,66,79,115,42,174,37,171,182,192
[102] Received message from 131: 1|0,53,75,86,101,200,1,2,189,7,12,45,165,131,102
[171] Received message from 174: 1|0,53,75,86,101,200,1,18,30,94,125,195,33,132,66,79,115,42,174,37,171
[132] Received message from 125: 1|0,53,75,86,101,200,1,18,30,94,125,195,33,132
[ 76] Received message from 176: 1|0,53,75,86,101,200,1,18,30,94,125,195,33,132,66,79,115,42,174,8,176,76,90,158
[174] Sent Broadcast: 1|0,53,75,86,101,200,1,18,30,94,125,195,33,132,66,79,115,42,174,37,171
[131] Sent Broadcast: 1|0,53,75,86,101,200,1,2,189,7,12,45,165,131,102
[125] Sent Broadcast: 1|0,53,75,86,101,200,1,18,30,94,125,195,33,132
[ 80] Received message from 182: 1|0,53,75,86,101,200,1,18,30,94,125,195,33,132,66,79,115,42,174,37,171,182,192,80
[ 11] Received message from 115: 1|0,53,75,86,101,200,1,18,30,94,125,195,33,132,66,79,115,11,19,42,130
[182] Received message from 171: 1|0,53,75,86,101,200,1,18,30,94,125,195,33,132,66,79,115,42,174,37,171,182
[192] Received message from  37: 1|0,53,75,86,101,200,1,18,30,94,125,195,33,132,66,79,115,42,174,37,171,182,192
[182] Sent Broadcast: 1|0,53,75,86,101,200,1,18,30,94,125,195,33,132,66,79,115,42,174,37,171,182,192,80
[ 90] Received message from 176: 1|0,53,75,86,101,200,1,18,30,94,125,195,33,132,66,79,115,42,174,8,176,76,90,158
[ 37] Sent Broadcast: 1|0,53,75,86,101,200,1,18,30,94,125,195,33,132,66,79,115,42,174,37,171,182,192
[ 38] Received message from  11: 1|0,53,75,86,101,200,1,18,30,94,125,195,33,132,66,79,115,11,19,42,130,38,100,194
[171] Sent Broadcast: 1|0,53,75,86,101,200,1,18,30,94,125,195,33,132,66,79,115,42,174,37,171,182
[100] Received message from  11: 1|0,53,75,86,101,200,1,18,30,94,125,195,33,132,66,79,115,11,19,42,130,38,100,194
[ 68] Received message from  90: 1|0,53,75,86,101,200,1,18,30,94,125,195,33,132,66,79,115,42,174,8,176,76,90,158,68
[ 90] Sent Broadcast: 1|0,53,75,86,101,200,1,18,30,94,125,195,33,132,66,79,115,42,174,8,176,76,90,158,68
[ 81] Received message from 100: 1|0,53,75,86,101,200,1,18,30,94,125,195,33,132,66,79,115,11,19,42,130,38,100,194,81
[ 19] Received message from 115: 1|0,53,75,86,101,200,1,18,30,94,125,195,33,132,66,79,115,11,19,42,130
[194] Received message from  11: 1|0,53,75,86,101,200,1,18,30,94,125,195,33,132,66,79,115,11,19,42,130,38,100,194
[158] Received message from 176: 1|0,53,75,86,101,200,1,18,30,94,125,195,33,132,66,79,115,42,174,8,176,76,90,158
[ 36] Received message from  68: 1|0,53,75,86,101,200,1,18,30,94,125,195,33,132,66,79,115,42,174,8,176,76,90,158,68,36,67,97,144
[100] Sent Broadcast: 1|0,53,75,86,101,200,1,18,30,94,125,195,33,132,66,79,115,11,19,42,130,38,100,194,81
[ 11] Sent Broadcast: 1|0,53,75,86,101,200,1,18,30,94,125,195,33,132,66,79,115,11,19,42,130,38,100,194
[176] Sent Broadcast: 1|0,53,75,86,101,200,1,18,30,94,125,195,33,132,66,79,115,42,174,8,176,76,90,158
[100] Received message from  19: 1|0,53,75,86,101,200,1,18,30,94,125,195,33,132,66,79,115,11,19,42,130,100,194
[ 36] Received message from 158: 1|0,53,75,86,101,200,1,18,30,94,125,195,33,132,66,79,115,42,174,8,176,76,90,158,36,67,68,144
[ 48] Received message from  36: 1|0,53,75,86,101,200,1,18,30,94,125,195,33,132,66,79,115,42,174,8,176,76,90,158,68,36,67,97,144,48
[ 81] Received message from 194: 1|0,53,75,86,101,200,1,18,30,94,125,195,33,132,66,79,115,11,19,42,130,38,100,194,81
[129] Received message from  81: 1|0,53,75,86,101,200,1,18,30,94,125,195,33,132,66,79,115,11,19,42,130,38,100,194,81,129
[ 42] Received message from 115: 1|0,53,75,86,101,200,1,18,30,94,125,195,33,132,66,79,115,11,19,42,130
[168] Received message from  48: 1|53,75,86,101,200,1,18,30,94,125,195,33,132,66,79,115,42,174,8,176,76,90,158,68,36,67,97,144,48,168
[ 67] Received message from  68: 1|0,53,75,86,101,200,1,18,30,94,125,195,33,132,66,79,115,42,174,8,176,76,90,158,68,36,67,97,144
[ 36] Sent Broadcast: 1|0,53,75,86,101,200,1,18,30,94,125,195,33,132,66,79,115,42,174,8,176,76,90,158,68,36,67,97,144,48
[ 81] Sent Broadcast: 1|0,53,75,86,101,200,1,18,30,94,125,195,33,132,66,79,115,11,19,42,130,38,100,194,81,129
[ 67] Received message from 158: 1|0,53,75,86,101,200,1,18,30,94,125,195,33,132,66,79,115,42,174,8,176,76,90,158,36,67,68,144
[194] Sent Broadcast: 1|0,53,75,86,101,200,1,18,30,94,125,195,33,132,66,79,115,11,19,42,130,38,100,194,81
[ 48] Sent Broadcast: 1|53,75,86,101,200,1,18,30,94,125,195,33,132,66,79,115,42,174,8,176,76,90,158,68,36,67,97,144,48,168
[ 68] Received message from 158: 1|0,53,75,86,101,200,1,18,30,94,125,195,33,132,66,79,115,42,174,8,176,76,90,158,36,67,68,144
[194] Received message from  19: 1|0,53,75,86,101,200,1,18,30,94,125,195,33,132,66,79,115,11,19,42,130,100,194
[ 19] Sent Broadcast: 1|0,53,75,86,101,200,1,18,30,94,125,195,33,132,66,79,115,11,19,42,130,100,194
[ 97] Received message from  68: 1|0,53,75,86,101,200,1,18,30,94,125,195,33,132,66,79,115,42,174,8,176,76,90,158,68,36,67,97,144
[144] Received message from 158: 1|0,53,75,86,101,200,1,18,30,94,125,195,33,132,66,79,115,42,174,8,176,76,90,158,36,67,68,144
[158] Sent Broadcast: 1|0,53,75,86,101,200,1,18,30,94,125,195,33,132,66,79,115,42,174,8,176,76,90,158,36,67,68,144
[130] Received message from 115: 1|0,53,75,86,101,200,1,18,30,94,125,195,33,132,66,79,115,11,19,42,130
[ 46] Received message from 129: 1|0,53,75,86,101,200,1,18,30,94,125,195,33,132,66,79,115,11,19,42,130,38,100,194,81,129,46
[129] Sent Broadcast: 1|0,53,75,86,101,200,1,18,30,94,125,195,33,132,66,79,115,11,19,42,130,38,100,194,81,129,46
[ 48] Received message from 144: 1|0,53,75,86,101,200,1,18,30,94,125,195,33,132,66,79,115,42,174,8,176,76,90,158,36,67,68,144,48,97,152
[115] Sent Broadcast: 1|0,53,75,86,101,200,1,18,30,94,125,195,33,132,66,79,115,11,19,42,130
[104] Received message from  97: 1|0,53,75,86,101,200,1,18,30,94,125,195,33,132,66,79,115,42,174,8,176,76,90,158,68,36,67,97,144,104,135,152
[ 38] Received message from 130: 1|0,53,75,86,101,200,1,18,30,94,125,195,33,132,66,79,115,11,19,42,130,38
[144] Received message from  68: 1|0,53,75,86,101,200,1,18,30,94,125,195,33,132,66,79,115,42,174,8,176,76,90,158,68,36,67,97,144
[ 97] Received message from 144: 1|0,53,75,86,101,200,1,18,30,94,125,195,33,132,66,79,115,42,174,8,176,76,90,158,36,67,68,144,48,97,152
[130] Sent Broadcast: 1|0,53,75,86,101,200,1,18,30,94,125,195,33,132,66,79,115,11,19,42,130,38
[ 68] Sent Broadcast: 1|0,53,75,86,101,200,1,18,30,94,125,195,33,132,66,79,115,42,174,8,176,76,90,158,68,36,67,97,144
[ 15] Received message from 104: 1|0,53,75,86,101,200,1,18,30,94,125,195,33,132,66,79,115,42,174,8,176,76,90,158,68,36,67,97,144,104,135,152,15,60,91
[135] Received message from  97: 1|0,53,75,86,101,200,1,18,30,94,125,195,33,132,66,79,115,42,174,8,176,76,90,158,68,36,67,97,144,104,135,152
[ 60] Received message from 104: 1|0,53,75,86,101,200,1,18,30,94,125,195,33,132,66,79,115,42,174,8,176,76,90,158,68,36,67,97,144,104,135,152,15,60,91
[ 69] Received message from  15: 1|0,53,75,86,101,200,1,18,30,94,125,195,33,132,66,79,115,42,174,8,176,76,90,158,68,36,67,97,144,104,135,152,15,60,91,69
[152] Received message from 144: 1|0,53,75,86,101,200,1,18,30,94,125,195,33,132,66,79,115,42,174,8,176,76,90,158,36,67,68,144,48,97,152
[ 91] Received message from 104: 1|0,53,75,86,101,200,1,18,30,94,125,195,33,132,66,79,115,42,174,8,176,76,90,158,68,36,67,97,144,104,135,152,15,60,91
[ 15] Sent Broadcast: 1|0,53,75,86,101,200,1,18,30,94,125,195,33,132,66,79,115,42,174,8,176,76,90,158,68,36,67,97,144,104,135,152,15,60,91,69
[ 91] Received message from 135: 1|0,53,75,86,101,200,1,18,30,94,125,195,33,132,66,79,115,42,174,8,176,76,90,158,68,36,67,97,144,104,135,152,91
[104] Sent Broadcast: 1|0,53,75,86,101,200,1,18,30,94,125,195,33,132,66,79,115,42,174,8,176,76,90,158,68,36,67,97,144,104,135,152,15,60,91
[144] Sent Broadcast: 1|0,53,75,86,101,200,1,18,30,94,125,195,33,132,66,79,115,42,174,8,176,76,90,158,36,67,68,144,48,97,152
[135] Sent Broadcast: 1|0,53,75,86,101,200,1,18,30,94,125,195,33,132,66,79,115,42,174,8,176,76,90,158,68,36,67,97,144,104,135,152,91
[ 15] Received message from 152: 1|0,53,75,86,101,200,1,18,30,94,125,195,33,132,66,79,115,42,174,8,176,76,90,158,36,67,68,144,48,97,152,15,91,104,135
[152] Received message from  97: 1|0,53,75,86,101,200,1,18,30,94,125,195,33,132,66,79,115,42,174,8,176,76,90,158,68,36,67,97,144,104,135,152
[ 97] Sent Broadcast: 1|0,53,75,86,101,200,1,18,30,94,125,195,33,132,66,79,115,42,174,8,176,76,90,158,68,36,67,97,144,104,135,152
[ 69] Received message from  60: 1|0,53,75,86,101,200,1,18,30,94,125,195,33,132,66,79,115,42,174,8,176,76,90,158,68,36,67,97,144,104,135,152,15,60,91,69
[ 91] Received message from 152: 1|0,53,75,86,101,200,1,18,30,94,125,195,33,132,66,79,115,42,174,8,176,76,90,158,36,67,68,144,48,97,152,15,91,104,135
[ 60] Sent Broadcast: 1|0,53,75,86,101,200,1,18,30,94,125,195,33,132,66,79,115,42,174,8,176,76,90,158,68,36,67,97,144,104,135,152,15,60,91,69
[104] Received message from 152: 1|0,53,75,86,101,200,1,18,30,94,125,195,33,132,66,79,115,42,174,8,176,76,90,158,36,67,68,144,48,97,152,15,91,104,135
[135] Received message from 152: 1|0,53,75,86,101,200,1,18,30,94,125,195,33,132,66,79,115,42,174,8,176,76,90,158,36,67,68,144,48,97,152,15,91,104,135
[152] Sent Broadcast: 1|0,53,75,86,101,200,1,18,30,94,125,195,33,132,66,79,115,42,174,8,176,76,90,158,36,67,68,144,48,97,152,15,91,104,135
[105] Received message from   3: 3|0,105,141,197
[147] Received message from 105: 3|0,105,141,197,3,147,167,186
[167] Received message from 105: 3|0,105,141,197,3,147,167,186
[141] Received message from   3: 3|0,105,141,197
[ 72] Received message from 147: 3|0,105,141,197,3,147,167,186,72,93,120
[138] Received message from 167: 3|0,105,141,197,3,147,167,186,138
[186] Received message from 105: 3|0,105,141,197,3,147,167,186
[197] Received message from   3: 3|0,105,141,197
[167] Sent Broadcast: 3|0,105,141,197,3,147,167,186,138
[105] Sent Broadcast: 3|0,105,141,197,3,147,167,186
[  3] Sent Broadcast: 3|0,105,141,197
[ 93] Received message from 147: 3|0,105,141,197,3,147,167,186,72,93,120
[138] Received message from 197: 3|0,105,141,197,3,138,167
[ 93] Received message from 186: 3|0,105,141,197,3,147,167,186,93,120
[124] Received message from 138: 3|0,105,141,197,3,147,167,186,138,124
[167] Received message from 197: 3|0,105,141,197,3,138,167
[ 29] Received message from  93: 3|0,105,141,197,3,147,167,186,72,93,120,29,139
[197] Sent Broadcast: 3|0,105,141,197,3,138,167
[138] Sent Broadcast: 3|0,105,141,197,3,147,167,186,138,124
[120] Received message from 147: 3|0,105,141,197,3,147,167,186,72,93,120
[ 40] Received message from 124: 3|0,105,141,197,3,147,167,186,138,124,40
[147] Sent Broadcast: 3|0,105,141,197,3,147,167,186,72,93,120
[120] Received message from 186: 3|0,105,141,197,3,147,167,186,93,120
[124] Sent Broadcast: 3|0,105,141,197,3,147,167,186,138,124,40
[186] Sent Broadcast: 3|0,105,141,197,3,147,167,186,93,120
[ 21] Received message from  40: 3|0,105,141,197,3,147,167,186,138,124,40,21,70,113
[139] Received message from  93: 3|0,105,141,197,3,147,167,186,72,93,120,29,139
[ 93] Sent Broadcast: 3|0,105,141,197,3,147,167,186,72,93,120,29,139
[ 72] Received message from 120: 3|0,105,141,197,3,147,167,186,93,120,72
[120] Sent Broadcast: 3|0,105,141,197,3,147,167,186,93,120,72
[  4] Received message from  21: 3|0,105,141,197,3,147,167,186,138,124,40,21,70,113,4,83,190
[ 70] Received message from  40: 3|0,105,141,197,3,147,167,186,138,124,40,21,70,113
[ 59] Received message from 139: 3|0,105,141,197,3,147,167,186,72,93,120,29,139,59
[ 83] Received message from  21: 3|0,105,141,197,3,147,167,186,138,124,40,21,70,113,4,83,190
[139] Sent Broadcast: 3|0,105,141,197,3,147,167,186,72,93,120,29,139,59
[  4] Received message from  70: 3|0,105,141,197,3,147,167,186,138,124,40,21,70,113,4,83
[190] Received message from  21: 3|0,105,141,197,3,147,167,186,138,124,40,21,70,113,4,83,190
[113] Received message from  40: 3|0,105,141,197,3,147,167,186,138,124,40,21,70,113
[ 21] Sent Broadcast: 3|0,105,141,197,3,147,167,186,138,124,40,21,70,113,4,83,190
[ 40] Sent Broadcast: 3|0,105,141,197,3,147,167,186,138,124,40,21,70,113
[ 83] Received message from  70: 3|0,105,141,197,3,147,167,186,138,124,40,21,70,113,4,83
[ 70] Sent Broadcast: 3|0,105,141,197,3,147,167,186,138,124,40,21,70,113,4,83
[ 83] Received message from 113: 3|0,105,141,197,3,147,167,186,138,124,40,21,70,113,83
[113] Sent Broadcast: 3|0,105,141,197,3,147,167,186,138,124,40,21,70,113,83
[ 10] Received message from   5: 5|0,10,150,180,183,187
[150] Received message from   5: 5|0,10,150,180,183,187
[126] Received message from  10: 5|0,10,150,180,183,187,5,126,175
[ 31] Received message from 126: 5|0,10,150,180,183,187,5,126,175,31,106,122
[106] Received message from 126: 5|0,10,150,180,183,187,5,126,175,31,106,122
[  6] Received message from  31: 5|0,10,150,180,183,187,5,126,175,31,106,122,6,24,133
[122] Received message from 126: 5|0,10,150,180,183,187,5,126,175,31,106,122
[126] Sent Broadcast: 5|0,10,150,180,183,187,5,126,175,31,106,122
[175] Received message from  10: 5|0,10,150,180,183,187,5,126,175
[ 24] Received message from  31: 5|0,10,150,180,183,187,5,126,175,31,106,122,6,24,133
[ 10] Sent Broadcast: 5|0,10,150,180,183,187,5,126,175
[133] Received message from  31: 5|0,10,150,180,183,187,5,126,175,31,106,122,6,24,133
[ 31] Sent Broadcast: 5|0,10,150,180,183,187,5,126,175,31,106,122,6,24,133
[180] Received message from   5: 5|0,10,150,180,183,187
[  6] Received message from 122: 5|0,10,150,180,183,187,5,126,175,31,106,122,6,24,133
[ 16] Received message from  24: 5|0,10,150,180,183,187,5,126,175,31,106,122,6,24,133,16,161
[183] Received message from   5: 5|0,10,150,180,183,187
[161] Received message from 133: 5|0,10,150,180,183,187,5,126,175,31,106,122,6,24,133,161
[ 24] Received message from 122: 5|0,10,150,180,183,187,5,126,175,31,106,122,6,24,133
[133] Sent Broadcast: 5|0,10,150,180,183,187,5,126,175,31,106,122,6,24,133,161
[161] Received message from  24: 5|0,10,150,180,183,187,5,126,175,31,106,122,6,24,133,16,161
[175] Received message from 180: 5|0,10,150,180,183,187,5,175
[187] Received message from   5: 5|0,10,150,180,183,187
[ 24] Sent Broadcast: 5|0,10,150,180,183,187,5,126,175,31,106,122,6,24,133,16,161
[180] Sent Broadcast: 5|0,10,150,180,183,187,5,175
[133] Received message from 122: 5|0,10,150,180,183,187,5,126,175,31,106,122,6,24,133
[  5] Sent Broadcast: 5|0,10,150,180,183,187
[122] Sent Broadcast: 5|0,10,150,180,183,187,5,126,175,31,106,122,6,24,133
[126] Received message from 187: 5|0,10,150,180,183,187,5,126
[187] Sent Broadcast: 5|0,10,150,180,183,187,5,126
[ 85] Received message from  16: 5|0,10,150,180,183,187,5,126,175,31,106,122,6,24,133,16,161,85
[ 16] Sent Broadcast: 5|0,10,150,180,183,187,5,126,175,31,106,122,6,24,133,16,161,85
[133] Received message from 106: 5|0,10,150,180,183,187,5,126,175,31,106,122,133
[106] Sent Broadcast: 5|0,10,150,180,183,187,5,126,175,31,106,122,133
[116] Received message from   9: 9|0,116,160
[160] Received message from   9: 9|0,116,160
[  9] Sent Broadcast: 9|0,116,160
[164] Received message from 160: 9|0,116,160,9,164
[160] Sent Broadcast: 9|0,116,160,9,164
[ 26] Received message from  13: 13|0,26,57,63,78,134
[118] Received message from  26: 13|0,26,57,63,78,134,13,118
[ 26] Sent Broadcast: 13|0,26,57,63,78,134,13,118
[ 57] Received message from  13: 13|0,26,57,63,78,134
[ 63] Received message from  13: 13|0,26,57,63,78,134
[ 73] Received message from 118: 13|0,26,57,63,78,134,13,118,73,153,162
[ 78] Received message from  13: 13|0,26,57,63,78,134
[ 71] Received message from  63: 13|0,26,57,63,78,134,13,71,118
[111] Received message from  73: 13|0,26,57,63,78,134,13,118,73,153,162,111,169,184
[153] Received message from 118: 13|0,26,57,63,78,134,13,118,73,153,162
[134] Received message from  13: 13|0,26,57,63,78,134
[ 14] Received message from  71: 13|0,26,57,63,78,134,13,71,118,14,109,196
[ 13] Sent Broadcast: 13|0,26,57,63,78,134
[118] Received message from  63: 13|0,26,57,63,78,134,13,71,118
[ 63] Sent Broadcast: 13|0,26,57,63,78,134,13,71,118
[170] Received message from  14: 13|0,26,57,63,78,134,13,71,118,14,109,196,170,188
[169] Received message from  73: 13|0,26,57,63,78,134,13,118,73,153,162,111,169,184
[162] Received message from 118: 13|0,26,57,63,78,134,13,118,73,153,162
[118] Sent Broadcast: 13|0,26,57,63,78,134,13,118,73,153,162
[109] Received message from  71: 13|0,26,57,63,78,134,13,71,118,14,109,196
[184] Received message from  73: 13|0,26,57,63,78,134,13,118,73,153,162,111,169,184
[ 71] Received message from 134: 13|0,26,57,63,78,134,13,71
[ 73] Sent Broadcast: 13|0,26,57,63,78,134,13,118,73,153,162,111,169,184
[134] Sent Broadcast: 13|0,26,57,63,78,134,13,71
[188] Received message from  14: 13|0,26,57,63,78,134,13,71,118,14,109,196,170,188
[ 22] Received message from 170: 13|0,26,57,63,78,134,13,71,118,14,109,196,170,188,22,50,74,99,172
[ 14] Sent Broadcast: 13|0,26,57,63,78,134,13,71,118,14,109,196,170,188
[ 41] Received message from 169: 13|0,26,57,63,78,134,13,118,73,153,162,111,169,184,41,108
[ 50] Received message from 109: 13|0,26,57,63,78,134,13,71,118,14,109,196,50,84,170,172
[196] Received message from  71: 13|0,26,57,63,78,134,13,71,118,14,109,196
[ 71] Sent Broadcast: 13|0,26,57,63,78,134,13,71,118,14,109,196
[ 41] Received message from 184: 13|0,26,57,63,78,134,13,118,73,153,162,111,169,184,41,108,159
[ 84] Received message from 109: 13|0,26,57,63,78,134,13,71,118,14,109,196,50,84,170,172
[ 50] Received message from 170: 13|0,26,57,63,78,134,13,71,118,14,109,196,170,188,22,50,74,99,172
[108] Received message from 169: 13|0,26,57,63,78,134,13,118,73,153,162,111,169,184,41,108
[145] Received message from  22: 13|0,26,57,63,78,134,13,71,118,14,109,196,170,188,22,50,74,99,172,145,198
[ 22] Received message from 188: 13|0,26,57,63,78,134,13,71,118,14,109,196,170,188,22,27,49,99,145,172,198
[169] Sent Broadcast: 13|0,26,57,63,78,134,13,118,73,153,162,111,169,184,41,108
[ 95] Received message from  41: 13|0,26,57,63,78,134,13,118,73,153,162,111,169,184,41,108,95,159,185
[ 52] Received message from  50: 13|0,26,57,63,78,134,13,71,118,14,109,196,50,84,170,172,52,74
[ 50] Received message from 196: 13|0,26,57,63,78,134,13,71,118,14,109,196,50,52,84,146,185
[170] Received message from 109: 13|0,26,57,63,78,134,13,71,118,14,109,196,50,84,170,172
[108] Received message from 184: 13|0,26,57,63,78,134,13,118,73,153,162,111,169,184,41,108,159
[ 74] Received message from 170: 13|0,26,57,63,78,134,13,71,118,14,109,196,170,188,22,50,74,99,172
[ 27] Received message from 188: 13|0,26,57,63,78,134,13,71,118,14,109,196,170,188,22,27,49,99,145,172,198
[ 52] Received message from  84: 13|0,26,57,63,78,134,13,71,118,14,109,196,50,84,170,172,52,146,185
[ 92] Received message from 108: 13|0,26,57,63,78,134,13,118,73,153,162,111,169,184,41,108,92,95,159
[198] Received message from  22: 13|0,26,57,63,78,134,13,71,118,14,109,196,170,188,22,50,74,99,172,145,198
[159] Received message from  41: 13|0,26,57,63,78,134,13,118,73,153,162,111,169,184,41,108,95,159,185
[ 27] Received message from 145: 13|0,26,57,63,78,134,13,71,118,14,109,196,170,188,22,50,74,99,172,145,198,27,49
[ 74] Received message from  50: 13|0,26,57,63,78,134,13,71,118,14,109,196,50,84,170,172,52,74
[ 22] Sent Broadcast: 13|0,26,57,63,78,134,13,71,118,14,109,196,170,188,22,50,74,99,172,145,198
[ 49] Received message from 188: 13|0,26,57,63,78,134,13,71,118,14,109,196,170,188,22,27,49,99,145,172,198
[140] Received message from  52: 13|0,26,57,63,78,134,13,71,118,14,109,196,50,84,170,172,52,74,140,146,163
[ 52] Received message from 196: 13|0,26,57,63,78,134,13,71,118,14,109,196,50,52,84,146,185
[ 92] Received message from  95: 13|0,26,57,63,78,134,13,118,73,153,162,111,169,184,41,108,95,159,185,92
[159] Received message from 184: 13|0,26,57,63,78,134,13,118,73,153,162,111,169,184,41,108,159
[ 50] Sent Broadcast: 13|0,26,57,63,78,134,13,71,118,14,109,196,50,84,170,172,52,74
[ 64] Received message from  27: 13|0,26,57,63,78,134,13,71,118,14,109,196,170,188,22,27,49,99,145,172,198,64
[ 95] Received message from 108: 13|0,26,57,63,78,134,13,118,73,153,162,111,169,184,41,108,92,95,159
[ 99] Received message from 170: 13|0,26,57,63,78,134,13,71,118,14,109,196,170,188,22,50,74,99,172
[ 27] Sent Broadcast: 13|0,26,57,63,78,134,13,71,118,14,109,196,170,188,22,27,49,99,145,172,198,64
[184] Sent Broadcast: 13|0,26,57,63,78,134,13,118,73,153,162,111,169,184,41,108,159
[146] Received message from  84: 13|0,26,57,63,78,134,13,71,118,14,109,196,50,84,170,172,52,146,185
[ 95] Sent Broadcast: 13|0,26,57,63,78,134,13,118,73,153,162,111,169,184,41,108,95,159,185,92
[172] Received message from 109: 13|0,26,57,63,78,134,13,71,118,14,109,196,50,84,170,172
[128] Received message from 198: 13|0,26,57,63,78,134,13,71,118,14,109,196,170,188,22,50,74,99,172,145,198,128,199
[ 92] Received message from 159: 13|0,26,57,63,78,134,13,118,73,153,162,111,169,184,41,108,95,159,185,92
[185] Received message from  41: 13|0,26,57,63,78,134,13,118,73,153,162,111,169,184,41,108,95,159,185
[109] Sent Broadcast: 13|0,26,57,63,78,134,13,71,118,14,109,196,50,84,170,172
[ 64] Received message from  49: 13|0,26,57,63,78,134,13,71,118,14,109,196,170,188,22,27,49,99,145,172,198,64
[ 49] Received message from 145: 13|0,26,57,63,78,134,13,71,118,14,109,196,170,188,22,50,74,99,172,145,198,27,49
[146] Received message from  52: 13|0,26,57,63,78,134,13,71,118,14,109,196,50,84,170,172,52,74,140,146,163
[ 84] Received message from 196: 13|0,26,57,63,78,134,13,71,118,14,109,196,50,52,84,146,185
[ 49] Sent Broadcast: 13|0,26,57,63,78,134,13,71,118,14,109,196,170,188,22,27,49,99,145,172,198,64
[172] Received message from 170: 13|0,26,57,63,78,134,13,71,118,14,109,196,170,188,22,50,74,99,172
[159] Received message from 108: 13|0,26,57,63,78,134,13,118,73,153,162,111,169,184,41,108,92,95,159
[ 99] Received message from 188: 13|0,26,57,63,78,134,13,71,118,14,109,196,170,188,22,27,49,99,145,172,198
[199] Received message from 198: 13|0,26,57,63,78,134,13,71,118,14,109,196,170,188,22,50,74,99,172,145,198,128,199
[145] Received message from  99: 13|0,26,57,63,78,134,13,71,118,14,109,196,170,188,22,50,74,99,172,145
[185] Received message from  84: 13|0,26,57,63,78,134,13,71,118,14,109,196,50,84,170,172,52,146,185
[140] Received message from 146: 13|0,26,57,63,78,134,13,71,118,14,109,196,50,84,170,172,52,146,185,140,163
[146] Received message from 196: 13|0,26,57,63,78,134,13,71,118,14,109,196,50,52,84,146,185
[ 22] Received message from 172: 13|0,26,57,63,78,134,13,71,118,14,109,196,50,84,170,172,22,74,99,188
[198] Sent Broadcast: 13|0,26,57,63,78,134,13,71,118,14,109,196,170,188,22,50,74,99,172,145,198,128,199
[ 41] Sent Broadcast: 13|0,26,57,63,78,134,13,118,73,153,162,111,169,184,41,108,95,159,185
[159] Sent Broadcast: 13|0,26,57,63,78,134,13,118,73,153,162,111,169,184,41,108,95,159,185,92
[170] Sent Broadcast: 13|0,26,57,63,78,134,13,71,118,14,109,196,170,188,22,50,74,99,172
[145] Sent Broadcast: 13|0,26,57,63,78,134,13,71,118,14,109,196,170,188,22,50,74,99,172,145,198,27,49
[108] Sent Broadcast: 13|0,26,57,63,78,134,13,118,73,153,162,111,169,184,41,108,92,95,159
[ 84] Sent Broadcast: 13|0,26,57,63,78,134,13,71,118,14,109,196,50,84,170,172,52,146,185
[ 99] Sent Broadcast: 13|0,26,57,63,78,134,13,71,118,14,109,196,170,188,22,50,74,99,172,145
[117] Received message from 199: 13|0,26,57,63,78,134,13,71,118,14,109,196,170,188,22,50,74,99,172,145,198,128,199,117,137,166,179
[185] Received message from 196: 13|0,26,57,63,78,134,13,71,118,14,109,196,50,52,84,146,185
[163] Received message from  52: 13|0,26,57,63,78,134,13,71,118,14,109,196,50,84,170,172,52,74,140,146,163
[ 20] Received message from 128: 13|0,26,57,63,78,134,13,71,118,14,109,196,170,188,22,50,74,99,172,145,198,128,199,20
[ 84] Received message from 185: 13|0,26,57,63,78,134,13,118,73,153,162,111,169,184,41,108,95,159,185,84,146,163,196
[145] Received message from 188: 13|0,26,57,63,78,134,13,71,118,14,109,196,170,188,22,27,49,99,145,172,198
[ 74] Received message from 172: 13|0,26,57,63,78,134,13,71,118,14,109,196,50,84,170,172,22,74,99,188
[163] Received message from 146: 13|0,26,57,63,78,134,13,71,118,14,109,196,50,84,170,172,52,146,185,140,163
[ 52] Sent Broadcast: 13|0,26,57,63,78,134,13,71,118,14,109,196,50,84,170,172,52,74,140,146,163
[128] Sent Broadcast: 13|0,26,57,63,78,134,13,71,118,14,109,196,170,188,22,50,74,99,172,145,198,128,199,20
[196] Sent Broadcast: 13|0,26,57,63,78,134,13,71,118,14,109,196,50,52,84,146,185
[146] Sent Broadcast: 13|0,26,57,63,78,134,13,71,118,14,109,196,50,84,170,172,52,146,185,140,163
[ 89] Received message from 117: 13|0,26,57,63,78,134,13,71,118,14,109,196,170,188,22,50,74,99,172,145,198,128,199,117,137,166,179,89
[146] Received message from 185: 13|0,26,57,63,78,134,13,118,73,153,162,111,169,184,41,108,95,159,185,84,146,163,196
[137] Received message from 199: 13|0,26,57,63,78,134,13,71,118,14,109,196,170,188,22,50,74,99,172,145,198,128,199,117,137,166,179
[117] Sent Broadcast: 13|0,26,57,63,78,134,13,71,118,14,109,196,170,188,22,50,74,99,172,145,198,128,199,117,137,166,179,89
[185] Received message from 163: 13|0,26,57,63,78,134,13,71,118,14,109,196,50,84,170,172,52,74,140,146,163,185
[ 99] Received message from 172: 13|0,26,57,63,78,134,13,71,118,14,109,196,50,84,170,172,22,74,99,188
[172] Received message from 188: 13|0,26,57,63,78,134,13,71,118,14,109,196,170,188,22,27,49,99,145,172,198
[163] Received message from 185: 13|0,26,57,63,78,134,13,118,73,153,162,111,169,184,41,108,95,159,185,84,146,163,196
[163] Sent Broadcast: 13|0,26,57,63,78,134,13,71,118,14,109,196,50,84,170,172,52,74,140,146,163,185
[166] Received message from 199: 13|0,26,57,63,78,134,13,71,118,14,109,196,170,188,22,50,74,99,172,145,198,128,199,117,137,166,179
[198] Received message from 188: 13|0,26,57,63,78,134,13,71,118,14,109,196,170,188,22,27,49,99,145,172,198
[179] Received message from 199: 13|0,26,57,63,78,134,13,71,118,14,109,196,170,188,22,50,74,99,172,145,198,128,199,117,137,166,179
[188] Sent Broadcast: 13|0,26,57,63,78,134,13,71,118,14,109,196,170,188,22,27,49,99,145,172,198
[199] Sent Broadcast: 13|0,26,57,63,78,134,13,71,118,14,109,196,170,188,22,50,74,99,172,145,198,128,199,117,137,166,179
[196] Received message from 185: 13|0,26,57,63,78,134,13,118,73,153,162,111,169,184,41,108,95,159,185,84,146,163,196
[185] Sent Broadcast: 13|0,26,57,63,78,134,13,118,73,153,162,111,169,184,41,108,95,159,185,84,146,163,196
[188] Received message from 172: 13|0,26,57,63,78,134,13,71,118,14,109,196,50,84,170,172,22,74,99,188
[172] Sent Broadcast: 13|0,26,57,63,78,134,13,71,118,14,109,196,50,84,170,172,22,74,99,188
[ 54] Received message from 166: 13|0,26,57,63,78,134,13,71,118,14,109,196,170,188,22,50,74,99,172,145,198,128,199,117,137,166,179,54,89
[ 54] Received message from 179: 13|0,26,57,63,78,134,13,71,118,14,109,196,170,188,22,50,74,99,172,145,198,128,199,117,137,166,179,54,89
[ 98] Received message from  54: 13|0,26,57,63,78,134,13,71,118,14,109,196,170,188,22,50,74,99,172,145,198,128,199,117,137,166,179,54,89,98,110,114
[ 89] Received message from 166: 13|0,26,57,63,78,134,13,71,118,14,109,196,170,188,22,50,74,99,172,145,198,128,199,117,137,166,179,54,89
[166] Sent Broadcast: 13|0,26,57,63,78,134,13,71,118,14,109,196,170,188,22,50,74,99,172,145,198,128,199,117,137,166,179,54,89
[ 89] Received message from 179: 13|0,26,57,63,78,134,13,71,118,14,109,196,170,188,22,50,74,99,172,145,198,128,199,117,137,166,179,54,89
[179] Sent Broadcast: 13|0,26,57,63,78,134,13,71,118,14,109,196,170,188,22,50,74,99,172,145,198,128,199,117,137,166,179,54,89
[110] Received message from  54: 13|0,26,57,63,78,134,13,71,118,14,109,196,170,188,22,50,74,99,172,145,198,128,199,117,137,166,179,54,89,98,110,114
[114] Received message from  54: 13|0,26,57,63,78,134,13,71,118,14,109,196,170,188,22,50,74,99,172,145,198,128,199,117,137,166,179,54,89,98,110,114
[ 54] Sent Broadcast: 13|0,26,57,63,78,134,13,71,118,14,109,196,170,188,22,50,74,99,172,145,198,128,199,117,137,166,179,54,89,98,110,114
[ 25] Received message from  17: 17|0,25,44,96,157,181
[ 44] Received message from  17: 17|0,25,44,96,157,181
[ 96] Received message from  17: 17|0,25,44,96,157,181
[157] Received message from  17: 17|0,25,44,96,157,181
[181] Received message from  17: 17|0,25,44,96,157,181
[ 17] Sent Broadcast: 17|0,25,44,96,157,181
[ 61] Received message from  23: 23|0,61,149,154
[149] Received message from  23: 23|0,61,149,154
[154] Received message from  23: 23|0,61,149,154
[ 23] Sent Broadcast: 23|0,61,149,154
[ 62] Received message from 154: 23|0,61,149,154,23,62,65
[ 65] Received message from 154: 23|0,61,149,154,23,62,65
[154] Sent Broadcast: 23|0,61,149,154,23,62,65
[119] Received message from  28: 28|0,119,127,177,178
[127] Received message from  28: 28|0,119,127,177,178
[177] Received message from  28: 28|0,119,127,177,178
[178] Received message from  28: 28|0,119,127,177,178
[ 28] Sent Broadcast: 28|0,119,127,177,178
[142] Received message from 177: 28|0,119,127,177,178,28,142,193
[193] Received message from 177: 28|0,119,127,177,178,28,142,193
[ 56] Received message from 142: 28|0,119,127,177,178,28,142,193,56,107,155
[177] Sent Broadcast: 28|0,119,127,177,178,28,142,193
[107] Received message from 142: 28|0,119,127,177,178,28,142,193,56,107,155
[ 56] Received message from 193: 28|0,119,127,177,178,28,142,193,56
[193] Sent Broadcast: 28|0,119,127,177,178,28,142,193,56
[155] Received message from 142: 28|0,119,127,177,178,28,142,193,56,107,155
[142] Sent Broadcast: 28|0,119,127,177,178,28,142,193,56,107,155
[ 35] Received message from 107: 28|0,119,127,177,178,28,142,193,56,107,155,35
[107] Sent Broadcast: 28|0,119,127,177,178,28,142,193,56,107,155,35
[121] Received message from  35: 28|0,119,127,177,178,28,142,193,56,107,155,35,121,151
[151] Received message from  35: 28|0,119,127,177,178,28,142,193,56,107,155,35,121,151
[ 35] Sent Broadcast: 28|0,119,127,177,178,28,142,193,56,107,155,35,121,151
[ 34] Received message from  32: 32|0,34,55,58,136,156
[ 55] Received message from  32: 32|0,34,55,58,136,156
[ 58] Received message from  32: 32|0,34,55,58,136,156
[ 87] Received message from  55: 32|0,34,55,58,136,156,32,87,123
[136] Received message from  32: 32|0,34,55,58,136,156
[123] Received message from  55: 32|0,34,55,58,136,156,32,87,123
[ 55] Sent Broadcast: 32|0,34,55,58,136,156,32,87,123
[156] Received message from  32: 32|0,34,55,58,136,156
[ 32] Sent Broadcast: 32|0,34,55,58,136,156
[112] Received message from 123: 32|0,34,55,58,136,156,32,87,123,112
[123] Sent Broadcast: 32|0,34,55,58,136,156,32,87,123,112
[ 43] Received message from 112: 32|0,34,55,58,136,156,32,87,123,112,43
[112] Sent Broadcast: 32|0,34,55,58,136,156,32,87,123,112,43
[ 88] Received message from  43: 32|0,34,55,58,136,156,32,87,123,112,43,88,148
[148] Received message from  43: 32|0,34,55,58,136,156,32,87,123,112,43,88,148
[ 43] Sent Broadcast: 32|0,34,55,58,136,156,32,87,123,112,43,88,148
[ 82] Received message from  39: 39|0,82,143,173
[143] Received message from  39: 39|0,82,143,173
[173] Received message from  39: 39|0,82,143,173
[ 39] Sent Broadcast: 39|0,82,143,173
[ 51] Received message from  47: 47|0,51
[ 47] Sent Broadcast: 47|0,51
[103] Received message from  77: 77|0,103,191
[191] Received message from  77: 77|0,103,191
[ 77] Sent Broadcast: 77|0,103,191
