[ 22] Received message from   1: 1|0,22,68,76,94,119,146,164,185
[ 68] Received message from   1: 1|0,22,68,76,94,119,146,164,185
[ 53] Received message from  22: 1|0,22,68,76,94,119,146,164,185,1,53,96,106
[149] Received message from  53: 1|0,22,68,76,94,119,146,164,185,1,53,96,106,149
[ 53] Sent Broadcast: 1|0,22,68,76,94,119,146,164,185,1,53,96,106,149
[ 76] Received message from   1: 1|0,22,68,76,94,119,146,164,185
[ 79] Received message from 149: 1|0,22,68,76,94,119,146,164,185,1,53,96,106,149,79,104,114,156
[ 96] Received message from  22: 1|0,22,68,76,94,119,146,164,185,1,53,96,106
[ 94] Received message from   1: 1|0,22,68,76,94,119,146,164,185
[178] Received message from  79: 1|0,22,68,76,94,119,146,164,185,1,53,96,106,149,79,104,114,156,178
[176] Received message from  96: 1|0,22,68,76,94,119,146,164,185,1,53,96,106,176
[104] Received message from 149: 1|0,22,68,76,94,119,146,164,185,1,53,96,106,149,79,104,114,156
[ 44] Received message from  94: 1|0,22,68,76,94,119,146,164,185,1,44,176
[ 79] Sent Broadcast: 1|0,22,68,76,94,119,146,164,185,1,53,96,106,149,79,104,114,156,178
[ 96] Sent Broadcast: 1|0,22,68,76,94,119,146,164,185,1,53,96,106,176
[ 96] Received message from  68: 1|0,22,68,76,94,119,146,164,185,1,96,106
[106] Received message from  22: 1|0,22,68,76,94,119,146,164,185,1,53,96,106
[ 19] Received message from 178: 1|0,22,68,76,94,119,146,164,185,1,53,96,106,149,79,104,114,156,178,19,84
[ 22] Sent Broadcast: 1|0,22,68,76,94,119,146,164,185,1,53,96,106
[119] Received message from   1: 1|0,22,68,76,94,119,146,164,185
[114] Received message from 149: 1|0,22,68,76,94,119,146,164,185,1,53,96,106,149,79,104,114,156
[106] Received message from  68: 1|0,22,68,76,94,119,146,164,185,1,96,106
[ 42] Received message from 104: 1|0,22,68,76,94,119,146,164,185,1,53,96,106,149,79,104,114,156,42,84
[176] Received message from  94: 1|0,22,68,76,94,119,146,164,185,1,44,176
[ 68] Sent Broadcast: 1|0,22,68,76,94,119,146,164,185,1,96,106
[ 51] Received message from 176: 1|0,22,68,76,94,119,146,164,185,1,53,96,106,176,51,159
[146] Received message from   1: 1|0,22,68,76,94,119,146,164,185
[ 94] Sent Broadcast: 1|0,22,68,76,94,119,146,164,185,1,44,176
[ 32] Received message from  19: 1|0,22,68,76,94,119,146,164,185,1,53,96,106,149,79,104,114,156,178,19,84,32,159
[159] Received message from 176: 1|0,22,68,76,94,119,146,164,185,1,53,96,106,176,51,159
[ 84] Received message from 178: 1|0,22,68,76,94,119,146,164,185,1,53,96,106,149,79,104,114,156,178,19,84
[ 48] Received message from  44: 1|0,22,68,76,94,119,146,164,185,1,44,176,48
[ 42] Received message from 114: 1|0,22,68,76,94,119,146,164,185,1,53,96,106,149,79,104,114,156,42,118
[176] Sent Broadcast: 1|0,22,68,76,94,119,146,164,185,1,53,96,106,176,51,159
[178] Sent Broadcast: 1|0,22,68,76,94,119,146,164,185,1,53,96,106,149,79,104,114,156,178,19,84
[ 26] Received message from  42: 1|0,22,68,76,94,119,146,164,185,1,53,96,106,149,79,104,114,156,42,84,26,61,105
[ 44] Sent Broadcast: 1|0,22,68,76,94,119,146,164,185,1,44,176,48
[156] Received message from 149: 1|0,22,68,76,94,119,146,164,185,1,53,96,106,149,79,104,114,156
[ 84] Received message from 104: 1|0,22,68,76,94,119,146,164,185,1,53,96,106,149,79,104,114,156,42,84
[ 62] Received message from  32: 1|0,22,68,76,94,119,146,164,185,1,53,96,106,149,79,104,114,156,178,19,84,32,159,62,98
[159] Received message from  19: 1|0,22,68,76,94,119,146,164,185,1,53,96,106,149,79,104,114,156,178,19,84,32,159
[ 61] Received message from  42: 1|0,22,68,76,94,119,146,164,185,1,53,96,106,149,79,104,114,156,42,84,26,61,105
[ 44] Received message from 146: 1|0,22,68,76,94,119,146,164,185,1,44,176
[164] Received message from   1: 1|0,22,68,76,94,119,146,164,185
[ 12] Received message from  84: 1|0,22,68,76,94,119,146,164,185,1,53,96,106,149,79,104,114,156,178,19,84,12,186
[118] Received message from 114: 1|0,22,68,76,94,119,146,164,185,1,53,96,106,149,79,104,114,156,42,118
[182] Received message from  62: 1|0,22,68,76,94,119,146,164,185,1,53,96,106,149,79,104,114,156,178,19,84,32,159,62,98,182
[120] Received message from  48: 1|0,22,68,76,94,119,146,164,185,1,44,176,48,120,181
[ 19] Received message from 159: 1|0,22,68,76,94,119,146,164,185,1,53,96,106,176,51,159,19,32
[149] Sent Broadcast: 1|0,22,68,76,94,119,146,164,185,1,53,96,106,149,79,104,114,156
[104] Sent Broadcast: 1|0,22,68,76,94,119,146,164,185,1,53,96,106,149,79,104,114,156,42,84
[ 19] Sent Broadcast: 1|0,22,68,76,94,119,146,164,185,1,53,96,106,149,79,104,114,156,178,19,84,32,159
[118] Received message from 156: 1|0,22,68,76,94,119,146,164,185,1,53,96,106,149,79,104,114,156,118
[114] Sent Broadcast: 1|0,22,68,76,94,119,146,164,185,1,53,96,106,149,79,104,114,156,42,118
[ 62] Sent Broadcast: 1|0,22,68,76,94,119,146,164,185,1,53,96,106,149,79,104,114,156,178,19,84,32,159,62,98,182
[ 50] Received message from  12: 1|0,22,68,76,94,119,146,164,185,1,53,96,106,149,79,104,114,156,178,19,84,12,186,50,92,101
[173] Received message from  61: 1|0,22,68,76,94,119,146,164,185,1,53,96,106,149,79,104,114,156,42,84,26,61,105,173
[ 96] Received message from 164: 1|0,22,68,76,94,119,146,164,185,1,96,106
[ 21] Received message from  26: 1|0,22,68,76,94,119,146,164,185,1,53,96,106,149,79,104,114,156,42,84,26,61,105,21,59,173
[185] Received message from   1: 1|0,22,68,76,94,119,146,164,185
[ 61] Sent Broadcast: 1|0,22,68,76,94,119,146,164,185,1,53,96,106,149,79,104,114,156,42,84,26,61,105,173
[176] Received message from 146: 1|0,22,68,76,94,119,146,164,185,1,44,176
[186] Received message from  84: 1|0,22,68,76,94,119,146,164,185,1,53,96,106,149,79,104,114,156,178,19,84,12,186
[ 32] Received message from 159: 1|0,22,68,76,94,119,146,164,185,1,53,96,106,176,51,159,19,32
[121] Received message from  50: 1|0,22,68,76,94,119,146,164,185,1,53,96,106,149,79,104,114,156,178,19,84,12,186,50,92,101,121,142
[156] Sent Broadcast: 1|0,22,68,76,94,119,146,164,185,1,53,96,106,149,79,104,114,156,118
[  1] Sent Broadcast: 1|0,22,68,76,94,119,146,164,185
[146] Sent Broadcast: 1|0,22,68,76,94,119,146,164,185,1,44,176
[ 92] Received message from  12: 1|0,22,68,76,94,119,146,164,185,1,53,96,106,149,79,104,114,156,178,19,84,12,186,50,92,101
[181] Received message from  48: 1|0,22,68,76,94,119,146,164,185,1,44,176,48,120,181
[105] Received message from  42: 1|0,22,68,76,94,119,146,164,185,1,53,96,106,149,79,104,114,156,42,84,26,61,105
[ 98] Received message from  32: 1|0,22,68,76,94,119,146,164,185,1,53,96,106,149,79,104,114,156,178,19,84,32,159,62,98
[ 53] Received message from 185: 1|0,22,68,76,94,119,146,164,185,1,53,96,106,176
[  9] Received message from 186: 1|0,22,68,76,94,119,146,164,185,1,53,96,106,149,79,104,114,156,178,19,84,12,186,9,50,92
[ 21] Received message from 173: 1|0,22,68,76,94,119,146,164,185,1,53,96,106,149,79,104,114,156,42,84,26,61,105,173,21,59
[159] Sent Broadcast: 1|0,22,68,76,94,119,146,164,185,1,53,96,106,176,51,159,19,32
[ 84] Sent Broadcast: 1|0,22,68,76,94,119,146,164,185,1,53,96,106,149,79,104,114,156,178,19,84,12,186
[ 42] Sent Broadcast: 1|0,22,68,76,94,119,146,164,185,1,53,96,106,149,79,104,114,156,42,84,26,61,105
[ 48] Sent Broadcast: 1|0,22,68,76,94,119,146,164,185,1,44,176,48,120,181
[ 32] Sent Broadcast: 1|0,22,68,76,94,119,146,164,185,1,53,96,106,149,79,104,114,156,178,19,84,32,159,62,98
[ 30] Received message from 120: 1|0,22,68,76,94,119,146,164,185,1,44,176,48,120,181,30,163
[106] Received message from 164: 1|0,22,68,76,94,119,146,164,185,1,96,106
[ 37] Received message from 121: 1|0,22,68,76,94,119,146,164,185,1,53,96,106,149,79,104,114,156,178,19,84,12,186,50,92,101,121,142,37
[  9] Received message from  92: 1|0,22,68,76,94,119,146,164,185,1,53,96,106,149,79,104,114,156,178,19,84,12,186,50,92,101,9,136
[ 96] Received message from 185: 1|0,22,68,76,94,119,146,164,185,1,53,96,106,176
[107] Received message from 181: 1|0,22,68,76,94,119,146,164,185,1,44,176,48,120,181,107,126,175
[ 59] Received message from  26: 1|0,22,68,76,94,119,146,164,185,1,53,96,106,149,79,104,114,156,42,84,26,61,105,21,59,173
[173] Received message from 105: 1|0,22,68,76,94,119,146,164,185,1,53,96,106,149,79,104,114,156,42,84,26,61,105,173
[136] Received message from  98: 1|0,22,68,76,94,119,146,164,185,1,53,96,106,149,79,104,114,156,178,19,84,32,159,62,98,136
[ 23] Received message from 107: 1|0,22,68,76,94,119,146,164,185,1,44,176,48,120,181,107,126,175,23,174
[ 41] Received message from  37: 1|0,22,68,76,94,119,146,164,185,1,53,96,106,149,79,104,114,156,178,19,84,12,186,50,92,101,121,142,37,41,95,177
[164] Sent Broadcast: 1|0,22,68,76,94,119,146,164,185,1,96,106
[121] Sent Broadcast: 1|0,22,68,76,94,119,146,164,185,1,53,96,106,149,79,104,114,156,178,19,84,12,186,50,92,101,121,142,37
[101] Received message from  12: 1|0,22,68,76,94,119,146,164,185,1,53,96,106,149,79,104,114,156,178,19,84,12,186,50,92,101
[142] Received message from  50: 1|0,22,68,76,94,119,146,164,185,1,53,96,106,149,79,104,114,156,178,19,84,12,186,50,92,101,121,142
[ 12] Sent Broadcast: 1|0,22,68,76,94,119,146,164,185,1,53,96,106,149,79,104,114,156,178,19,84,12,186,50,92,101
[ 50] Received message from 186: 1|0,22,68,76,94,119,146,164,185,1,53,96,106,149,79,104,114,156,178,19,84,12,186,9,50,92
[163] Received message from 120: 1|0,22,68,76,94,119,146,164,185,1,44,176,48,120,181,30,163
[127] Received message from  59: 1|0,22,68,76,94,119,146,164,185,1,53,96,106,149,79,104,114,156,42,84,26,61,105,21,59,173,127,170
[ 59] Received message from 173: 1|0,22,68,76,94,119,146,164,185,1,53,96,106,149,79,104,114,156,42,84,26,61,105,173,21,59
[ 50] Sent Broadcast: 1|0,22,68,76,94,119,146,164,185,1,53,96,106,149,79,104,114,156,178,19,84,12,186,50,92,101,121,142
[173] Sent Broadcast: 1|0,22,68,76,94,119,146,164,185,1,53,96,106,149,79,104,114,156,42,84,26,61,105,173,21,59
[105] Sent Broadcast: 1|0,22,68,76,94,119,146,164,185,1,53,96,106,149,79,104,114,156,42,84,26,61,105,173
[  9] Received message from 136: 1|0,22,68,76,94,119,146,164,185,1,53,96,106,149,79,104,114,156,178,19,84,32,159,62,98,136,9,92
[ 98] Sent Broadcast: 1|0,22,68,76,94,119,146,164,185,1,53,96,106,149,79,104,114,156,178,19,84,32,159,62,98,136
[200] Received message from  30: 1|0,22,68,76,94,119,146,164,185,1,44,176,48,120,181,30,163,200
[126] Received message from 181: 1|0,22,68,76,94,119,146,164,185,1,44,176,48,120,181,107,126,175
[  3] Received message from  23: 1|0,22,68,76,94,119,146,164,185,1,44,176,48,120,181,107,126,175,23,174,3,38,85
[136] Received message from  92: 1|0,22,68,76,94,119,146,164,185,1,53,96,106,149,79,104,114,156,178,19,84,12,186,50,92,101,9,136
[ 37] Received message from 142: 1|0,22,68,76,94,119,146,164,185,1,53,96,106,149,79,104,114,156,178,19,84,12,186,50,92,101,121,142,37,95
[173] Received message from  26: 1|0,22,68,76,94,119,146,164,185,1,53,96,106,149,79,104,114,156,42,84,26,61,105,21,59,173
[106] Received message from 185: 1|0,22,68,76,94,119,146,164,185,1,53,96,106,176
[121] Received message from 101: 1|0,22,68,76,94,119,146,164,185,1,53,96,106,149,79,104,114,156,178,19,84,12,186,50,92,101,121,142
[ 95] Received message from  37: 1|0,22,68,76,94,119,146,164,185,1,53,96,106,149,79,104,114,156,178,19,84,12,186,50,92,101,121,142,37,41,95,177
[ 30] Sent Broadcast: 1|0,22,68,76,94,119,146,164,185,1,44,176,48,120,181,30,163,200
[120] Sent Broadcast: 1|0,22,68,76,94,119,146,164,185,1,44,176,48,120,181,30,163
[ 92] Sent Broadcast: 1|0,22,68,76,94,119,146,164,185,1,53,96,106,149,79,104,114,156,178,19,84,12,186,50,92,101,9,136
[ 26] Sent Broadcast: 1|0,22,68,76,94,119,146,164,185,1,53,96,106,149,79,104,114,156,42,84,26,61,105,21,59,173
[ 92] Received message from 186: 1|0,22,68,76,94,119,146,164,185,1,53,96,106,149,79,104,114,156,178,19,84,12,186,9,50,92
[200] Received message from 163: 1|0,22,68,76,94,119,146,164,185,1,44,176,48,120,181,30,163,200
[174] Received message from 107: 1|0,22,68,76,94,119,146,164,185,1,44,176,48,120,181,107,126,175,23,174
[186] Sent Broadcast: 1|0,22,68,76,94,119,146,164,185,1,53,96,106,149,79,104,114,156,178,19,84,12,186,9,50,92
[107] Sent Broadcast: 1|0,22,68,76,94,119,146,164,185,1,44,176,48,120,181,107,126,175,23,174
[174] Received message from 126: 1|0,22,68,76,94,119,146,164,185,1,44,176,48,120,181,107,126,175,174,188
[176] Received message from 185: 1|0,22,68,76,94,119,146,164,185,1,53,96,106,176
[142] Received message from 101: 1|0,22,68,76,94,119,146,164,185,1,53,96,106,149,79,104,114,156,178,19,84,12,186,50,92,101,121,142
[ 95] Received message from 142: 1|0,22,68,76,94,119,146,164,185,1,53,96,106,149,79,104,114,156,178,19,84,12,186,50,92,101,121,142,37,95
[ 38] Received message from  23: 1|0,22,68,76,94,119,146,164,185,1,44,176,48,120,181,107,126,175,23,174,3,38,85
[ 92] Received message from 136: 1|0,22,68,76,94,119,146,164,185,1,53,96,106,149,79,104,114,156,178,19,84,32,159,62,98,136,9,92
[125] Received message from 174: 1|0,22,68,76,94,119,146,164,185,1,44,176,48,120,181,107,126,175,23,174,125
[177] Received message from  37: 1|0,22,68,76,94,119,146,164,185,1,53,96,106,149,79,104,114,156,178,19,84,12,186,50,92,101,121,142,37,41,95,177
[170] Received message from  59: 1|0,22,68,76,94,119,146,164,185,1,53,96,106,149,79,104,114,156,42,84,26,61,105,21,59,173,127,170
[175] Received message from 181: 1|0,22,68,76,94,119,146,164,185,1,44,176,48,120,181,107,126,175
[ 59] Sent Broadcast: 1|0,22,68,76,94,119,146,164,185,1,53,96,106,149,79,104,114,156,42,84,26,61,105,21,59,173,127,170
[ 37] Sent Broadcast: 1|0,22,68,76,94,119,146,164,185,1,53,96,106,149,79,104,114,156,178,19,84,12,186,50,92,101,121,142,37,41,95,177
[163] Sent Broadcast: 1|0,22,68,76,94,119,146,164,185,1,44,176,48,120,181,30,163,200
[185] Sent Broadcast: 1|0,22,68,76,94,119,146,164,185,1,53,96,106,176
[136] Sent Broadcast: 1|0,22,68,76,94,119,146,164,185,1,53,96,106,149,79,104,114,156,178,19,84,32,159,62,98,136,9,92
[142] Sent Broadcast: 1|0,22,68,76,94,119,146,164,185,1,53,96,106,149,79,104,114,156,178,19,84,12,186,50,92,101,121,142,37,95
[101] Sent Broadcast: 1|0,22,68,76,94,119,146,164,185,1,53,96,106,149,79,104,114,156,178,19,84,12,186,50,92,101,121,142
[174] Sent Broadcast: 1|0,22,68,76,94,119,146,164,185,1,44,176,48,120,181,107,126,175,23,174,125
[181] Sent Broadcast: 1|0,22,68,76,94,119,146,164,185,1,44,176,48,120,181,107,126,175
[ 85] Received message from  23: 1|0,22,68,76,94,119,146,164,185,1,44,176,48,120,181,107,126,175,23,174,3,38,85
[ 27] Received message from  38: 1|0,22,68,76,94,119,146,164,185,1,44,176,48,120,181,107,126,175,23,174,3,38,85,27,133,140,189
[ 56] Received message from 177: 1|0,22,68,76,94,119,146,164,185,1,53,96,106,149,79,104,114,156,178,19,84,12,186,50,92,101,121,142,37,41,95,177,56,67
[188] Received message from 126: 1|0,22,68,76,94,119,146,164,185,1,44,176,48,120,181,107,126,175,174,188
[  5] Received message from 125: 1|0,22,68,76,94,119,146,164,185,1,44,176,48,120,181,107,126,175,23,174,125,5,71
[ 23] Sent Broadcast: 1|0,22,68,76,94,119,146,164,185,1,44,176,48,120,181,107,126,175,23,174,3,38,85
[126] Sent Broadcast: 1|0,22,68,76,94,119,146,164,185,1,44,176,48,120,181,107,126,175,174,188
[188] Received message from 175: 1|0,22,68,76,94,119,146,164,185,1,44,176,48,120,181,107,126,175,188
[ 13] Received message from   5: 1|0,22,68,76,94,119,146,164,185,1,44,176,48,120,181,107,126,175,23,174,125,5,71,13,25,99
[ 80] Received message from  27: 1|0,22,68,76,94,119,146,164,185,1,44,176,48,120,181,107,126,175,23,174,3,38,85,27,133,140,189,80,134
[ 70] Received message from  56: 1|0,22,68,76,94,119,146,164,185,1,53,96,106,149,79,104,114,156,178,19,84,12,186,50,92,101,121,142,37,41,95,177,56,67,70,190
[175] Sent Broadcast: 1|0,22,68,76,94,119,146,164,185,1,44,176,48,120,181,107,126,175,188
[ 71] Received message from 125: 1|0,22,68,76,94,119,146,164,185,1,44,176,48,120,181,107,126,175,23,174,125,5,71
[ 78] Received message from  80: 1|0,22,68,76,94,119,146,164,185,1,44,176,48,120,181,107,126,175,23,174,3,38,85,27,133,140,189,80,134,78,123
[133] Received message from  85: 1|0,22,68,76,94,119,146,164,185,1,44,176,48,120,181,107,126,175,23,174,3,38,85,133,140,189
[ 67] Received message from 177: 1|0,22,68,76,94,119,146,164,185,1,53,96,106,149,79,104,114,156,178,19,84,12,186,50,92,101,121,142,37,41,95,177,56,67
[134] Received message from  27: 1|0,22,68,76,94,119,146,164,185,1,44,176,48,120,181,107,126,175,23,174,3,38,85,27,133,140,189,80,134
[190] Received message from  56: 1|0,22,68,76,94,119,146,164,185,1,53,96,106,149,79,104,114,156,178,19,84,12,186,50,92,101,121,142,37,41,95,177,56,67,70,190
[133] Received message from  38: 1|0,22,68,76,94,119,146,164,185,1,44,176,48,120,181,107,126,175,23,174,3,38,85,27,133,140,189
[ 25] Received message from   5: 1|0,22,68,76,94,119,146,164,185,1,44,176,48,120,181,107,126,175,23,174,125,5,71,13,25,99
[125] Sent Broadcast: 1|0,22,68,76,94,119,146,164,185,1,44,176,48,120,181,107,126,175,23,174,125,5,71
[177] Sent Broadcast: 1|0,22,68,76,94,119,146,164,185,1,53,96,106,149,79,104,114,156,178,19,84,12,186,50,92,101,121,142,37,41,95,177,56,67
[ 10] Received message from  70: 1|0,22,68,76,94,119,146,164,185,1,53,96,106,149,79,104,114,156,178,19,84,12,186,50,92,101,121,142,37,41,95,177,56,67,70,190,10,154
[ 27] Sent Broadcast: 1|0,22,68,76,94,119,146,164,185,1,44,176,48,120,181,107,126,175,23,174,3,38,85,27,133,140,189,80,134
[ 47] Received message from  13: 1|0,22,68,76,94,119,146,164,185,1,44,176,48,120,181,107,126,175,23,174,125,5,71,13,25,99,47,88
[123] Received message from  80: 1|0,22,68,76,94,119,146,164,185,1,44,176,48,120,181,107,126,175,23,174,3,38,85,27,133,140,189,80,134,78,123
[ 54] Received message from  78: 1|0,22,68,76,94,119,146,164,185,1,44,176,48,120,181,107,126,175,23,174,3,38,85,27,133,140,189,80,134,78,123,54,168
[ 70] Received message from  67: 1|0,22,68,76,94,119,146,164,185,1,53,96,106,149,79,104,114,156,178,19,84,12,186,50,92,101,121,142,37,41,95,177,56,67,70,154,190
[ 57] Received message from 134: 1|0,22,68,76,94,119,146,164,185,1,44,176,48,120,181,107,126,175,23,174,3,38,85,27,133,140,189,80,134,57
[ 56] Sent Broadcast: 1|0,22,68,76,94,119,146,164,185,1,53,96,106,149,79,104,114,156,178,19,84,12,186,50,92,101,121,142,37,41,95,177,56,67,70,190
[ 80] Sent Broadcast: 1|0,22,68,76,94,119,146,164,185,1,44,176,48,120,181,107,126,175,23,174,3,38,85,27,133,140,189,80,134,78,123
[ 18] Received message from  25: 1|0,22,68,76,94,119,146,164,185,1,44,176,48,120,181,107,126,175,23,174,125,5,71,13,25,99,18,47
[123] Received message from  47: 1|0,22,68,76,94,119,146,164,185,1,44,176,48,120,181,107,126,175,23,174,125,5,71,13,25,99,47,88,123,133
[154] Received message from 190: 1|0,22,68,76,94,119,146,164,185,1,53,96,106,149,79,104,114,156,178,19,84,12,186,50,92,101,121,142,37,41,95,177,56,67,70,190,154
[140] Received message from  85: 1|0,22,68,76,94,119,146,164,185,1,44,176,48,120,181,107,126,175,23,174,3,38,85,133,140,189
[ 13] Received message from  71: 1|0,22,68,76,94,119,146,164,185,1,44,176,48,120,181,107,126,175,23,174,125,5,71,13,25,47,99,133
[190] Sent Broadcast: 1|0,22,68,76,94,119,146,164,185,1,53,96,106,149,79,104,114,156,178,19,84,12,186,50,92,101,121,142,37,41,95,177,56,67,70,190,154
[134] Sent Broadcast: 1|0,22,68,76,94,119,146,164,185,1,44,176,48,120,181,107,126,175,23,174,3,38,85,27,133,140,189,80,134,57
[154] Received message from  70: 1|0,22,68,76,94,119,146,164,185,1,53,96,106,149,79,104,114,156,178,19,84,12,186,50,92,101,121,142,37,41,95,177,56,67,70,190,10,154
[ 27] Received message from 133: 1|0,22,68,76,94,119,146,164,185,1,44,176,48,120,181,107,126,175,23,174,3,38,85,133,140,189,27,47,71
[ 45] Received message from  54: 1|0,22,68,76,94,119,146,164,185,1,44,176,48,120,181,107,126,175,23,174,3,38,85,27,133,140,189,80,134,78,123,54,168,45,73
[ 88] Received message from  13: 1|0,22,68,76,94,119,146,164,185,1,44,176,48,120,181,107,126,175,23,174,125,5,71,13,25,99,47,88
[140] Received message from  38: 1|0,22,68,76,94,119,146,164,185,1,44,176,48,120,181,107,126,175,23,174,3,38,85,27,133,140,189
[ 70] Sent Broadcast: 1|0,22,68,76,94,119,146,164,185,1,53,96,106,149,79,104,114,156,178,19,84,12,186,50,92,101,121,142,37,41,95,177,56,67,70,190,10,154
[ 47] Received message from 123: 1|0,22,68,76,94,119,146,164,185,1,44,176,48,120,181,107,126,175,23,174,3,38,85,27,133,140,189,80,134,78,123,47,88,168
[198] Received message from  18: 1|0,22,68,76,94,119,146,164,185,1,44,176,48,120,181,107,126,175,23,174,125,5,71,13,25,99,18,47,198
[154] Received message from  67: 1|0,22,68,76,94,119,146,164,185,1,53,96,106,149,79,104,114,156,178,19,84,12,186,50,92,101,121,142,37,41,95,177,56,67,70,154,190
[ 13] Sent Broadcast: 1|0,22,68,76,94,119,146,164,185,1,44,176,48,120,181,107,126,175,23,174,125,5,71,13,25,99,47,88
[168] Received message from  78: 1|0,22,68,76,94,119,146,164,185,1,44,176,48,120,181,107,126,175,23,174,3,38,85,27,133,140,189,80,134,78,123,54,168
[ 27] Received message from 140: 1|0,22,68,76,94,119,146,164,185,1,44,176,48,120,181,107,126,175,23,174,3,38,85,133,140,189,27,80
[ 99] Received message from   5: 1|0,22,68,76,94,119,146,164,185,1,44,176,48,120,181,107,126,175,23,174,125,5,71,13,25,99
[ 78] Sent Broadcast: 1|0,22,68,76,94,119,146,164,185,1,44,176,48,120,181,107,126,175,23,174,3,38,85,27,133,140,189,80,134,78,123,54,168
[ 73] Received message from  54: 1|0,22,68,76,94,119,146,164,185,1,44,176,48,120,181,107,126,175,23,174,3,38,85,27,133,140,189,80,134,78,123,54,168,45,73
[ 18] Sent Broadcast: 1|0,22,68,76,94,119,146,164,185,1,44,176,48,120,181,107,126,175,23,174,125,5,71,13,25,99,18,47,198
[ 25] Received message from  71: 1|0,22,68,76,94,119,146,164,185,1,44,176,48,120,181,107,126,175,23,174,125,5,71,13,25,47,99,133
[ 54] Sent Broadcast: 1|0,22,68,76,94,119,146,164,185,1,44,176,48,120,181,107,126,175,23,174,3,38,85,27,133,140,189,80,134,78,123,54,168,45,73
[133] Received message from  47: 1|0,22,68,76,94,119,146,164,185,1,44,176,48,120,181,107,126,175,23,174,125,5,71,13,25,99,47,88,123,133
[190] Received message from  67: 1|0,22,68,76,94,119,146,164,185,1,53,96,106,149,79,104,114,156,178,19,84,12,186,50,92,101,121,142,37,41,95,177,56,67,70,154,190
[  5] Sent Broadcast: 1|0,22,68,76,94,119,146,164,185,1,44,176,48,120,181,107,126,175,23,174,125,5,71,13,25,99
[123] Received message from  88: 1|0,22,68,76,94,119,146,164,185,1,44,176,48,120,181,107,126,175,23,174,125,5,71,13,25,99,47,88,123,168
[ 47] Received message from  25: 1|0,22,68,76,94,119,146,164,185,1,44,176,48,120,181,107,126,175,23,174,125,5,71,13,25,99,18,47
[195] Received message from 198: 1|0,22,68,76,94,119,146,164,185,1,44,176,48,120,181,107,126,175,23,174,125,5,71,13,25,99,18,47,198,195
[189] Received message from  85: 1|0,22,68,76,94,119,146,164,185,1,44,176,48,120,181,107,126,175,23,174,3,38,85,133,140,189
[ 47] Received message from 133: 1|0,22,68,76,94,119,146,164,185,1,44,176,48,120,181,107,126,175,23,174,3,38,85,133,140,189,27,47,71
[ 47] Sent Broadcast: 1|0,22,68,76,94,119,146,164,185,1,44,176,48,120,181,107,126,175,23,174,125,5,71,13,25,99,47,88,123,133
[ 67] Sent Broadcast: 1|0,22,68,76,94,119,146,164,185,1,53,96,106,149,79,104,114,156,178,19,84,12,186,50,92,101,121,142,37,41,95,177,56,67,70,154,190
[ 88] Received message from 123: 1|0,22,68,76,94,119,146,164,185,1,44,176,48,120,181,107,126,175,23,174,3,38,85,27,133,140,189,80,134,78,123,47,88,168
[ 25] Sent Broadcast: 1|0,22,68,76,94,119,146,164,185,1,44,176,48,120,181,107,126,175,23,174,125,5,71,13,25,99,18,47
[198] Sent Broadcast: 1|0,22,68,76,94,119,146,164,185,1,44,176,48,120,181,107,126,175,23,174,125,5,71,13,25,99,18,47,198,195
[ 80] Received message from 140: 1|0,22,68,76,94,119,146,164,185,1,44,176,48,120,181,107,126,175,23,174,3,38,85,133,140,189,27,80
[ 87] Received message from  73: 1|0,22,68,76,94,119,146,164,185,1,44,176,48,120,181,107,126,175,23,174,3,38,85,27,133,140,189,80,134,78,123,54,168,45,73,87,90,172
[189] Received message from  38: 1|0,22,68,76,94,119,146,164,185,1,44,176,48,120,181,107,126,175,23,174,3,38,85,27,133,140,189
[ 69] Received message from 168: 1|0,22,68,76,94,119,146,164,185,1,44,176,48,120,181,107,126,175,23,174,3,38,85,27,133,140,189,80,134,78,123,54,168,69,88
[140] Sent Broadcast: 1|0,22,68,76,94,119,146,164,185,1,44,176,48,120,181,107,126,175,23,174,3,38,85,133,140,189,27,80
[ 47] Received message from  71: 1|0,22,68,76,94,119,146,164,185,1,44,176,48,120,181,107,126,175,23,174,125,5,71,13,25,47,99,133
[ 18] Received message from  99: 1|0,22,68,76,94,119,146,164,185,1,44,176,48,120,181,107,126,175,23,174,125,5,71,13,25,99,18,47
[ 85] Sent Broadcast: 1|0,22,68,76,94,119,146,164,185,1,44,176,48,120,181,107,126,175,23,174,3,38,85,133,140,189
[ 38] Sent Broadcast: 1|0,22,68,76,94,119,146,164,185,1,44,176,48,120,181,107,126,175,23,174,3,38,85,27,133,140,189
[ 47] Received message from  99: 1|0,22,68,76,94,119,146,164,185,1,44,176,48,120,181,107,126,175,23,174,125,5,71,13,25,99,18,47
[ 88] Received message from 168: 1|0,22,68,76,94,119,146,164,185,1,44,176,48,120,181,107,126,175,23,174,3,38,85,27,133,140,189,80,134,78,123,54,168,69,88
[ 83] Received message from 195: 1|22,68,76,94,119,146,164,185,1,44,176,48,120,181,107,126,175,23,174,125,5,71,13,25,99,18,47,198,195,83
[168] Sent Broadcast: 1|0,22,68,76,94,119,146,164,185,1,44,176,48,120,181,107,126,175,23,174,3,38,85,27,133,140,189,80,134,78,123,54,168,69,88
[ 27] Received message from 189: 1|0,22,68,76,94,119,146,164,185,1,44,176,48,120,181,107,126,175,23,174,3,38,85,133,140,189,27,31,155
[195] Sent Broadcast: 1|22,68,76,94,119,146,164,185,1,44,176,48,120,181,107,126,175,23,174,125,5,71,13,25,99,18,47,198,195,83
[ 99] Sent Broadcast: 1|0,22,68,76,94,119,146,164,185,1,44,176,48,120,181,107,126,175,23,174,125,5,71,13,25,99,18,47
[ 69] Received message from  87: 1|0,22,68,76,94,119,146,164,185,1,44,176,48,120,181,107,126,175,23,174,3,38,85,27,133,140,189,80,134,78,123,54,168,45,73,87,90,172,69,197
[ 99] Received message from  71: 1|0,22,68,76,94,119,146,164,185,1,44,176,48,120,181,107,126,175,23,174,125,5,71,13,25,47,99,133
[ 71] Received message from 133: 1|0,22,68,76,94,119,146,164,185,1,44,176,48,120,181,107,126,175,23,174,3,38,85,133,140,189,27,47,71
[ 90] Received message from  73: 1|0,22,68,76,94,119,146,164,185,1,44,176,48,120,181,107,126,175,23,174,3,38,85,27,133,140,189,80,134,78,123,54,168,45,73,87,90,172
[ 87] Received message from  69: 1|0,22,68,76,94,119,146,164,185,1,44,176,48,120,181,107,126,175,23,174,3,38,85,27,133,140,189,80,134,78,123,54,168,69,88,87,90,172
[ 31] Received message from 189: 1|0,22,68,76,94,119,146,164,185,1,44,176,48,120,181,107,126,175,23,174,3,38,85,133,140,189,27,31,155
[168] Received message from  88: 1|0,22,68,76,94,119,146,164,185,1,44,176,48,120,181,107,126,175,23,174,125,5,71,13,25,99,47,88,123,168
[133] Sent Broadcast: 1|0,22,68,76,94,119,146,164,185,1,44,176,48,120,181,107,126,175,23,174,3,38,85,133,140,189,27,47,71
[ 69] Received message from  90: 1|0,22,68,76,94,119,146,164,185,1,44,176,48,120,181,107,126,175,23,174,3,38,85,27,133,140,189,80,134,78,123,54,168,45,73,87,90,172,69
[ 66] Received message from  83: 1|68,76,94,119,146,164,185,1,44,176,48,120,181,107,126,175,23,174,125,5,71,13,25,99,18,47,198,195,83,66,152
[ 90] Received message from  69: 1|0,22,68,76,94,119,146,164,185,1,44,176,48,120,181,107,126,175,23,174,3,38,85,27,133,140,189,80,134,78,123,54,168,69,88,87,90,172
[ 88] Sent Broadcast: 1|0,22,68,76,94,119,146,164,185,1,44,176,48,120,181,107,126,175,23,174,125,5,71,13,25,99,47,88,123,168
[168] Received message from 123: 1|0,22,68,76,94,119,146,164,185,1,44,176,48,120,181,107,126,175,23,174,3,38,85,27,133,140,189,80,134,78,123,47,88,168
[197] Received message from  87: 1|0,22,68,76,94,119,146,164,185,1,44,176,48,120,181,107,126,175,23,174,3,38,85,27,133,140,189,80,134,78,123,54,168,45,73,87,90,172,69,197
[157] Received message from  31: 1|0,22,68,76,94,119,146,164,185,1,44,176,48,120,181,107,126,175,23,174,3,38,85,133,140,189,27,31,155,157
[133] Received message from  71: 1|0,22,68,76,94,119,146,164,185,1,44,176,48,120,181,107,126,175,23,174,125,5,71,13,25,47,99,133
[ 90] Sent Broadcast: 1|0,22,68,76,94,119,146,164,185,1,44,176,48,120,181,107,126,175,23,174,3,38,85,27,133,140,189,80,134,78,123,54,168,45,73,87,90,172,69
[123] Sent Broadcast: 1|0,22,68,76,94,119,146,164,185,1,44,176,48,120,181,107,126,175,23,174,3,38,85,27,133,140,189,80,134,78,123,47,88,168
[ 87] Sent Broadcast: 1|0,22,68,76,94,119,146,164,185,1,44,176,48,120,181,107,126,175,23,174,3,38,85,27,133,140,189,80,134,78,123,54,168,45,73,87,90,172,69,197
[ 31] Sent Broadcast: 1|0,22,68,76,94,119,146,164,185,1,44,176,48,120,181,107,126,175,23,174,3,38,85,133,140,189,27,31,155,157
[  7] Received message from 197: 1|0,22,68,76,94,119,146,164,185,1,44,176,48,120,181,107,126,175,23,174,3,38,85,27,133,140,189,80,134,78,123,54,168,45,73,87,90,172,69,197,7,131
[155] Received message from 189: 1|0,22,68,76,94,119,146,164,185,1,44,176,48,120,181,107,126,175,23,174,3,38,85,133,140,189,27,31,155
[ 71] Sent Broadcast: 1|0,22,68,76,94,119,146,164,185,1,44,176,48,120,181,107,126,175,23,174,125,5,71,13,25,47,99,133
[189] Sent Broadcast: 1|0,22,68,76,94,119,146,164,185,1,44,176,48,120,181,107,126,175,23,174,3,38,85,133,140,189,27,31,155
[139] Received message from   7: 1|0,22,68,76,94,119,146,164,185,1,44,176,48,120,181,107,126,175,23,174,3,38,85,27,133,140,189,80,134,78,123,54,168,45,73,87,90,172,69,197,7,131,139
[172] Received message from  73: 1|0,22,68,76,94,119,146,164,185,1,44,176,48,120,181,107,126,175,23,174,3,38,85,27,133,140,189,80,134,78,123,54,168,45,73,87,90,172
[131] Received message from 197: 1|0,22,68,76,94,119,146,164,185,1,44,176,48,120,181,107,126,175,23,174,3,38,85,27,133,140,189,80,134,78,123,54,168,45,73,87,90,172,69,197,7,131
[  7] Sent Broadcast: 1|0,22,68,76,94,119,146,164,185,1,44,176,48,120,181,107,126,175,23,174,3,38,85,27,133,140,189,80,134,78,123,54,168,45,73,87,90,172,69,197,7,131,139
[152] Received message from  83: 1|68,76,94,119,146,164,185,1,44,176,48,120,181,107,126,175,23,174,125,5,71,13,25,99,18,47,198,195,83,66,152
[ 73] Sent Broadcast: 1|0,22,68,76,94,119,146,164,185,1,44,176,48,120,181,107,126,175,23,174,3,38,85,27,133,140,189,80,134,78,123,54,168,45,73,87,90,172
[197] Sent Broadcast: 1|0,22,68,76,94,119,146,164,185,1,44,176,48,120,181,107,126,175,23,174,3,38,85,27,133,140,189,80,134,78,123,54,168,45,73,87,90,172,69,197,7,131
[ 83] Sent Broadcast: 1|68,76,94,119,146,164,185,1,44,176,48,120,181,107,126,175,23,174,125,5,71,13,25,99,18,47,198,195,83,66,152
[172] Received message from  69: 1|0,22,68,76,94,119,146,164,185,1,44,176,48,120,181,107,126,175,23,174,3,38,85,27,133,140,189,80,134,78,123,54,168,69,88,87,90,172
[ 14] Received message from 152: 1|68,76,94,119,146,164,185,1,44,176,48,120,181,107,126,175,23,174,125,5,71,13,25,99,18,47,198,195,83,66,152,14,43,145,160
[ 69] Sent Broadcast: 1|0,22,68,76,94,119,146,164,185,1,44,176,48,120,181,107,126,175,23,174,3,38,85,27,133,140,189,80,134,78,123,54,168,69,88,87,90,172
[111] Received message from 139: 1|0,22,68,76,94,119,146,164,185,1,44,176,48,120,181,107,126,175,23,174,3,38,85,27,133,140,189,80,134,78,123,54,168,45,73,87,90,172,69,197,7,131,139,111,144,153
[139] Received message from 131: 1|0,22,68,76,94,119,146,164,185,1,44,176,48,120,181,107,126,175,23,174,3,38,85,27,133,140,189,80,134,78,123,54,168,45,73,87,90,172,69,197,7,131,139
[157] Received message from 155: 1|0,22,68,76,94,119,146,164,185,1,44,176,48,120,181,107,126,175,23,174,3,38,85,133,140,189,27,31,155,157
[155] Sent Broadcast: 1|0,22,68,76,94,119,146,164,185,1,44,176,48,120,181,107,126,175,23,174,3,38,85,133,140,189,27,31,155,157
[131] Sent Broadcast: 1|0,22,68,76,94,119,146,164,185,1,44,176,48,120,181,107,126,175,23,174,3,38,85,27,133,140,189,80,134,78,123,54,168,45,73,87,90,172,69,197,7,131,139
[ 69] Received message from 172: 1|0,22,68,76,94,119,146,164,185,1,44,176,48,120,181,107,126,175,23,174,3,38,85,27,133,140,189,80,134,78,123,54,168,45,73,87,90,172,69
[144] Received message from 139: 1|0,22,68,76,94,119,146,164,185,1,44,176,48,120,181,107,126,175,23,174,3,38,85,27,133,140,189,80,134,78,123,54,168,45,73,87,90,172,69,197,7,131,139,111,144,153
[172] Sent Broadcast: 1|0,22,68,76,94,119,146,164,185,1,44,176,48,120,181,107,126,175,23,174,3,38,85,27,133,140,189,80,134,78,123,54,168,45,73,87,90,172,69
[ 11] Received message from 111: 1|0,22,68,76,94,119,146,164,185,1,44,176,48,120,181,107,126,175,23,174,3,38,85,27,133,140,189,80,134,78,123,54,168,45,73,87,90,172,69,197,7,131,139,111,144,153,11,34,115
[ 43] Received message from 152: 1|68,76,94,119,146,164,185,1,44,176,48,120,181,107,126,175,23,174,125,5,71,13,25,99,18,47,198,195,83,66,152,14,43,145,160
[153] Received message from 139: 1|0,22,68,76,94,119,146,164,185,1,44,176,48,120,181,107,126,175,23,174,3,38,85,27,133,140,189,80,134,78,123,54,168,45,73,87,90,172,69,197,7,131,139,111,144,153
[139] Sent Broadcast: 1|0,22,68,76,94,119,146,164,185,1,44,176,48,120,181,107,126,175,23,174,3,38,85,27,133,140,189,80,134,78,123,54,168,45,73,87,90,172,69,197,7,131,139,111,144,153
[ 34] Received message from 111: 1|0,22,68,76,94,119,146,164,185,1,44,176,48,120,181,107,126,175,23,174,3,38,85,27,133,140,189,80,134,78,123,54,168,45,73,87,90,172,69,197,7,131,139,111,144,153,11,34,115
[145] Received message from 152: 1|68,76,94,119,146,164,185,1,44,176,48,120,181,107,126,175,23,174,125,5,71,13,25,99,18,47,198,195,83,66,152,14,43,145,160
[ 11] Received message from 144: 1|0,22,68,76,94,119,146,164,185,1,44,176,48,120,181,107,126,175,23,174,3,38,85,27,133,140,189,80,134,78,123,54,168,45,73,87,90,172,69,197,7,131,139,111,144,153,11,34,74,115,161
[115] Received message from 111: 1|0,22,68,76,94,119,146,164,185,1,44,176,48,120,181,107,126,175,23,174,3,38,85,27,133,140,189,80,134,78,123,54,168,45,73,87,90,172,69,197,7,131,139,111,144,153,11,34,115
[ 33] Received message from  11: 1|0,22,68,76,94,119,146,164,185,1,44,176,48,120,181,107,126,175,23,174,3,38,85,27,133,140,189,80,134,78,123,54,168,45,73,87,90,172,69,197,7,131,139,111,144,153,11,34,115,33,74,161
[145] Received message from  34: 1|0,22,68,76,94,119,146,164,185,1,44,176,48,120,181,107,126,175,23,174,3,38,85,27,133,140,189,80,134,78,123,54,168,45,73,87,90,172,69,197,7,131,139,111,144,153,11,34,115,145
[ 74] Received message from  11: 1|0,22,68,76,94,119,146,164,185,1,44,176,48,120,181,107,126,175,23,174,3,38,85,27,133,140,189,80,134,78,123,54,168,45,73,87,90,172,69,197,7,131,139,111,144,153,11,34,115,33,74,161
[111] Sent Broadcast: 1|0,22,68,76,94,119,146,164,185,1,44,176,48,120,181,107,126,175,23,174,3,38,85,27,133,140,189,80,134,78,123,54,168,45,73,87,90,172,69,197,7,131,139,111,144,153,11,34,115
[ 34] Sent Broadcast: 1|0,22,68,76,94,119,146,164,185,1,44,176,48,120,181,107,126,175,23,174,3,38,85,27,133,140,189,80,134,78,123,54,168,45,73,87,90,172,69,197,7,131,139,111,144,153,11,34,115,145
[ 64] Received message from 153: 1|0,22,68,76,94,119,146,164,185,1,44,176,48,120,181,107,126,175,23,174,3,38,85,27,133,140,189,80,134,78,123,54,168,45,73,87,90,172,69,197,7,131,139,111,144,153,64,74,128,130,138,161
[160] Received message from 152: 1|68,76,94,119,146,164,185,1,44,176,48,120,181,107,126,175,23,174,125,5,71,13,25,99,18,47,198,195,83,66,152,14,43,145,160
[  4] Received message from  33: 1|0,22,68,76,94,119,146,164,185,1,44,176,48,120,181,107,126,175,23,174,3,38,85,27,133,140,189,80,134,78,123,54,168,45,73,87,90,172,69,197,7,131,139,111,144,153,11,34,115,33,74,161,4,117
[ 34] Received message from 144: 1|0,22,68,76,94,119,146,164,185,1,44,176,48,120,181,107,126,175,23,174,3,38,85,27,133,140,189,80,134,78,123,54,168,45,73,87,90,172,69,197,7,131,139,111,144,153,11,34,74,115,161
[161] Received message from  11: 1|0,22,68,76,94,119,146,164,185,1,44,176,48,120,181,107,126,175,23,174,3,38,85,27,133,140,189,80,134,78,123,54,168,45,73,87,90,172,69,197,7,131,139,111,144,153,11,34,115,33,74,161
[152] Sent Broadcast: 1|68,76,94,119,146,164,185,1,44,176,48,120,181,107,126,175,23,174,125,5,71,13,25,99,18,47,198,195,83,66,152,14,43,145,160
[ 64] Received message from  74: 1|0,22,68,76,94,119,146,164,185,1,44,176,48,120,181,107,126,175,23,174,3,38,85,27,133,140,189,80,134,78,123,54,168,45,73,87,90,172,69,197,7,131,139,111,144,153,11,34,115,33,74,161,64,128,130,138
[ 11] Sent Broadcast: 1|0,22,68,76,94,119,146,164,185,1,44,176,48,120,181,107,126,175,23,174,3,38,85,27,133,140,189,80,134,78,123,54,168,45,73,87,90,172,69,197,7,131,139,111,144,153,11,34,115,33,74,161
[ 34] Received message from 145: 1|68,76,94,119,146,164,185,1,44,176,48,120,181,107,126,175,23,174,125,5,71,13,25,99,18,47,198,195,83,66,152,14,43,145,160,34
[117] Received message from  33: 1|0,22,68,76,94,119,146,164,185,1,44,176,48,120,181,107,126,175,23,174,3,38,85,27,133,140,189,80,134,78,123,54,168,45,73,87,90,172,69,197,7,131,139,111,144,153,11,34,115,33,74,161,4,117
[145] Sent Broadcast: 1|68,76,94,119,146,164,185,1,44,176,48,120,181,107,126,175,23,174,125,5,71,13,25,99,18,47,198,195,83,66,152,14,43,145,160,34
[ 64] Received message from 161: 1|0,22,68,76,94,119,146,164,185,1,44,176,48,120,181,107,126,175,23,174,3,38,85,27,133,140,189,80,134,78,123,54,168,45,73,87,90,172,69,197,7,131,139,111,144,153,11,34,115,33,74,161,64,128,138
[ 33] Sent Broadcast: 1|0,22,68,76,94,119,146,164,185,1,44,176,48,120,181,107,126,175,23,174,3,38,85,27,133,140,189,80,134,78,123,54,168,45,73,87,90,172,69,197,7,131,139,111,144,153,11,34,115,33,74,161,4,117
[ 33] Received message from 115: 1|0,22,68,76,94,119,146,164,185,1,44,176,48,120,181,107,126,175,23,174,3,38,85,27,133,140,189,80,134,78,123,54,168,45,73,87,90,172,69,197,7,131,139,111,144,153,11,34,115,33,74,161
[ 74] Received message from 153: 1|0,22,68,76,94,119,146,164,185,1,44,176,48,120,181,107,126,175,23,174,3,38,85,27,133,140,189,80,134,78,123,54,168,45,73,87,90,172,69,197,7,131,139,111,144,153,64,74,128,130,138,161
[ 74] Received message from 144: 1|0,22,68,76,94,119,146,164,185,1,44,176,48,120,181,107,126,175,23,174,3,38,85,27,133,140,189,80,134,78,123,54,168,45,73,87,90,172,69,197,7,131,139,111,144,153,11,34,74,115,161
[128] Received message from  74: 1|0,22,68,76,94,119,146,164,185,1,44,176,48,120,181,107,126,175,23,174,3,38,85,27,133,140,189,80,134,78,123,54,168,45,73,87,90,172,69,197,7,131,139,111,144,153,11,34,115,33,74,161,64,128,130,138
[128] Received message from 161: 1|0,22,68,76,94,119,146,164,185,1,44,176,48,120,181,107,126,175,23,174,3,38,85,27,133,140,189,80,134,78,123,54,168,45,73,87,90,172,69,197,7,131,139,111,144,153,11,34,115,33,74,161,64,128,138
[ 77] Received message from 160: 1|68,76,94,119,146,164,185,1,44,176,48,120,181,107,126,175,23,174,125,5,71,13,25,99,18,47,198,195,83,66,152,14,43,145,160,77,166
[100] Received message from  64: 1|0,22,68,76,94,119,146,164,185,1,44,176,48,120,181,107,126,175,23,174,3,38,85,27,133,140,189,80,134,78,123,54,168,45,73,87,90,172,69,197,7,131,139,111,144,153,64,74,128,130,138,161,100,122
[128] Received message from 153: 1|0,22,68,76,94,119,146,164,185,1,44,176,48,120,181,107,126,175,23,174,3,38,85,27,133,140,189,80,134,78,123,54,168,45,73,87,90,172,69,197,7,131,139,111,144,153,64,74,128,130,138,161
[115] Received message from 144: 1|0,22,68,76,94,119,146,164,185,1,44,176,48,120,181,107,126,175,23,174,3,38,85,27,133,140,189,80,134,78,123,54,168,45,73,87,90,172,69,197,7,131,139,111,144,153,11,34,74,115,161
[130] Received message from  74: 1|0,22,68,76,94,119,146,164,185,1,44,176,48,120,181,107,126,175,23,174,3,38,85,27,133,140,189,80,134,78,123,54,168,45,73,87,90,172,69,197,7,131,139,111,144,153,11,34,115,33,74,161,64,128,130,138
[166] Received message from 160: 1|68,76,94,119,146,164,185,1,44,176,48,120,181,107,126,175,23,174,125,5,71,13,25,99,18,47,198,195,83,66,152,14,43,145,160,77,166
[122] Received message from  64: 1|0,22,68,76,94,119,146,164,185,1,44,176,48,120,181,107,126,175,23,174,3,38,85,27,133,140,189,80,134,78,123,54,168,45,73,87,90,172,69,197,7,131,139,111,144,153,64,74,128,130,138,161,100,122
[160] Sent Broadcast: 1|68,76,94,119,146,164,185,1,44,176,48,120,181,107,126,175,23,174,125,5,71,13,25,99,18,47,198,195,83,66,152,14,43,145,160,77,166
[ 74] Received message from 115: 1|0,22,68,76,94,119,146,164,185,1,44,176,48,120,181,107,126,175,23,174,3,38,85,27,133,140,189,80,134,78,123,54,168,45,73,87,90,172,69,197,7,131,139,111,144,153,11,34,115,33,74,161
[  6] Received message from 100: 1|0,22,68,76,94,119,146,164,185,1,44,176,48,120,181,107,126,175,23,174,3,38,85,27,133,140,189,80,134,78,123,54,168,45,73,87,90,172,69,197,7,131,139,111,144,153,64,74,128,130,138,161,100,122,6
[138] Received message from 161: 1|0,22,68,76,94,119,146,164,185,1,44,176,48,120,181,107,126,175,23,174,3,38,85,27,133,140,189,80,134,78,123,54,168,45,73,87,90,172,69,197,7,131,139,111,144,153,11,34,115,33,74,161,64,128,138
[100] Received message from 128: 1|0,22,68,76,94,119,146,164,185,1,44,176,48,120,181,107,126,175,23,174,3,38,85,27,133,140,189,80,134,78,123,54,168,45,73,87,90,172,69,197,7,131,139,111,144,153,11,34,115,33,74,161,64,128,130,138,100,122
[161] Received message from 144: 1|0,22,68,76,94,119,146,164,185,1,44,176,48,120,181,107,126,175,23,174,3,38,85,27,133,140,189,80,134,78,123,54,168,45,73,87,90,172,69,197,7,131,139,111,144,153,11,34,74,115,161
[ 64] Sent Broadcast: 1|0,22,68,76,94,119,146,164,185,1,44,176,48,120,181,107,126,175,23,174,3,38,85,27,133,140,189,80,134,78,123,54,168,45,73,87,90,172,69,197,7,131,139,111,144,153,64,74,128,130,138,161,100,122
[130] Received message from 153: 1|0,22,68,76,94,119,146,164,185,1,44,176,48,120,181,107,126,175,23,174,3,38,85,27,133,140,189,80,134,78,123,54,168,45,73,87,90,172,69,197,7,131,139,111,144,153,64,74,128,130,138,161
[144] Sent Broadcast: 1|0,22,68,76,94,119,146,164,185,1,44,176,48,120,181,107,126,175,23,174,3,38,85,27,133,140,189,80,134,78,123,54,168,45,73,87,90,172,69,197,7,131,139,111,144,153,11,34,74,115,161
[100] Sent Broadcast: 1|0,22,68,76,94,119,146,164,185,1,44,176,48,120,181,107,126,175,23,174,3,38,85,27,133,140,189,80,134,78,123,54,168,45,73,87,90,172,69,197,7,131,139,111,144,153,64,74,128,130,138,161,100,122,6
[165] Received message from  77: 1|68,76,94,119,146,164,185,1,44,176,48,120,181,107,126,175,23,174,125,5,71,13,25,99,18,47,198,195,83,66,152,14,43,145,160,77,166,165
[ 77] Sent Broadcast: 1|68,76,94,119,146,164,185,1,44,176,48,120,181,107,126,175,23,174,125,5,71,13,25,99,18,47,198,195,83,66,152,14,43,145,160,77,166,165
[165] Received message from 166: 1|68,76,94,119,146,164,185,1,44,176,48,120,181,107,126,175,23,174,125,5,71,13,25,99,18,47,198,195,83,66,152,14,43,145,160,77,166,165
[129] Received message from 165: 1|68,76,94,119,146,164,185,1,44,176,48,120,181,107,126,175,23,174,125,5,71,13,25,99,18,47,198,195,83,66,152,14,43,145,160,77,166,165,129
[  6] Received message from 122: 1|0,22,68,76,94,119,146,164,185,1,44,176,48,120,181,107,126,175,23,174,3,38,85,27,133,140,189,80,134,78,123,54,168,45,73,87,90,172,69,197,7,131,139,111,144,153,64,74,128,130,138,161,100,122,6
[166] Sent Broadcast: 1|68,76,94,119,146,164,185,1,44,176,48,120,181,107,126,175,23,174,125,5,71,13,25,99,18,47,198,195,83,66,152,14,43,145,160,77,166,165
[161] Sent Broadcast: 1|0,22,68,76,94,119,146,164,185,1,44,176,48,120,181,107,126,175,23,174,3,38,85,27,133,140,189,80,134,78,123,54,168,45,73,87,90,172,69,197,7,131,139,111,144,153,11,34,115,33,74,161,64,128,138
[ 15] Received message from   2: 2|0,15,35,108,150,187
[161] Received message from 115: 1|0,22,68,76,94,119,146,164,185,1,44,176,48,120,181,107,126,175,23,174,3,38,85,27,133,140,189,80,134,78,123,54,168,45,73,87,90,172,69,197,7,131,139,111,144,153,11,34,115,33,74,161
[100] Received message from 130: 1|0,22,68,76,94,119,146,164,185,1,44,176,48,120,181,107,126,175,23,174,3,38,85,27,133,140,189,80,134,78,123,54,168,45,73,87,90,172,69,197,7,131,139,111,144,153,11,34,115,33,74,161,64,128,130,138,100,122
[165] Sent Broadcast: 1|68,76,94,119,146,164,185,1,44,176,48,120,181,107,126,175,23,174,125,5,71,13,25,99,18,47,198,195,83,66,152,14,43,145,160,77,166,165,129
[122] Received message from 128: 1|0,22,68,76,94,119,146,164,185,1,44,176,48,120,181,107,126,175,23,174,3,38,85,27,133,140,189,80,134,78,123,54,168,45,73,87,90,172,69,197,7,131,139,111,144,153,11,34,115,33,74,161,64,128,130,138,100,122
[138] Received message from  74: 1|0,22,68,76,94,119,146,164,185,1,44,176,48,120,181,107,126,175,23,174,3,38,85,27,133,140,189,80,134,78,123,54,168,45,73,87,90,172,69,197,7,131,139,111,144,153,11,34,115,33,74,161,64,128,130,138
[128] Sent Broadcast: 1|0,22,68,76,94,119,146,164,185,1,44,176,48,120,181,107,126,175,23,174,3,38,85,27,133,140,189,80,134,78,123,54,168,45,73,87,90,172,69,197,7,131,139,111,144,153,11,34,115,33,74,161,64,128,130,138,100,122
[ 35] Received message from   2: 2|0,15,35,108,150,187
[100] Received message from 138: 1|0,22,68,76,94,119,146,164,185,1,44,176,48,120,181,107,126,175,23,174,3,38,85,27,133,140,189,80,134,78,123,54,168,45,73,87,90,172,69,197,7,131,139,111,144,153,11,34,115,33,74,161,64,128,138,100,122,130
[ 20] Received message from 129: 1|68,76,94,119,146,164,185,1,44,176,48,120,181,107,126,175,23,174,125,5,71,13,25,99,18,47,198,195,83,66,152,14,43,145,160,77,166,165,129,20,148
[122] Sent Broadcast: 1|0,22,68,76,94,119,146,164,185,1,44,176,48,120,181,107,126,175,23,174,3,38,85,27,133,140,189,80,134,78,123,54,168,45,73,87,90,172,69,197,7,131,139,111,144,153,64,74,128,130,138,161,100,122,6
[115] Sent Broadcast: 1|0,22,68,76,94,119,146,164,185,1,44,176,48,120,181,107,126,175,23,174,3,38,85,27,133,140,189,80,134,78,123,54,168,45,73,87,90,172,69,197,7,131,139,111,144,153,11,34,115,33,74,161
[ 74] Sent Broadcast: 1|0,22,68,76,94,119,146,164,185,1,44,176,48,120,181,107,126,175,23,174,3,38,85,27,133,140,189,80,134,78,123,54,168,45,73,87,90,172,69,197,7,131,139,111,144,153,11,34,115,33,74,161,64,128,130,138
[138] Received message from 153: 1|0,22,68,76,94,119,146,164,185,1,44,176,48,120,181,107,126,175,23,174,3,38,85,27,133,140,189,80,134,78,123,54,168,45,73,87,90,172,69,197,7,131,139,111,144,153,64,74,128,130,138,161
[148] Received message from 129: 1|68,76,94,119,146,164,185,1,44,176,48,120,181,107,126,175,23,174,125,5,71,13,25,99,18,47,198,195,83,66,152,14,43,145,160,77,166,165,129,20,148
[129] Sent Broadcast: 1|68,76,94,119,146,164,185,1,44,176,48,120,181,107,126,175,23,174,125,5,71,13,25,99,18,47,198,195,83,66,152,14,43,145,160,77,166,165,129,20,148
[161] Received message from 153: 1|0,22,68,76,94,119,146,164,185,1,44,176,48,120,181,107,126,175,23,174,3,38,85,27,133,140,189,80,134,78,123,54,168,45,73,87,90,172,69,197,7,131,139,111,144,153,64,74,128,130,138,161
[153] Sent Broadcast: 1|0,22,68,76,94,119,146,164,185,1,44,176,48,120,181,107,126,175,23,174,3,38,85,27,133,140,189,80,134,78,123,54,168,45,73,87,90,172,69,197,7,131,139,111,144,153,64,74,128,130,138,161
[108] Received message from   2: 2|0,15,35,108,150,187
[122] Received message from 130: 1|0,22,68,76,94,119,146,164,185,1,44,176,48,120,181,107,126,175,23,174,3,38,85,27,133,140,189,80,134,78,123,54,168,45,73,87,90,172,69,197,7,131,139,111,144,153,11,34,115,33,74,161,64,128,130,138,100,122
[ 17] Received message from  20: 1|68,76,94,119,146,164,185,1,44,176,48,120,181,107,126,175,23,174,125,5,71,13,25,99,18,47,198,195,83,66,152,14,43,145,160,77,166,165,129,20,148,17,93,135
[130] Sent Broadcast: 1|0,22,68,76,94,119,146,164,185,1,44,176,48,120,181,107,126,175,23,174,3,38,85,27,133,140,189,80,134,78,123,54,168,45,73,87,90,172,69,197,7,131,139,111,144,153,11,34,115,33,74,161,64,128,130,138,100,122
[ 17] Received message from 148: 1|68,76,94,119,146,164,185,1,44,176,48,120,181,107,126,175,23,174,125,5,71,13,25,99,18,47,198,195,83,66,152,14,43,145,160,77,166,165,129,20,148,17,89,103,116
[150] Received message from   2: 2|0,15,35,108,150,187
[ 93] Received message from  20: 1|68,76,94,119,146,164,185,1,44,176,48,120,181,107,126,175,23,174,125,5,71,13,25,99,18,47,198,195,83,66,152,14,43,145,160,77,166,165,129,20,148,17,93,135
[187] Received message from   2: 2|0,15,35,108,150,187
[  2] Sent Broadcast: 2|0,15,35,108,150,187
[ 89] Received message from 148: 1|68,76,94,119,146,164,185,1,44,176,48,120,181,107,126,175,23,174,125,5,71,13,25,99,18,47,198,195,83,66,152,14,43,145,160,77,166,165,129,20,148,17,89,103,116
[122] Received message from 138: 1|0,22,68,76,94,119,146,164,185,1,44,176,48,120,181,107,126,175,23,174,3,38,85,27,133,140,189,80,134,78,123,54,168,45,73,87,90,172,69,197,7,131,139,111,144,153,11,34,115,33,74,161,64,128,138,100,122,130
[130] Received message from 138: 1|0,22,68,76,94,119,146,164,185,1,44,176,48,120,181,107,126,175,23,174,3,38,85,27,133,140,189,80,134,78,123,54,168,45,73,87,90,172,69,197,7,131,139,111,144,153,11,34,115,33,74,161,64,128,138,100,122,130
[138] Sent Broadcast: 1|0,22,68,76,94,119,146,164,185,1,44,176,48,120,181,107,126,175,23,174,3,38,85,27,133,140,189,80,134,78,123,54,168,45,73,87,90,172,69,197,7,131,139,111,144,153,11,34,115,33,74,161,64,128,138,100,122,130
[103] Received message from 148: 1|68,76,94,119,146,164,185,1,44,176,48,120,181,107,126,175,23,174,125,5,71,13,25,99,18,47,198,195,83,66,152,14,43,145,160,77,166,165,129,20,148,17,89,103,116
[135] Received message from  20: 1|68,76,94,119,146,164,185,1,44,176,48,120,181,107,126,175,23,174,125,5,71,13,25,99,18,47,198,195,83,66,152,14,43,145,160,77,166,165,129,20,148,17,93,135
[ 20] Sent Broadcast: 1|68,76,94,119,146,164,185,1,44,176,48,120,181,107,126,175,23,174,125,5,71,13,25,99,18,47,198,195,83,66,152,14,43,145,160,77,166,165,129,20,148,17,93,135
[116] Received message from 148: 1|68,76,94,119,146,164,185,1,44,176,48,120,181,107,126,175,23,174,125,5,71,13,25,99,18,47,198,195,83,66,152,14,43,145,160,77,166,165,129,20,148,17,89,103,116
[148] Sent Broadcast: 1|68,76,94,119,146,164,185,1,44,176,48,120,181,107,126,175,23,174,125,5,71,13,25,99,18,47,198,195,83,66,152,14,43,145,160,77,166,165,129,20,148,17,89,103,116
[ 40] Received message from 103: 1|68,76,94,119,146,164,185,1,44,176,48,120,181,107,126,175,23,174,125,5,71,13,25,99,18,47,198,195,83,66,152,14,43,145,160,77,166,165,129,20,148,17,89,103,116,40,97,102,151,169
[ 97] Received message from 116: 1|68,76,94,119,146,164,185,1,44,176,48,120,181,107,126,175,23,174,125,5,71,13,25,99,18,47,198,195,83,66,152,14,43,145,160,77,166,165,129,20,148,17,89,103,116,97,102,169
[109] Received message from  40: 1|68,76,94,119,146,164,185,1,44,176,48,120,181,107,126,175,23,174,125,5,71,13,25,99,18,47,198,195,83,66,152,14,43,145,160,77,166,165,129,20,148,17,89,103,116,40,97,102,151,169,109
[ 40] Received message from  89: 1|68,76,94,119,146,164,185,1,44,176,48,120,181,107,126,175,23,174,125,5,71,13,25,99,18,47,198,195,83,66,152,14,43,145,160,77,166,165,129,20,148,17,89,103,116,40,97,169
[ 40] Sent Broadcast: 1|68,76,94,119,146,164,185,1,44,176,48,120,181,107,126,175,23,174,125,5,71,13,25,99,18,47,198,195,83,66,152,14,43,145,160,77,166,165,129,20,148,17,89,103,116,40,97,102,151,169,109
[ 97] Received message from 103: 1|68,76,94,119,146,164,185,1,44,176,48,120,181,107,126,175,23,174,125,5,71,13,25,99,18,47,198,195,83,66,152,14,43,145,160,77,166,165,129,20,148,17,89,103,116,40,97,102,151,169
[ 97] Received message from  89: 1|68,76,94,119,146,164,185,1,44,176,48,120,181,107,126,175,23,174,125,5,71,13,25,99,18,47,198,195,83,66,152,14,43,145,160,77,166,165,129,20,148,17,89,103,116,40,97,169
[ 65] Received message from 109: 1|68,76,94,119,146,164,185,1,44,176,48,120,181,107,126,175,23,174,125,5,71,13,25,99,18,47,198,195,83,66,152,14,43,145,160,77,166,165,129,20,148,17,89,103,116,40,97,102,151,169,109,65
[109] Sent Broadcast: 1|68,76,94,119,146,164,185,1,44,176,48,120,181,107,126,175,23,174,125,5,71,13,25,99,18,47,198,195,83,66,152,14,43,145,160,77,166,165,129,20,148,17,89,103,116,40,97,102,151,169,109,65
[102] Received message from 116: 1|68,76,94,119,146,164,185,1,44,176,48,120,181,107,126,175,23,174,125,5,71,13,25,99,18,47,198,195,83,66,152,14,43,145,160,77,166,165,129,20,148,17,89,103,116,97,102,169
[109] Received message from  97: 1|68,76,94,119,146,164,185,1,44,176,48,120,181,107,126,175,23,174,125,5,71,13,25,99,18,47,198,195,83,66,152,14,43,145,160,77,166,165,129,20,148,17,89,103,116,40,97,102,151,169,109
[ 97] Sent Broadcast: 1|68,76,94,119,146,164,185,1,44,176,48,120,181,107,126,175,23,174,125,5,71,13,25,99,18,47,198,195,83,66,152,14,43,145,160,77,166,165,129,20,148,17,89,103,116,40,97,102,151,169,109
[102] Received message from 103: 1|68,76,94,119,146,164,185,1,44,176,48,120,181,107,126,175,23,174,125,5,71,13,25,99,18,47,198,195,83,66,152,14,43,145,160,77,166,165,129,20,148,17,89,103,116,40,97,102,151,169
[194] Received message from  65: 1|68,76,94,119,146,164,185,1,44,176,48,120,181,107,126,175,23,174,125,5,71,13,25,99,18,47,198,195,83,66,152,14,43,145,160,77,166,165,129,20,148,17,89,103,116,40,97,102,151,169,109,65,194
[143] Received message from 102: 1|68,76,94,119,146,164,185,1,44,176,48,120,181,107,126,175,23,174,125,5,71,13,25,99,18,47,198,195,83,66,152,14,43,145,160,77,166,165,129,20,148,17,89,103,116,97,102,169,143
[151] Received message from 103: 1|68,76,94,119,146,164,185,1,44,176,48,120,181,107,126,175,23,174,125,5,71,13,25,99,18,47,198,195,83,66,152,14,43,145,160,77,166,165,129,20,148,17,89,103,116,40,97,102,151,169
[169] Received message from  89: 1|68,76,94,119,146,164,185,1,44,176,48,120,181,107,126,175,23,174,125,5,71,13,25,99,18,47,198,195,83,66,152,14,43,145,160,77,166,165,129,20,148,17,89,103,116,40,97,169
[ 65] Sent Broadcast: 1|68,76,94,119,146,164,185,1,44,176,48,120,181,107,126,175,23,174,125,5,71,13,25,99,18,47,198,195,83,66,152,14,43,145,160,77,166,165,129,20,148,17,89,103,116,40,97,102,151,169,109,65,194
[102] Sent Broadcast: 1|68,76,94,119,146,164,185,1,44,176,48,120,181,107,126,175,23,174,125,5,71,13,25,99,18,47,198,195,83,66,152,14,43,145,160,77,166,165,129,20,148,17,89,103,116,97,102,169,143
[ 89] Sent Broadcast: 1|68,76,94,119,146,164,185,1,44,176,48,120,181,107,126,175,23,174,125,5,71,13,25,99,18,47,198,195,83,66,152,14,43,145,160,77,166,165,129,20,148,17,89,103,116,40,97,169
[169] Received message from 116: 1|68,76,94,119,146,164,185,1,44,176,48,120,181,107,126,175,23,174,125,5,71,13,25,99,18,47,198,195,83,66,152,14,43,145,160,77,166,165,129,20,148,17,89,103,116,97,102,169
[109] Received message from 151: 1|68,76,94,119,146,164,185,1,44,176,48,120,181,107,126,175,23,174,125,5,71,13,25,99,18,47,198,195,83,66,152,14,43,145,160,77,166,165,129,20,148,17,89,103,116,40,97,102,151,169,109,179
[116] Sent Broadcast: 1|68,76,94,119,146,164,185,1,44,176,48,120,181,107,126,175,23,174,125,5,71,13,25,99,18,47,198,195,83,66,152,14,43,145,160,77,166,165,129,20,148,17,89,103,116,97,102,169
[171] Received message from 143: 1|68,76,94,119,146,164,185,1,44,176,48,120,181,107,126,175,23,174,125,5,71,13,25,99,18,47,198,195,83,66,152,14,43,145,160,77,166,165,129,20,148,17,89,103,116,97,102,169,143,171,179
[169] Received message from 103: 1|68,76,94,119,146,164,185,1,44,176,48,120,181,107,126,175,23,174,125,5,71,13,25,99,18,47,198,195,83,66,152,14,43,145,160,77,166,165,129,20,148,17,89,103,116,40,97,102,151,169
[103] Sent Broadcast: 1|68,76,94,119,146,164,185,1,44,176,48,120,181,107,126,175,23,174,125,5,71,13,25,99,18,47,198,195,83,66,152,14,43,145,160,77,166,165,129,20,148,17,89,103,116,40,97,102,151,169
[179] Received message from 143: 1|68,76,94,119,146,164,185,1,44,176,48,120,181,107,126,175,23,174,125,5,71,13,25,99,18,47,198,195,83,66,152,14,43,145,160,77,166,165,129,20,148,17,89,103,116,97,102,169,143,171,179
[143] Sent Broadcast: 1|68,76,94,119,146,164,185,1,44,176,48,120,181,107,126,175,23,174,125,5,71,13,25,99,18,47,198,195,83,66,152,14,43,145,160,77,166,165,129,20,148,17,89,103,116,97,102,169,143,171,179
[102] Received message from 169: 1|68,76,94,119,146,164,185,1,44,176,48,120,181,107,126,175,23,174,125,5,71,13,25,99,18,47,198,195,83,66,152,14,43,145,160,77,166,165,129,20,148,17,89,103,116,40,97,169,102,151
[162] Received message from 171: 1|68,76,94,119,146,164,185,1,44,176,48,120,181,107,126,175,23,174,125,5,71,13,25,99,18,47,198,195,83,66,152,14,43,145,160,77,166,165,129,20,148,17,89,103,116,97,102,169,143,171,179,162
[171] Sent Broadcast: 1|68,76,94,119,146,164,185,1,44,176,48,120,181,107,126,175,23,174,125,5,71,13,25,99,18,47,198,195,83,66,152,14,43,145,160,77,166,165,129,20,148,17,89,103,116,97,102,169,143,171,179,162
[179] Received message from 151: 1|68,76,94,119,146,164,185,1,44,176,48,120,181,107,126,175,23,174,125,5,71,13,25,99,18,47,198,195,83,66,152,14,43,145,160,77,166,165,129,20,148,17,89,103,116,40,97,102,151,169,109,179
[151] Sent Broadcast: 1|68,76,94,119,146,164,185,1,44,176,48,120,181,107,126,175,23,174,125,5,71,13,25,99,18,47,198,195,83,66,152,14,43,145,160,77,166,165,129,20,148,17,89,103,116,40,97,102,151,169,109,179
[151] Received message from 179: 1|68,76,94,119,146,164,185,1,44,176,48,120,181,107,126,175,23,174,125,5,71,13,25,99,18,47,198,195,83,66,152,14,43,145,160,77,166,165,129,20,148,17,89,103,116,97,102,169,143,171,179,151
[179] Sent Broadcast: 1|68,76,94,119,146,164,185,1,44,176,48,120,181,107,126,175,23,174,125,5,71,13,25,99,18,47,198,195,83,66,152,14,43,145,160,77,166,165,129,20,148,17,89,103,116,97,102,169,143,171,179,151
[151] Received message from 169: 1|68,76,94,119,146,164,185,1,44,176,48,120,181,107,126,175,23,174,125,5,71,13,25,99,18,47,198,195,83,66,152,14,43,145,160,77,166,165,129,20,148,17,89,103,116,40,97,169,102,151
[ 60] Received message from 162: 1|68,76,94,119,146,164,185,1,44,176,48,120,181,107,126,175,23,174,125,5,71,13,25,99,18,47,198,195,83,66,152,14,43,145,160,77,166,165,129,20,148,17,89,103,116,97,102,169,143,171,179,162,60,192
[169] Sent Broadcast: 1|68,76,94,119,146,164,185,1,44,176,48,120,181,107,126,175,23,174,125,5,71,13,25,99,18,47,198,195,83,66,152,14,43,145,160,77,166,165,129,20,148,17,89,103,116,40,97,169,102,151
[196] Received message from  60: 1|68,76,94,119,146,164,185,1,44,176,48,120,181,107,126,175,23,174,125,5,71,13,25,99,18,47,198,195,83,66,152,14,43,145,160,77,166,165,129,20,148,17,89,103,116,97,102,169,143,171,179,162,60,192,196,199
[192] Received message from 162: 1|68,76,94,119,146,164,185,1,44,176,48,120,181,107,126,175,23,174,125,5,71,13,25,99,18,47,198,195,83,66,152,14,43,145,160,77,166,165,129,20,148,17,89,103,116,97,102,169,143,171,179,162,60,192
[162] Sent Broadcast: 1|68,76,94,119,146,164,185,1,44,176,48,120,181,107,126,175,23,174,125,5,71,13,25,99,18,47,198,195,83,66,152,14,43,145,160,77,166,165,129,20,148,17,89,103,116,97,102,169,143,171,179,162,60,192
[199] Received message from  60: 1|68,76,94,119,146,164,185,1,44,176,48,120,181,107,126,175,23,174,125,5,71,13,25,99,18,47,198,195,83,66,152,14,43,145,160,77,166,165,129,20,148,17,89,103,116,97,102,169,143,171,179,162,60,192,196,199
[ 60] Sent Broadcast: 1|68,76,94,119,146,164,185,1,44,176,48,120,181,107,126,175,23,174,125,5,71,13,25,99,18,47,198,195,83,66,152,14,43,145,160,77,166,165,129,20,148,17,89,103,116,97,102,169,143,171,179,162,60,192,196,199
[137] Received message from 192: 1|68,76,94,119,146,164,185,1,44,176,48,120,181,107,126,175,23,174,125,5,71,13,25,99,18,47,198,195,83,66,152,14,43,145,160,77,166,165,129,20,148,17,89,103,116,97,102,169,143,171,179,162,60,192,137,199
[ 46] Received message from 196: 1|68,76,94,119,146,164,185,1,44,176,48,120,181,107,126,175,23,174,125,5,71,13,25,99,18,47,198,195,83,66,152,14,43,145,160,77,166,165,129,20,148,17,89,103,116,97,102,169,143,171,179,162,60,192,196,199,46
[199] Received message from 192: 1|68,76,94,119,146,164,185,1,44,176,48,120,181,107,126,175,23,174,125,5,71,13,25,99,18,47,198,195,83,66,152,14,43,145,160,77,166,165,129,20,148,17,89,103,116,97,102,169,143,171,179,162,60,192,137,199
[192] Sent Broadcast: 1|68,76,94,119,146,164,185,1,44,176,48,120,181,107,126,175,23,174,125,5,71,13,25,99,18,47,198,195,83,66,152,14,43,145,160,77,166,165,129,20,148,17,89,103,116,97,102,169,143,171,179,162,60,192,137,199
[ 46] Received message from 199: 1|68,76,94,119,146,164,185,1,44,176,48,120,181,107,126,175,23,174,125,5,71,13,25,99,18,47,198,195,83,66,152,14,43,145,160,77,166,165,129,20,148,17,89,103,116,97,102,169,143,171,179,162,60,192,196,199,46
[199] Sent Broadcast: 1|68,76,94,119,146,164,185,1,44,176,48,120,181,107,126,175,23,174,125,5,71,13,25,99,18,47,198,195,83,66,152,14,43,145,160,77,166,165,129,20,148,17,89,103,116,97,102,169,143,171,179,162,60,192,196,199,46
[196] Sent Broadcast: 1|68,76,94,119,146,164,185,1,44,176,48,120,181,107,126,175,23,174,125,5,71,13,25,99,18,47,198,195,83,66,152,14,43,145,160,77,166,165,129,20,148,17,89,103,116,97,102,169,143,171,179,162,60,192,196,199,46
[ 24] Received message from 137: 1|68,76,94,119,146,164,185,1,44,176,48,120,181,107,126,175,23,174,125,5,71,13,25,99,18,47,198,195,83,66,152,14,43,145,160,77,166,165,129,20,148,17,89,103,116,97,102,169,143,171,179,162,60,192,137,199,24
[137] Sent Broadcast: 1|68,76,94,119,146,164,185,1,44,176,48,120,181,107,126,175,23,174,125,5,71,13,25,99,18,47,198,195,83,66,152,14,43,145,160,77,166,165,129,20,148,17,89,103,116,97,102,169,143,171,179,162,60,192,137,199,24
[ 16] Received message from   8: 8|0,16,81
[ 81] Received message from   8: 8|0,16,81
[  8] Sent Broadcast: 8|0,16,81
[ 75] Received message from  81: 8|0,16,81,8,75,147
[147] Received message from  81: 8|0,16,81,8,75,147
[ 81] Sent Broadcast: 8|0,16,81,8,75,147
[ 29] Received message from  75: 8|0,16,81,8,75,147,29,52,110,180
[ 49] Received message from 147: 8|0,16,81,8,75,147,49,158
[158] Received message from 147: 8|0,16,81,8,75,147,49,158
[147] Sent Broadcast: 8|0,16,81,8,75,147,49,158
[ 52] Received message from  75: 8|0,16,81,8,75,147,29,52,110,180
[110] Received message from  75: 8|0,16,81,8,75,147,29,52,110,180
[180] Received message from  75: 8|0,16,81,8,75,147,29,52,110,180
[ 75] Sent Broadcast: 8|0,16,81,8,75,147,29,52,110,180
[ 55] Received message from 180: 8|0,16,81,8,75,147,29,52,110,180,55
[180] Sent Broadcast: 8|0,16,81,8,75,147,29,52,110,180,55
[ 36] Received message from  28: 28|0,36,58,63,82,132,183
[ 58] Received message from  28: 28|0,36,58,63,82,132,183
[ 63] Received message from  28: 28|0,36,58,63,82,132,183
[113] Received message from  58: 28|0,36,58,63,82,132,183,28,113,167
[ 82] Received message from  28: 28|0,36,58,63,82,132,183
[ 72] Received message from  63: 28|0,36,58,63,82,132,183,28,72,124,193
[167] Received message from  58: 28|0,36,58,63,82,132,183,28,113,167
[ 58] Sent Broadcast: 28|0,36,58,63,82,132,183,28,113,167
[132] Received message from  28: 28|0,36,58,63,82,132,183
[124] Received message from  63: 28|0,36,58,63,82,132,183,28,72,124,193
[193] Received message from  63: 28|0,36,58,63,82,132,183,28,72,124,193
[ 63] Sent Broadcast: 28|0,36,58,63,82,132,183,28,72,124,193
[183] Received message from  28: 28|0,36,58,63,82,132,183
[ 86] Received message from 124: 28|0,36,58,63,82,132,183,28,72,124,193,86,141
[ 28] Sent Broadcast: 28|0,36,58,63,82,132,183
[141] Received message from 124: 28|0,36,58,63,82,132,183,28,72,124,193,86,141
[124] Sent Broadcast: 28|0,36,58,63,82,132,183,28,72,124,193,86,141
[184] Received message from  86: 28|0,36,58,63,82,132,183,28,72,124,193,86,141,184
[ 86] Sent Broadcast: 28|0,36,58,63,82,132,183,28,72,124,193,86,141,184
[184] Received message from 141: 28|0,36,58,63,82,132,183,28,72,124,193,86,141,184
[141] Sent Broadcast: 28|0,36,58,63,82,132,183,28,72,124,193,86,141,184
[191] Received message from  39: 39|0,191
[ 39] Sent Broadcast: 39|0,191
[112] Received message from  91: 91|0,112
[ 91] Sent Broadcast: 91|0,112
