[ 20] Received message from   1: 1|0,20,31,89,95
[ 31] Received message from   1: 1|0,20,31,89,95
[ 18] Received message from  20: 1|0,20,31,89,95,1,18,191
[191] Received message from  20: 1|0,20,31,89,95,1,18,191
[ 89] Received message from   1: 1|0,20,31,89,95
[ 26] Received message from  18: 1|0,20,31,89,95,1,18,191,26,149
[ 20] Sent Broadcast: 1|0,20,31,89,95,1,18,191
[ 95] Received message from   1: 1|0,20,31,89,95
[ 18] Received message from  89: 1|0,20,31,89,95,1,18,191
[149] Received message from  18: 1|0,20,31,89,95,1,18,191,26,149
[186] Received message from  26: 1|0,20,31,89,95,1,18,191,26,149,186
[  1] Sent Broadcast: 1|0,20,31,89,95
[ 26] Sent Broadcast: 1|0,20,31,89,95,1,18,191,26,149,186
[ 18] Sent Broadcast: 1|0,20,31,89,95,1,18,191,26,149
[185] Received message from 191: 1|0,20,31,89,95,1,18,191,185
[191] Received message from  89: 1|0,20,31,89,95,1,18,191
[ 34] Received message from  95: 1|0,20,31,89,95,1,34,141,176
[142] Received message from 186: 1|0,20,31,89,95,1,18,191,26,149,186,142
[191] Sent Broadcast: 1|0,20,31,89,95,1,18,191,185
[ 89] Sent Broadcast: 1|0,20,31,89,95,1,18,191
[186] Sent Broadcast: 1|0,20,31,89,95,1,18,191,26,149,186,142
[ 65] Received message from  34: 1|0,20,31,89,95,1,34,141,176,65,93
[186] Received message from 149: 1|0,20,31,89,95,1,18,191,26,149,186
[149] Sent Broadcast: 1|0,20,31,89,95,1,18,191,26,149,186
[ 93] Received message from  34: 1|0,20,31,89,95,1,34,141,176,65,93
[121] Received message from 142: 1|0,20,31,89,95,1,18,191,26,149,186,142,121
[141] Received message from  95: 1|0,20,31,89,95,1,34,141,176
[ 34] Sent Broadcast: 1|0,20,31,89,95,1,34,141,176,65,93
[142] Sent Broadcast: 1|0,20,31,89,95,1,18,191,26,149,186,142,121
[  8] Received message from  65: 1|0,20,31,89,95,1,34,141,176,65,93,8,67
[176] Received message from  95: 1|0,20,31,89,95,1,34,141,176
[  8] Received message from  93: 1|0,20,31,89,95,1,34,141,176,65,93,8,67
[ 28] Received message from 121: 1|0,20,31,89,95,1,18,191,26,149,186,142,121,28,193
[ 95] Sent Broadcast: 1|0,20,31,89,95,1,34,141,176
[193] Received message from 121: 1|0,20,31,89,95,1,18,191,26,149,186,142,121,28,193
[140] Received message from  28: 1|0,20,31,89,95,1,18,191,26,149,186,142,121,28,193,140
[121] Sent Broadcast: 1|0,20,31,89,95,1,18,191,26,149,186,142,121,28,193
[ 28] Sent Broadcast: 1|0,20,31,89,95,1,18,191,26,149,186,142,121,28,193,140
[ 67] Received message from  65: 1|0,20,31,89,95,1,34,141,176,65,93,8,67
[ 65] Sent Broadcast: 1|0,20,31,89,95,1,34,141,176,65,93,8,67
[ 67] Received message from  93: 1|0,20,31,89,95,1,34,141,176,65,93,8,67
[ 93] Sent Broadcast: 1|0,20,31,89,95,1,34,141,176,65,93,8,67
[ 98] Received message from 193: 1|0,20,31,89,95,1,18,191,26,149,186,142,121,28,193,98
[193] Sent Broadcast: 1|0,20,31,89,95,1,18,191,26,149,186,142,121,28,193,98
[ 77] Received message from  67: 1|0,20,31,89,95,1,34,141,176,65,93,8,67,77,99
[156] Received message from  98: 1|0,20,31,89,95,1,18,191,26,149,186,142,121,28,193,98,156,161
[ 99] Received message from  67: 1|0,20,31,89,95,1,34,141,176,65,93,8,67,77,99
[161] Received message from  98: 1|0,20,31,89,95,1,18,191,26,149,186,142,121,28,193,98,156,161
[ 60] Received message from 140: 1|0,20,31,89,95,1,18,191,26,149,186,142,121,28,193,140,60,148,171
[ 67] Sent Broadcast: 1|0,20,31,89,95,1,34,141,176,65,93,8,67,77,99
[ 44] Received message from  77: 1|0,20,31,89,95,1,34,141,176,65,93,8,67,77,99,44
[ 98] Sent Broadcast: 1|0,20,31,89,95,1,18,191,26,149,186,142,121,28,193,98,156,161
[  2] Received message from 156: 1|0,20,31,89,95,1,18,191,26,149,186,142,121,28,193,98,156,161,2,151
[ 97] Received message from  60: 1|0,20,31,89,95,1,18,191,26,149,186,142,121,28,193,140,60,148,171,97
[ 77] Sent Broadcast: 1|0,20,31,89,95,1,34,141,176,65,93,8,67,77,99,44
[148] Received message from 140: 1|0,20,31,89,95,1,18,191,26,149,186,142,121,28,193,140,60,148,171
[ 57] Received message from 161: 1|0,20,31,89,95,1,18,191,26,149,186,142,121,28,193,98,156,161,57,59,151,159
[ 60] Sent Broadcast: 1|0,20,31,89,95,1,18,191,26,149,186,142,121,28,193,140,60,148,171,97
[ 44] Received message from  99: 1|0,20,31,89,95,1,34,141,176,65,93,8,67,77,99,44
[ 61] Received message from  97: 1|0,20,31,89,95,1,18,191,26,149,186,142,121,28,193,140,60,148,171,97,61,152
[ 99] Sent Broadcast: 1|0,20,31,89,95,1,34,141,176,65,93,8,67,77,99,44
[ 15] Received message from   2: 1|0,20,31,89,95,1,18,191,26,149,186,142,121,28,193,98,156,161,2,151,15,19,59,90,152
[151] Received message from 156: 1|0,20,31,89,95,1,18,191,26,149,186,142,121,28,193,98,156,161,2,151
[ 53] Received message from  57: 1|0,20,31,89,95,1,18,191,26,149,186,142,121,28,193,98,156,161,57,59,151,159,53,133,166,175
[ 59] Received message from 161: 1|0,20,31,89,95,1,18,191,26,149,186,142,121,28,193,98,156,161,57,59,151,159
[152] Received message from  97: 1|0,20,31,89,95,1,18,191,26,149,186,142,121,28,193,140,60,148,171,97,61,152
[ 19] Received message from   2: 1|0,20,31,89,95,1,18,191,26,149,186,142,121,28,193,98,156,161,2,151,15,19,59,90,152
[156] Sent Broadcast: 1|0,20,31,89,95,1,18,191,26,149,186,142,121,28,193,98,156,161,2,151
[171] Received message from 140: 1|0,20,31,89,95,1,18,191,26,149,186,142,121,28,193,140,60,148,171
[133] Received message from  15: 1|0,20,31,89,95,1,18,191,26,149,186,142,121,28,193,98,156,161,2,151,15,19,59,90,152,133,166
[ 57] Received message from 151: 1|0,20,31,89,95,1,18,191,26,149,186,142,121,28,193,98,156,161,2,151,57,59,133,159,166
[ 63] Received message from 148: 1|0,20,31,89,95,1,18,191,26,149,186,142,121,28,193,140,60,148,171,63,69,105
[ 97] Sent Broadcast: 1|0,20,31,89,95,1,18,191,26,149,186,142,121,28,193,140,60,148,171,97,61,152
[ 13] Received message from  53: 1|0,20,31,89,95,1,18,191,26,149,186,142,121,28,193,98,156,161,57,59,151,159,53,133,166,175,13,162
[ 59] Received message from   2: 1|0,20,31,89,95,1,18,191,26,149,186,142,121,28,193,98,156,161,2,151,15,19,59,90,152
[  2] Received message from  59: 1|0,20,31,89,95,1,18,191,26,149,186,142,121,28,193,98,156,161,57,59,151,159,2,15,19,90,133,152,166
[133] Received message from  57: 1|0,20,31,89,95,1,18,191,26,149,186,142,121,28,193,98,156,161,57,59,151,159,53,133,166,175
[166] Received message from  15: 1|0,20,31,89,95,1,18,191,26,149,186,142,121,28,193,98,156,161,2,151,15,19,59,90,152,133,166
[140] Sent Broadcast: 1|0,20,31,89,95,1,18,191,26,149,186,142,121,28,193,140,60,148,171
[  2] Received message from 152: 1|0,20,31,89,95,1,18,191,26,149,186,142,121,28,193,140,60,148,171,97,61,152,2,59,90
[162] Received message from  53: 1|0,20,31,89,95,1,18,191,26,149,186,142,121,28,193,98,156,161,57,59,151,159,53,133,166,175,13,162
[ 57] Received message from 133: 1|0,20,31,89,95,1,18,191,26,149,186,142,121,28,193,98,156,161,2,151,15,19,59,90,152,133,166,57,159
[ 23] Received message from  63: 1|0,20,31,89,95,1,18,191,26,149,186,142,121,28,193,140,60,148,171,63,69,105,23
[133] Received message from  19: 1|0,20,31,89,95,1,18,191,26,149,186,142,121,28,193,98,156,161,2,151,15,19,59,90,152,133
[ 43] Received message from  13: 1|0,20,31,89,95,1,18,191,26,149,186,142,121,28,193,98,156,161,57,59,151,159,53,133,166,175,13,162,43,110,172
[ 19] Sent Broadcast: 1|0,20,31,89,95,1,18,191,26,149,186,142,121,28,193,98,156,161,2,151,15,19,59,90,152,133
[ 15] Sent Broadcast: 1|0,20,31,89,95,1,18,191,26,149,186,142,121,28,193,98,156,161,2,151,15,19,59,90,152,133,166
[ 53] Sent Broadcast: 1|0,20,31,89,95,1,18,191,26,149,186,142,121,28,193,98,156,161,57,59,151,159,53,133,166,175,13,162
[151] Received message from 161: 1|0,20,31,89,95,1,18,191,26,149,186,142,121,28,193,98,156,161,57,59,151,159
[ 63] Sent Broadcast: 1|0,20,31,89,95,1,18,191,26,149,186,142,121,28,193,140,60,148,171,63,69,105,23
[ 40] Received message from 171: 1|0,20,31,89,95,1,18,191,26,149,186,142,121,28,193,140,60,148,171,40,69,105
[ 15] Received message from  59: 1|0,20,31,89,95,1,18,191,26,149,186,142,121,28,193,98,156,161,57,59,151,159,2,15,19,90,133,152,166
[ 43] Received message from 162: 1|0,20,31,89,95,1,18,191,26,149,186,142,121,28,193,98,156,161,57,59,151,159,53,133,166,175,13,162,43,172
[166] Received message from  57: 1|0,20,31,89,95,1,18,191,26,149,186,142,121,28,193,98,156,161,57,59,151,159,53,133,166,175
[ 55] Received message from  23: 1|0,20,31,89,95,1,18,191,26,149,186,142,121,28,193,140,60,148,171,63,69,105,23,55,78,194
[ 53] Received message from 166: 1|0,20,31,89,95,1,18,191,26,149,186,142,121,28,193,98,156,161,2,151,15,19,59,90,152,133,166,53,57,159,175
[ 69] Received message from 148: 1|0,20,31,89,95,1,18,191,26,149,186,142,121,28,193,140,60,148,171,63,69,105
[ 69] Received message from 171: 1|0,20,31,89,95,1,18,191,26,149,186,142,121,28,193,140,60,148,171,40,69,105
[ 59] Received message from 151: 1|0,20,31,89,95,1,18,191,26,149,186,142,121,28,193,98,156,161,2,151,57,59,133,159,166
[ 90] Received message from   2: 1|0,20,31,89,95,1,18,191,26,149,186,142,121,28,193,98,156,161,2,151,15,19,59,90,152
[ 59] Received message from 152: 1|0,20,31,89,95,1,18,191,26,149,186,142,121,28,193,140,60,148,171,97,61,152,2,59,90
[ 88] Received message from  43: 1|0,20,31,89,95,1,18,191,26,149,186,142,121,28,193,98,156,161,57,59,151,159,53,133,166,175,13,162,43,110,172,88,124
[159] Received message from 161: 1|0,20,31,89,95,1,18,191,26,149,186,142,121,28,193,98,156,161,57,59,151,159
[ 19] Received message from  59: 1|0,20,31,89,95,1,18,191,26,149,186,142,121,28,193,98,156,161,57,59,151,159,2,15,19,90,133,152,166
[175] Received message from  57: 1|0,20,31,89,95,1,18,191,26,149,186,142,121,28,193,98,156,161,57,59,151,159,53,133,166,175
[159] Received message from 133: 1|0,20,31,89,95,1,18,191,26,149,186,142,121,28,193,98,156,161,2,151,15,19,59,90,152,133,166,57,159
[105] Received message from 148: 1|0,20,31,89,95,1,18,191,26,149,186,142,121,28,193,140,60,148,171,63,69,105
[ 86] Received message from  88: 1|0,20,31,89,95,1,18,191,26,149,186,142,121,28,193,98,156,161,57,59,151,159,53,133,166,175,13,162,43,110,172,88,124,86,126,168
[172] Received message from 162: 1|0,20,31,89,95,1,18,191,26,149,186,142,121,28,193,98,156,161,57,59,151,159,53,133,166,175,13,162,43,172
[ 78] Received message from  23: 1|0,20,31,89,95,1,18,191,26,149,186,142,121,28,193,140,60,148,171,63,69,105,23,55,78,194
[ 53] Received message from 159: 1|0,20,31,89,95,1,18,191,26,149,186,142,121,28,193,98,156,161,57,59,151,159,53,133,166,175
[152] Received message from   2: 1|0,20,31,89,95,1,18,191,26,149,186,142,121,28,193,98,156,161,2,151,15,19,59,90,152
[133] Received message from  90: 1|0,20,31,89,95,1,18,191,26,149,186,142,121,28,193,98,156,161,2,151,15,19,59,90,152,133
[ 13] Received message from 175: 1|0,20,31,89,95,1,18,191,26,149,186,142,121,28,193,98,156,161,57,59,151,159,53,133,166,175,13
[105] Received message from 171: 1|0,20,31,89,95,1,18,191,26,149,186,142,121,28,193,140,60,148,171,40,69,105
[ 57] Received message from 166: 1|0,20,31,89,95,1,18,191,26,149,186,142,121,28,193,98,156,161,2,151,15,19,59,90,152,133,166,53,57,159,175
[110] Received message from  13: 1|0,20,31,89,95,1,18,191,26,149,186,142,121,28,193,98,156,161,57,59,151,159,53,133,166,175,13,162,43,110,172
[ 90] Received message from 152: 1|0,20,31,89,95,1,18,191,26,149,186,142,121,28,193,140,60,148,171,97,61,152,2,59,90
[133] Received message from 151: 1|0,20,31,89,95,1,18,191,26,149,186,142,121,28,193,98,156,161,2,151,57,59,133,159,166
[131] Received message from  86: 1|0,20,31,89,95,1,18,191,26,149,186,142,121,28,193,98,156,161,57,59,151,159,53,133,166,175,13,162,43,110,172,88,124,86,126,168,131
[148] Sent Broadcast: 1|0,20,31,89,95,1,18,191,26,149,186,142,121,28,193,140,60,148,171,63,69,105
[161] Sent Broadcast: 1|0,20,31,89,95,1,18,191,26,149,186,142,121,28,193,98,156,161,57,59,151,159
[133] Sent Broadcast: 1|0,20,31,89,95,1,18,191,26,149,186,142,121,28,193,98,156,161,2,151,15,19,59,90,152,133,166,57,159
[ 57] Sent Broadcast: 1|0,20,31,89,95,1,18,191,26,149,186,142,121,28,193,98,156,161,57,59,151,159,53,133,166,175
[162] Sent Broadcast: 1|0,20,31,89,95,1,18,191,26,149,186,142,121,28,193,98,156,161,57,59,151,159,53,133,166,175,13,162,43,172
[ 86] Received message from 172: 1|20,31,89,95,1,18,191,26,149,186,142,121,28,193,98,156,161,57,59,151,159,53,133,166,175,13,162,43,172,86,88,110,124
[126] Received message from  88: 1|0,20,31,89,95,1,18,191,26,149,186,142,121,28,193,98,156,161,57,59,151,159,53,133,166,175,13,162,43,110,172,88,124,86,126,168
[124] Received message from  43: 1|0,20,31,89,95,1,18,191,26,149,186,142,121,28,193,98,156,161,57,59,151,159,53,133,166,175,13,162,43,110,172,88,124
[ 86] Received message from 110: 1|0,20,31,89,95,1,18,191,26,149,186,142,121,28,193,98,156,161,57,59,151,159,53,133,166,175,13,162,43,110,172,86,88,168
[152] Sent Broadcast: 1|0,20,31,89,95,1,18,191,26,149,186,142,121,28,193,140,60,148,171,97,61,152,2,59,90
[175] Sent Broadcast: 1|0,20,31,89,95,1,18,191,26,149,186,142,121,28,193,98,156,161,57,59,151,159,53,133,166,175,13
[  2] Sent Broadcast: 1|0,20,31,89,95,1,18,191,26,149,186,142,121,28,193,98,156,161,2,151,15,19,59,90,152
[171] Sent Broadcast: 1|0,20,31,89,95,1,18,191,26,149,186,142,121,28,193,140,60,148,171,40,69,105
[ 43] Sent Broadcast: 1|0,20,31,89,95,1,18,191,26,149,186,142,121,28,193,98,156,161,57,59,151,159,53,133,166,175,13,162,43,110,172,88,124
[ 90] Sent Broadcast: 1|0,20,31,89,95,1,18,191,26,149,186,142,121,28,193,98,156,161,2,151,15,19,59,90,152,133
[ 90] Received message from  59: 1|0,20,31,89,95,1,18,191,26,149,186,142,121,28,193,98,156,161,57,59,151,159,2,15,19,90,133,152,166
[ 86] Sent Broadcast: 1|0,20,31,89,95,1,18,191,26,149,186,142,121,28,193,98,156,161,57,59,151,159,53,133,166,175,13,162,43,110,172,88,124,86,126,168,131
[131] Received message from 126: 1|0,20,31,89,95,1,18,191,26,149,186,142,121,28,193,98,156,161,57,59,151,159,53,133,166,175,13,162,43,110,172,88,124,86,126,168,131
[126] Sent Broadcast: 1|0,20,31,89,95,1,18,191,26,149,186,142,121,28,193,98,156,161,57,59,151,159,53,133,166,175,13,162,43,110,172,88,124,86,126,168,131
[133] Received message from 159: 1|0,20,31,89,95,1,18,191,26,149,186,142,121,28,193,98,156,161,57,59,151,159,53,133,166,175
[168] Received message from  88: 1|0,20,31,89,95,1,18,191,26,149,186,142,121,28,193,98,156,161,57,59,151,159,53,133,166,175,13,162,43,110,172,88,124,86,126,168
[172] Received message from  13: 1|0,20,31,89,95,1,18,191,26,149,186,142,121,28,193,98,156,161,57,59,151,159,53,133,166,175,13,162,43,110,172
[194] Received message from  23: 1|0,20,31,89,95,1,18,191,26,149,186,142,121,28,193,140,60,148,171,63,69,105,23,55,78,194
[ 13] Sent Broadcast: 1|0,20,31,89,95,1,18,191,26,149,186,142,121,28,193,98,156,161,57,59,151,159,53,133,166,175,13,162,43,110,172
[ 88] Received message from 172: 1|20,31,89,95,1,18,191,26,149,186,142,121,28,193,98,156,161,57,59,151,159,53,133,166,175,13,162,43,172,86,88,110,124
[ 23] Sent Broadcast: 1|0,20,31,89,95,1,18,191,26,149,186,142,121,28,193,140,60,148,171,63,69,105,23,55,78,194
[ 88] Sent Broadcast: 1|0,20,31,89,95,1,18,191,26,149,186,142,121,28,193,98,156,161,57,59,151,159,53,133,166,175,13,162,43,110,172,88,124,86,126,168
[133] Received message from  59: 1|0,20,31,89,95,1,18,191,26,149,186,142,121,28,193,98,156,161,57,59,151,159,2,15,19,90,133,152,166
[159] Received message from 166: 1|0,20,31,89,95,1,18,191,26,149,186,142,121,28,193,98,156,161,2,151,15,19,59,90,152,133,166,53,57,159,175
[ 88] Received message from 110: 1|0,20,31,89,95,1,18,191,26,149,186,142,121,28,193,98,156,161,57,59,151,159,53,133,166,175,13,162,43,110,172,86,88,168
[166] Received message from 159: 1|0,20,31,89,95,1,18,191,26,149,186,142,121,28,193,98,156,161,57,59,151,159,53,133,166,175
[131] Received message from 168: 1|0,20,31,89,95,1,18,191,26,149,186,142,121,28,193,98,156,161,57,59,151,159,53,133,166,175,13,162,43,110,172,88,124,86,126,168,131
[110] Received message from 172: 1|20,31,89,95,1,18,191,26,149,186,142,121,28,193,98,156,161,57,59,151,159,53,133,166,175,13,162,43,172,86,88,110,124
[175] Received message from 166: 1|0,20,31,89,95,1,18,191,26,149,186,142,121,28,193,98,156,161,2,151,15,19,59,90,152,133,166,53,57,159,175
[152] Received message from  59: 1|0,20,31,89,95,1,18,191,26,149,186,142,121,28,193,98,156,161,57,59,151,159,2,15,19,90,133,152,166
[168] Sent Broadcast: 1|0,20,31,89,95,1,18,191,26,149,186,142,121,28,193,98,156,161,57,59,151,159,53,133,166,175,13,162,43,110,172,88,124,86,126,168,131
[166] Sent Broadcast: 1|0,20,31,89,95,1,18,191,26,149,186,142,121,28,193,98,156,161,2,151,15,19,59,90,152,133,166,53,57,159,175
[168] Received message from 110: 1|0,20,31,89,95,1,18,191,26,149,186,142,121,28,193,98,156,161,57,59,151,159,53,133,166,175,13,162,43,110,172,86,88,168
[110] Sent Broadcast: 1|0,20,31,89,95,1,18,191,26,149,186,142,121,28,193,98,156,161,57,59,151,159,53,133,166,175,13,162,43,110,172,86,88,168
[159] Received message from 151: 1|0,20,31,89,95,1,18,191,26,149,186,142,121,28,193,98,156,161,2,151,57,59,133,159,166
[175] Received message from 159: 1|0,20,31,89,95,1,18,191,26,149,186,142,121,28,193,98,156,161,57,59,151,159,53,133,166,175
[124] Received message from 172: 1|20,31,89,95,1,18,191,26,149,186,142,121,28,193,98,156,161,57,59,151,159,53,133,166,175,13,162,43,172,86,88,110,124
[166] Received message from  59: 1|0,20,31,89,95,1,18,191,26,149,186,142,121,28,193,98,156,161,57,59,151,159,2,15,19,90,133,152,166
[159] Sent Broadcast: 1|0,20,31,89,95,1,18,191,26,149,186,142,121,28,193,98,156,161,57,59,151,159,53,133,166,175
[ 59] Sent Broadcast: 1|0,20,31,89,95,1,18,191,26,149,186,142,121,28,193,98,156,161,57,59,151,159,2,15,19,90,133,152,166
[172] Sent Broadcast: 1|20,31,89,95,1,18,191,26,149,186,142,121,28,193,98,156,161,57,59,151,159,53,133,166,175,13,162,43,172,86,88,110,124
[166] Received message from 151: 1|0,20,31,89,95,1,18,191,26,149,186,142,121,28,193,98,156,161,2,151,57,59,133,159,166
[151] Sent Broadcast: 1|0,20,31,89,95,1,18,191,26,149,186,142,121,28,193,98,156,161,2,151,57,59,133,159,166
[ 71] Received message from   3: 3|0,71,112,116,130,150,181
[ 21] Received message from  71: 3|0,71,112,116,130,150,181,3,21
[ 71] Sent Broadcast: 3|0,71,112,116,130,150,181,3,21
[112] Received message from   3: 3|0,71,112,116,130,150,181
[ 58] Received message from  21: 3|0,71,112,116,130,150,181,3,21,58,125
[116] Received message from   3: 3|0,71,112,116,130,150,181
[125] Received message from  21: 3|0,71,112,116,130,150,181,3,21,58,125
[ 21] Sent Broadcast: 3|0,71,112,116,130,150,181,3,21,58,125
[ 22] Received message from  58: 3|0,71,112,116,130,150,181,3,21,58,125,22,33,47,199
[ 33] Received message from  58: 3|0,71,112,116,130,150,181,3,21,58,125,22,33,47,199
[ 39] Received message from 116: 3|0,71,112,116,130,150,181,3,39
[116] Sent Broadcast: 3|0,71,112,116,130,150,181,3,39
[ 22] Received message from 125: 3|0,71,112,116,130,150,181,3,21,58,125,22,33,76
[130] Received message from   3: 3|0,71,112,116,130,150,181
[164] Received message from  39: 3|0,71,112,116,130,150,181,3,39,164,197
[ 47] Received message from  58: 3|0,71,112,116,130,150,181,3,21,58,125,22,33,47,199
[ 76] Received message from  22: 3|0,71,112,116,130,150,181,3,21,58,125,22,33,47,199,76
[150] Received message from   3: 3|0,71,112,116,130,150,181
[ 22] Sent Broadcast: 3|0,71,112,116,130,150,181,3,21,58,125,22,33,47,199,76
[ 76] Received message from  33: 3|0,71,112,116,130,150,181,3,21,58,125,22,33,47,199,76
[ 33] Sent Broadcast: 3|0,71,112,116,130,150,181,3,21,58,125,22,33,47,199,76
[ 33] Received message from 125: 3|0,71,112,116,130,150,181,3,21,58,125,22,33,76
[199] Received message from  58: 3|0,71,112,116,130,150,181,3,21,58,125,22,33,47,199
[ 38] Received message from  47: 3|0,71,112,116,130,150,181,3,21,58,125,22,33,47,199,38,72,108
[  6] Received message from 164: 3|0,71,112,116,130,150,181,3,39,164,197,6,7,83,145
[ 58] Sent Broadcast: 3|0,71,112,116,130,150,181,3,21,58,125,22,33,47,199
[ 52] Received message from  76: 3|0,71,112,116,130,150,181,3,21,58,125,22,33,47,199,76,52
[ 72] Received message from  47: 3|0,71,112,116,130,150,181,3,21,58,125,22,33,47,199,38,72,108
[ 76] Sent Broadcast: 3|0,71,112,116,130,150,181,3,21,58,125,22,33,47,199,76,52
[197] Received message from  39: 3|0,71,112,116,130,150,181,3,39,164,197
[ 76] Received message from 125: 3|0,71,112,116,130,150,181,3,21,58,125,22,33,76
[  7] Received message from 164: 3|0,71,112,116,130,150,181,3,39,164,197,6,7,83,145
[125] Sent Broadcast: 3|0,71,112,116,130,150,181,3,21,58,125,22,33,76
[ 39] Sent Broadcast: 3|0,71,112,116,130,150,181,3,39,164,197
[181] Received message from   3: 3|0,71,112,116,130,150,181
[ 51] Received message from   6: 3|0,71,112,116,130,150,181,3,39,164,197,6,7,83,145,51,94,109
[ 21] Received message from 130: 3|0,71,112,116,130,150,181,3,21
[108] Received message from  47: 3|0,71,112,116,130,150,181,3,21,58,125,22,33,47,199,38,72,108
[  3] Sent Broadcast: 3|0,71,112,116,130,150,181
[130] Sent Broadcast: 3|0,71,112,116,130,150,181,3,21
[ 32] Received message from  52: 3|0,71,112,116,130,150,181,3,21,58,125,22,33,47,199,76,52,32
[ 25] Received message from 197: 3|0,71,112,116,130,150,181,3,39,164,197,25,160,174,189
[ 72] Received message from 199: 3|0,71,112,116,130,150,181,3,21,58,125,22,33,47,199,72,108
[ 37] Received message from   7: 3|0,71,112,116,130,150,181,3,39,164,197,6,7,83,145,37,94,111
[ 47] Sent Broadcast: 3|0,71,112,116,130,150,181,3,21,58,125,22,33,47,199,38,72,108
[ 52] Sent Broadcast: 3|0,71,112,116,130,150,181,3,21,58,125,22,33,47,199,76,52,32
[ 83] Received message from 164: 3|0,71,112,116,130,150,181,3,39,164,197,6,7,83,145
[187] Received message from  25: 3|0,71,112,116,130,150,181,3,39,164,197,25,160,174,189,187
[108] Received message from 199: 3|0,71,112,116,130,150,181,3,21,58,125,22,33,47,199,72,108
[160] Received message from 197: 3|0,71,112,116,130,150,181,3,39,164,197,25,160,174,189
[118] Received message from  32: 3|0,71,112,116,130,150,181,3,21,58,125,22,33,47,199,76,52,32,118,135,196,198
[145] Received message from 164: 3|0,71,112,116,130,150,181,3,39,164,197,6,7,83,145
[ 94] Received message from   6: 3|0,71,112,116,130,150,181,3,39,164,197,6,7,83,145,51,94,109
[ 51] Received message from  83: 3|0,71,112,116,130,150,181,3,39,164,197,6,7,83,145,51,94
[199] Sent Broadcast: 3|0,71,112,116,130,150,181,3,21,58,125,22,33,47,199,72,108
[ 25] Sent Broadcast: 3|0,71,112,116,130,150,181,3,39,164,197,25,160,174,189,187
[164] Sent Broadcast: 3|0,71,112,116,130,150,181,3,39,164,197,6,7,83,145
[ 51] Received message from 145: 3|0,71,112,116,130,150,181,3,39,164,197,6,7,83,145,51,94,109,136,144,173,174
[ 94] Received message from   7: 3|0,71,112,116,130,150,181,3,39,164,197,6,7,83,145,37,94,111
[174] Received message from 197: 3|0,71,112,116,130,150,181,3,39,164,197,25,160,174,189
[109] Received message from   6: 3|0,71,112,116,130,150,181,3,39,164,197,6,7,83,145,51,94,109
[187] Received message from 160: 3|0,71,112,116,130,150,181,3,39,164,197,25,160,174,189,187
[135] Received message from  32: 3|0,71,112,116,130,150,181,3,21,58,125,22,33,47,199,76,52,32,118,135,196,198
[ 94] Received message from  83: 3|0,71,112,116,130,150,181,3,39,164,197,6,7,83,145,51,94
[ 83] Sent Broadcast: 3|0,71,112,116,130,150,181,3,39,164,197,6,7,83,145,51,94
[160] Sent Broadcast: 3|0,71,112,116,130,150,181,3,39,164,197,25,160,174,189,187
[  6] Sent Broadcast: 3|0,71,112,116,130,150,181,3,39,164,197,6,7,83,145,51,94,109
[ 94] Received message from 145: 3|0,71,112,116,130,150,181,3,39,164,197,6,7,83,145,51,94,109,136,144,173,174
[ 45] Received message from 118: 3|0,71,112,116,130,150,181,3,21,58,125,22,33,47,199,76,52,32,118,135,196,198,45,48
[196] Received message from  32: 3|0,71,112,116,130,150,181,3,21,58,125,22,33,47,199,76,52,32,118,135,196,198
[111] Received message from   7: 3|0,71,112,116,130,150,181,3,39,164,197,6,7,83,145,37,94,111
[ 50] Received message from 109: 3|0,71,112,116,130,150,181,3,39,164,197,6,7,83,145,51,94,109,50,64,92,136,144,147,173,174
[  7] Sent Broadcast: 3|0,71,112,116,130,150,181,3,39,164,197,6,7,83,145,37,94,111
[189] Received message from 197: 3|0,71,112,116,130,150,181,3,39,164,197,25,160,174,189
[ 12] Received message from 135: 3|0,71,112,116,130,150,181,3,21,58,125,22,33,47,199,76,52,32,118,135,196,198,12
[198] Received message from  32: 3|0,71,112,116,130,150,181,3,21,58,125,22,33,47,199,76,52,32,118,135,196,198
[135] Sent Broadcast: 3|0,71,112,116,130,150,181,3,21,58,125,22,33,47,199,76,52,32,118,135,196,198,12
[109] Received message from 174: 3|0,71,112,116,130,150,181,3,39,164,197,25,160,174,189,109,136,144,145,173
[ 48] Received message from 118: 3|0,71,112,116,130,150,181,3,21,58,125,22,33,47,199,76,52,32,118,135,196,198,45,48
[ 64] Received message from 109: 3|0,71,112,116,130,150,181,3,39,164,197,6,7,83,145,51,94,109,50,64,92,136,144,147,173,174
[118] Sent Broadcast: 3|0,71,112,116,130,150,181,3,21,58,125,22,33,47,199,76,52,32,118,135,196,198,45,48
[ 32] Sent Broadcast: 3|0,71,112,116,130,150,181,3,21,58,125,22,33,47,199,76,52,32,118,135,196,198
[197] Sent Broadcast: 3|0,71,112,116,130,150,181,3,39,164,197,25,160,174,189
[ 56] Received message from  50: 3|0,71,112,116,130,150,181,3,39,164,197,6,7,83,145,51,94,109,50,64,92,136,144,147,173,174,56,113,188,190
[ 12] Received message from 196: 3|0,71,112,116,130,150,181,3,21,58,125,22,33,47,199,76,52,32,118,135,196,198,12
[109] Received message from 145: 3|0,71,112,116,130,150,181,3,39,164,197,6,7,83,145,51,94,109,136,144,173,174
[ 14] Received message from  48: 3|0,71,112,116,130,150,181,3,21,58,125,22,33,47,199,76,52,32,118,135,196,198,45,48,14
[136] Received message from 174: 3|0,71,112,116,130,150,181,3,39,164,197,25,160,174,189,109,136,144,145,173
[ 92] Received message from 109: 3|0,71,112,116,130,150,181,3,39,164,197,6,7,83,145,51,94,109,50,64,92,136,144,147,173,174
[196] Sent Broadcast: 3|0,71,112,116,130,150,181,3,21,58,125,22,33,47,199,76,52,32,118,135,196,198,12
[ 48] Sent Broadcast: 3|0,71,112,116,130,150,181,3,21,58,125,22,33,47,199,76,52,32,118,135,196,198,45,48,14
[ 12] Received message from 198: 3|0,71,112,116,130,150,181,3,21,58,125,22,33,47,199,76,52,32,118,135,196,198,12,17
[113] Received message from  50: 3|0,71,112,116,130,150,181,3,39,164,197,6,7,83,145,51,94,109,50,64,92,136,144,147,173,174,56,113,188,190
[136] Received message from 145: 3|0,71,112,116,130,150,181,3,39,164,197,6,7,83,145,51,94,109,136,144,173,174
[157] Received message from  14: 3|0,71,112,116,130,150,181,3,21,58,125,22,33,47,199,76,52,32,118,135,196,198,45,48,14,157,163,179
[187] Received message from 189: 3|0,71,112,116,130,150,181,3,39,164,197,25,160,174,189,187
[144] Received message from 174: 3|0,71,112,116,130,150,181,3,39,164,197,25,160,174,189,109,136,144,145,173
[154] Received message from  56: 3|71,112,116,130,150,181,3,39,164,197,6,7,83,145,51,94,109,50,64,92,136,144,147,173,174,56,113,188,190,154
[136] Received message from 109: 3|0,71,112,116,130,150,181,3,39,164,197,6,7,83,145,51,94,109,50,64,92,136,144,147,173,174
[ 50] Received message from 136: 3|0,71,112,116,130,150,181,3,39,164,197,25,160,174,189,109,136,144,145,173,50,64,92,147
[189] Sent Broadcast: 3|0,71,112,116,130,150,181,3,39,164,197,25,160,174,189,187
[ 56] Sent Broadcast: 3|71,112,116,130,150,181,3,39,164,197,6,7,83,145,51,94,109,50,64,92,136,144,147,173,174,56,113,188,190,154
[ 17] Received message from 198: 3|0,71,112,116,130,150,181,3,21,58,125,22,33,47,199,76,52,32,118,135,196,198,12,17
[163] Received message from  14: 3|0,71,112,116,130,150,181,3,21,58,125,22,33,47,199,76,52,32,118,135,196,198,45,48,14,157,163,179
[144] Received message from 145: 3|0,71,112,116,130,150,181,3,39,164,197,6,7,83,145,51,94,109,136,144,173,174
[144] Received message from 109: 3|0,71,112,116,130,150,181,3,39,164,197,6,7,83,145,51,94,109,50,64,92,136,144,147,173,174
[104] Received message from 157: 3|0,71,112,116,130,150,181,3,21,58,125,22,33,47,199,76,52,32,118,135,196,198,45,48,14,157,163,179,104,129
[ 50] Received message from 144: 3|0,71,112,116,130,150,181,3,39,164,197,25,160,174,189,109,136,144,145,173,50,64,92,147
[ 56] Received message from  92: 3|0,71,112,116,130,150,181,3,39,164,197,6,7,83,145,51,94,109,50,64,92,136,144,147,173,174,56,113,154,188,190
[198] Sent Broadcast: 3|0,71,112,116,130,150,181,3,21,58,125,22,33,47,199,76,52,32,118,135,196,198,12,17
[127] Received message from 154: 3|112,116,130,150,181,3,39,164,197,6,7,83,145,51,94,109,50,64,92,136,144,147,173,174,56,113,188,190,154,127
[154] Sent Broadcast: 3|112,116,130,150,181,3,39,164,197,6,7,83,145,51,94,109,50,64,92,136,144,147,173,174,56,113,188,190,154,127
[ 75] Received message from 113: 3|71,112,116,130,150,181,3,39,164,197,6,7,83,145,51,94,109,50,64,92,136,144,147,173,174,56,113,188,190,75
[145] Received message from 174: 3|0,71,112,116,130,150,181,3,39,164,197,25,160,174,189,109,136,144,145,173
[ 64] Received message from 136: 3|0,71,112,116,130,150,181,3,39,164,197,25,160,174,189,109,136,144,145,173,50,64,92,147
[188] Received message from  50: 3|0,71,112,116,130,150,181,3,39,164,197,6,7,83,145,51,94,109,50,64,92,136,144,147,173,174,56,113,188,190
[113] Sent Broadcast: 3|71,112,116,130,150,181,3,39,164,197,6,7,83,145,51,94,109,50,64,92,136,144,147,173,174,56,113,188,190,75
[ 64] Received message from 144: 3|0,71,112,116,130,150,181,3,39,164,197,25,160,174,189,109,136,144,145,173,50,64,92,147
[117] Received message from 104: 3|71,112,116,130,150,181,3,21,58,125,22,33,47,199,76,52,32,118,135,196,198,45,48,14,157,163,179,104,129,117
[ 56] Received message from  64: 3|0,71,112,116,130,150,181,3,39,164,197,6,7,83,145,51,94,109,50,64,92,136,144,147,173,174,56,188,190
[129] Received message from 157: 3|0,71,112,116,130,150,181,3,21,58,125,22,33,47,199,76,52,32,118,135,196,198,45,48,14,157,163,179,104,129
[179] Received message from  14: 3|0,71,112,116,130,150,181,3,21,58,125,22,33,47,199,76,52,32,118,135,196,198,45,48,14,157,163,179
[113] Received message from  92: 3|0,71,112,116,130,150,181,3,39,164,197,6,7,83,145,51,94,109,50,64,92,136,144,147,173,174,56,113,154,188,190
[147] Received message from 109: 3|0,71,112,116,130,150,181,3,39,164,197,6,7,83,145,51,94,109,50,64,92,136,144,147,173,174
[173] Received message from 145: 3|0,71,112,116,130,150,181,3,39,164,197,6,7,83,145,51,94,109,136,144,173,174
[ 14] Sent Broadcast: 3|0,71,112,116,130,150,181,3,21,58,125,22,33,47,199,76,52,32,118,135,196,198,45,48,14,157,163,179
[ 11] Received message from 163: 3|0,71,112,116,130,150,181,3,21,58,125,22,33,47,199,76,52,32,118,135,196,198,45,48,14,157,163,179,11,35,96
[ 92] Received message from 136: 3|0,71,112,116,130,150,181,3,39,164,197,25,160,174,189,109,136,144,145,173,50,64,92,147
[ 42] Received message from 127: 3|116,130,150,181,3,39,164,197,6,7,83,145,51,94,109,50,64,92,136,144,147,173,174,56,113,188,190,154,127,42,73,106
[182] Received message from 117: 3|112,116,130,150,181,3,21,58,125,22,33,47,199,76,52,32,118,135,196,198,45,48,14,157,163,179,104,129,117,182
[ 50] Received message from 173: 3|0,71,112,116,130,150,181,3,39,164,197,6,7,83,145,51,94,109,136,144,173,174,50,56,64,92,147
[ 92] Received message from 144: 3|0,71,112,116,130,150,181,3,39,164,197,25,160,174,189,109,136,144,145,173,50,64,92,147
[117] Received message from 129: 3|71,112,116,130,150,181,3,21,58,125,22,33,47,199,76,52,32,118,135,196,198,45,48,14,157,163,179,104,129,117
[157] Sent Broadcast: 3|0,71,112,116,130,150,181,3,21,58,125,22,33,47,199,76,52,32,118,135,196,198,45,48,14,157,163,179,104,129
[104] Sent Broadcast: 3|71,112,116,130,150,181,3,21,58,125,22,33,47,199,76,52,32,118,135,196,198,45,48,14,157,163,179,104,129,117
[117] Sent Broadcast: 3|112,116,130,150,181,3,21,58,125,22,33,47,199,76,52,32,118,135,196,198,45,48,14,157,163,179,104,129,117,182
[ 56] Received message from 147: 3|0,71,112,116,130,150,181,3,39,164,197,6,7,83,145,51,94,109,50,64,92,136,144,147,173,174,56,190
[190] Received message from  50: 3|0,71,112,116,130,150,181,3,39,164,197,6,7,83,145,51,94,109,50,64,92,136,144,147,173,174,56,113,188,190
[103] Received message from  75: 3|112,116,130,150,181,3,39,164,197,6,7,83,145,51,94,109,50,64,92,136,144,147,173,174,56,113,188,190,75,103,137
[188] Received message from  64: 3|0,71,112,116,130,150,181,3,39,164,197,6,7,83,145,51,94,109,50,64,92,136,144,147,173,174,56,188,190
[173] Received message from 174: 3|0,71,112,116,130,150,181,3,39,164,197,25,160,174,189,109,136,144,145,173
[147] Received message from 136: 3|0,71,112,116,130,150,181,3,39,164,197,25,160,174,189,109,136,144,145,173,50,64,92,147
[ 73] Received message from 127: 3|116,130,150,181,3,39,164,197,6,7,83,145,51,94,109,50,64,92,136,144,147,173,174,56,113,188,190,154,127,42,73,106
[154] Received message from  92: 3|0,71,112,116,130,150,181,3,39,164,197,6,7,83,145,51,94,109,50,64,92,136,144,147,173,174,56,113,154,188,190
[ 35] Received message from 163: 3|0,71,112,116,130,150,181,3,21,58,125,22,33,47,199,76,52,32,118,135,196,198,45,48,14,157,163,179,11,35,96
[158] Received message from  42: 3|116,130,150,181,3,39,164,197,6,7,83,145,51,94,109,50,64,92,136,144,147,173,174,56,113,188,190,154,127,42,73,106,158,167
[190] Received message from 147: 3|0,71,112,116,130,150,181,3,39,164,197,6,7,83,145,51,94,109,50,64,92,136,144,147,173,174,56,190
[174] Sent Broadcast: 3|0,71,112,116,130,150,181,3,39,164,197,25,160,174,189,109,136,144,145,173
[129] Sent Broadcast: 3|71,112,116,130,150,181,3,21,58,125,22,33,47,199,76,52,32,118,135,196,198,45,48,14,157,163,179,104,129,117
[ 50] Sent Broadcast: 3|0,71,112,116,130,150,181,3,39,164,197,6,7,83,145,51,94,109,50,64,92,136,144,147,173,174,56,113,188,190
[174] Received message from 145: 3|0,71,112,116,130,150,181,3,39,164,197,6,7,83,145,51,94,109,136,144,173,174
[147] Received message from 144: 3|0,71,112,116,130,150,181,3,39,164,197,25,160,174,189,109,136,144,145,173,50,64,92,147
[136] Sent Broadcast: 3|0,71,112,116,130,150,181,3,39,164,197,25,160,174,189,109,136,144,145,173,50,64,92,147
[173] Received message from 109: 3|0,71,112,116,130,150,181,3,39,164,197,6,7,83,145,51,94,109,50,64,92,136,144,147,173,174
[ 56] Received message from 173: 3|0,71,112,116,130,150,181,3,39,164,197,6,7,83,145,51,94,109,136,144,173,174,50,56,64,92,147
[190] Received message from  64: 3|0,71,112,116,130,150,181,3,39,164,197,6,7,83,145,51,94,109,50,64,92,136,144,147,173,174,56,188,190
[139] Received message from 103: 3|112,116,130,150,181,3,39,164,197,6,7,83,145,51,94,109,50,64,92,136,144,147,173,174,56,113,188,190,75,103,137,139
[106] Received message from 127: 3|116,130,150,181,3,39,164,197,6,7,83,145,51,94,109,50,64,92,136,144,147,173,174,56,113,188,190,154,127,42,73,106
[ 79] Received message from  73: 3|116,130,150,181,3,39,164,197,6,7,83,145,51,94,109,50,64,92,136,144,147,173,174,56,113,188,190,154,127,42,73,106,79,183
[145] Sent Broadcast: 3|0,71,112,116,130,150,181,3,39,164,197,6,7,83,145,51,94,109,136,144,173,174
[144] Sent Broadcast: 3|0,71,112,116,130,150,181,3,39,164,197,25,160,174,189,109,136,144,145,173,50,64,92,147
[147] Sent Broadcast: 3|0,71,112,116,130,150,181,3,39,164,197,6,7,83,145,51,94,109,50,64,92,136,144,147,173,174,56,190
[ 64] Sent Broadcast: 3|0,71,112,116,130,150,181,3,39,164,197,6,7,83,145,51,94,109,50,64,92,136,144,147,173,174,56,188,190
[127] Sent Broadcast: 3|116,130,150,181,3,39,164,197,6,7,83,145,51,94,109,50,64,92,136,144,147,173,174,56,113,188,190,154,127,42,73,106
[137] Received message from  75: 3|112,116,130,150,181,3,39,164,197,6,7,83,145,51,94,109,50,64,92,136,144,147,173,174,56,113,188,190,75,103,137
[103] Sent Broadcast: 3|112,116,130,150,181,3,39,164,197,6,7,83,145,51,94,109,50,64,92,136,144,147,173,174,56,113,188,190,75,103,137,139
[ 75] Sent Broadcast: 3|112,116,130,150,181,3,39,164,197,6,7,83,145,51,94,109,50,64,92,136,144,147,173,174,56,113,188,190,75,103,137
[ 79] Received message from 139: 3|112,116,130,150,181,3,39,164,197,6,7,83,145,51,94,109,50,64,92,136,144,147,173,174,56,113,188,190,75,103,137,139,79,153,183
[174] Received message from 109: 3|0,71,112,116,130,150,181,3,39,164,197,6,7,83,145,51,94,109,50,64,92,136,144,147,173,174
[167] Received message from  42: 3|116,130,150,181,3,39,164,197,6,7,83,145,51,94,109,50,64,92,136,144,147,173,174,56,113,188,190,154,127,42,73,106,158,167
[158] Received message from 106: 3|116,130,150,181,3,39,164,197,6,7,83,145,51,94,109,50,64,92,136,144,147,173,174,56,113,188,190,154,127,42,73,106,158,167
[188] Received message from  92: 3|0,71,112,116,130,150,181,3,39,164,197,6,7,83,145,51,94,109,50,64,92,136,144,147,173,174,56,113,154,188,190
[ 64] Received message from 173: 3|0,71,112,116,130,150,181,3,39,164,197,6,7,83,145,51,94,109,136,144,173,174,50,56,64,92,147
[183] Received message from  73: 3|116,130,150,181,3,39,164,197,6,7,83,145,51,94,109,50,64,92,136,144,147,173,174,56,113,188,190,154,127,42,73,106,79,183
[109] Sent Broadcast: 3|0,71,112,116,130,150,181,3,39,164,197,6,7,83,145,51,94,109,50,64,92,136,144,147,173,174
[ 73] Sent Broadcast: 3|116,130,150,181,3,39,164,197,6,7,83,145,51,94,109,50,64,92,136,144,147,173,174,56,113,188,190,154,127,42,73,106,79,183
[ 42] Sent Broadcast: 3|116,130,150,181,3,39,164,197,6,7,83,145,51,94,109,50,64,92,136,144,147,173,174,56,113,188,190,154,127,42,73,106,158,167
[153] Received message from 139: 3|112,116,130,150,181,3,39,164,197,6,7,83,145,51,94,109,50,64,92,136,144,147,173,174,56,113,188,190,75,103,137,139,79,153,183
[139] Received message from  79: 3|116,130,150,181,3,39,164,197,6,7,83,145,51,94,109,50,64,92,136,144,147,173,174,56,113,188,190,154,127,42,73,106,79,183,139
[167] Received message from 106: 3|116,130,150,181,3,39,164,197,6,7,83,145,51,94,109,50,64,92,136,144,147,173,174,56,113,188,190,154,127,42,73,106,158,167
[ 79] Sent Broadcast: 3|116,130,150,181,3,39,164,197,6,7,83,145,51,94,109,50,64,92,136,144,147,173,174,56,113,188,190,154,127,42,73,106,79,183,139
[ 92] Received message from 173: 3|0,71,112,116,130,150,181,3,39,164,197,6,7,83,145,51,94,109,136,144,173,174,50,56,64,92,147
[106] Sent Broadcast: 3|116,130,150,181,3,39,164,197,6,7,83,145,51,94,109,50,64,92,136,144,147,173,174,56,113,188,190,154,127,42,73,106,158,167
[139] Received message from 183: 3|116,130,150,181,3,39,164,197,6,7,83,145,51,94,109,50,64,92,136,144,147,173,174,56,113,188,190,154,127,42,73,106,79,183,139
[183] Received message from 139: 3|112,116,130,150,181,3,39,164,197,6,7,83,145,51,94,109,50,64,92,136,144,147,173,174,56,113,188,190,75,103,137,139,79,153,183
[ 96] Received message from 163: 3|0,71,112,116,130,150,181,3,21,58,125,22,33,47,199,76,52,32,118,135,196,198,45,48,14,157,163,179,11,35,96
[163] Sent Broadcast: 3|0,71,112,116,130,150,181,3,21,58,125,22,33,47,199,76,52,32,118,135,196,198,45,48,14,157,163,179,11,35,96
[139] Sent Broadcast: 3|112,116,130,150,181,3,39,164,197,6,7,83,145,51,94,109,50,64,92,136,144,147,173,174,56,113,188,190,75,103,137,139,79,153,183
[183] Sent Broadcast: 3|116,130,150,181,3,39,164,197,6,7,83,145,51,94,109,50,64,92,136,144,147,173,174,56,113,188,190,154,127,42,73,106,79,183,139
[139] Received message from 137: 3|112,116,130,150,181,3,39,164,197,6,7,83,145,51,94,109,50,64,92,136,144,147,173,174,56,113,188,190,75,103,137,139,153
[147] Received message from 173: 3|0,71,112,116,130,150,181,3,39,164,197,6,7,83,145,51,94,109,136,144,173,174,50,56,64,92,147
[173] Sent Broadcast: 3|0,71,112,116,130,150,181,3,39,164,197,6,7,83,145,51,94,109,136,144,173,174,50,56,64,92,147
[190] Received message from  92: 3|0,71,112,116,130,150,181,3,39,164,197,6,7,83,145,51,94,109,50,64,92,136,144,147,173,174,56,113,154,188,190
[ 92] Sent Broadcast: 3|0,71,112,116,130,150,181,3,39,164,197,6,7,83,145,51,94,109,50,64,92,136,144,147,173,174,56,113,154,188,190
[ 54] Received message from 153: 3|112,116,130,150,181,3,39,164,197,6,7,83,145,51,94,109,50,64,92,136,144,147,173,174,56,113,188,190,75,103,137,139,79,153,183,54,84,119
[153] Received message from 137: 3|112,116,130,150,181,3,39,164,197,6,7,83,145,51,94,109,50,64,92,136,144,147,173,174,56,113,188,190,75,103,137,139,153
[137] Sent Broadcast: 3|112,116,130,150,181,3,39,164,197,6,7,83,145,51,94,109,50,64,92,136,144,147,173,174,56,113,188,190,75,103,137,139,153
[ 84] Received message from 153: 3|112,116,130,150,181,3,39,164,197,6,7,83,145,51,94,109,50,64,92,136,144,147,173,174,56,113,188,190,75,103,137,139,79,153,183,54,84,119
[119] Received message from 153: 3|112,116,130,150,181,3,39,164,197,6,7,83,145,51,94,109,50,64,92,136,144,147,173,174,56,113,188,190,75,103,137,139,79,153,183,54,84,119
[153] Sent Broadcast: 3|112,116,130,150,181,3,39,164,197,6,7,83,145,51,94,109,50,64,92,136,144,147,173,174,56,113,188,190,75,103,137,139,79,153,183,54,84,119
[ 30] Received message from  54: 3|112,116,130,150,181,3,39,164,197,6,7,83,145,51,94,109,50,64,92,136,144,147,173,174,56,113,188,190,75,103,137,139,79,153,183,54,84,119,30,120
[ 30] Received message from  84: 3|112,116,130,150,181,3,39,164,197,6,7,83,145,51,94,109,50,64,92,136,144,147,173,174,56,113,188,190,75,103,137,139,79,153,183,54,84,119,30,120
[120] Received message from 119: 3|112,116,130,150,181,3,39,164,197,6,7,83,145,51,94,109,50,64,92,136,144,147,173,174,56,113,188,190,75,103,137,139,79,153,183,54,84,119,120
[119] Sent Broadcast: 3|112,116,130,150,181,3,39,164,197,6,7,83,145,51,94,109,50,64,92,136,144,147,173,174,56,113,188,190,75,103,137,139,79,153,183,54,84,119,120
[120] Received message from  54: 3|112,116,130,150,181,3,39,164,197,6,7,83,145,51,94,109,50,64,92,136,144,147,173,174,56,113,188,190,75,103,137,139,79,153,183,54,84,119,30,120
[ 54] Sent Broadcast: 3|112,116,130,150,181,3,39,164,197,6,7,83,145,51,94,109,50,64,92,136,144,147,173,174,56,113,188,190,75,103,137,139,79,153,183,54,84,119,30,120
[ 30] Received message from 120: 3|112,116,130,150,181,3,39,164,197,6,7,83,145,51,94,109,50,64,92,136,144,147,173,174,56,113,188,190,75,103,137,139,79,153,183,54,84,119,120,30
[120] Received message from  84: 3|112,116,130,150,181,3,39,164,197,6,7,83,145,51,94,109,50,64,92,136,144,147,173,174,56,113,188,190,75,103,137,139,79,153,183,54,84,119,30,120
[ 84] Sent Broadcast: 3|112,116,130,150,181,3,39,164,197,6,7,83,145,51,94,109,50,64,92,136,144,147,173,174,56,113,188,190,75,103,137,139,79,153,183,54,84,119,30,120
[120] Sent Broadcast: 3|112,116,130,150,181,3,39,164,197,6,7,83,145,51,94,109,50,64,92,136,144,147,173,174,56,113,188,190,75,103,137,139,79,153,183,54,84,119,120,30
[  5] Received message from   4: 4|0,5,155
[155] Received message from   4: 4|0,5,155
[  4] Sent Broadcast: 4|0,5,155
[177] Received message from 155: 4|0,5,155,4,177,200
[200] Received message from 155: 4|0,5,155,4,177,200
[ 10] Received message from 177: 4|0,5,155,4,177,200,10,24,87
[155] Sent Broadcast: 4|0,5,155,4,177,200
[ 24] Received message from 177: 4|0,5,155,4,177,200,10,24,87
[ 70] Received message from  10: 4|0,5,155,4,177,200,10,24,87,70,101,102,138,165
[ 80] Received message from 200: 4|0,5,155,4,177,200,80,115
[ 87] Received message from 177: 4|0,5,155,4,177,200,10,24,87
[177] Sent Broadcast: 4|0,5,155,4,177,200,10,24,87
[101] Received message from  10: 4|0,5,155,4,177,200,10,24,87,70,101,102,138,165
[115] Received message from 200: 4|0,5,155,4,177,200,80,115
[200] Sent Broadcast: 4|0,5,155,4,177,200,80,115
[114] Received message from  80: 4|0,5,155,4,177,200,80,115,114
[ 80] Sent Broadcast: 4|0,5,155,4,177,200,80,115,114
[102] Received message from  10: 4|0,5,155,4,177,200,10,24,87,70,101,102,138,165
[122] Received message from 114: 4|0,5,155,4,177,200,80,115,114,122,146
[114] Received message from 115: 4|0,5,155,4,177,200,80,115,114
[115] Sent Broadcast: 4|0,5,155,4,177,200,80,115,114
[102] Received message from  87: 4|0,5,155,4,177,200,10,24,87,102,138
[138] Received message from  10: 4|0,5,155,4,177,200,10,24,87,70,101,102,138,165
[146] Received message from 114: 4|0,5,155,4,177,200,80,115,114,122,146
[114] Sent Broadcast: 4|0,5,155,4,177,200,80,115,114,122,146
[165] Received message from  10: 4|0,5,155,4,177,200,10,24,87,70,101,102,138,165
[138] Received message from  87: 4|0,5,155,4,177,200,10,24,87,102,138
[ 10] Sent Broadcast: 4|0,5,155,4,177,200,10,24,87,70,101,102,138,165
[ 87] Sent Broadcast: 4|0,5,155,4,177,200,10,24,87,102,138
[ 27] Received message from   9: 9|0,27,91,123
[ 91] Received message from   9: 9|0,27,91,123
[123] Received message from   9: 9|0,27,91,123
[  9] Sent Broadcast: 9|0,27,91,123
[ 74] Received message from  16: 16|0,74,100
[100] Received message from  16: 16|0,74,100
[ 16] Sent Broadcast: 16|0,74,100
[ 49] Received message from  29: 29|0,49,192
[192] Received message from  29: 29|0,49,192
[ 29] Sent Broadcast: 29|0,49,192
[ 41] Received message from  36: 36|0,41,68,107,128
[ 68] Received message from  36: 36|0,41,68,107,128
[107] Received message from  36: 36|0,41,68,107,128
[128] Received message from  36: 36|0,41,68,107,128
[ 36] Sent Broadcast: 36|0,41,68,107,128
[180] Received message from 128: 36|0,41,68,107,128,36,180
[128] Sent Broadcast: 36|0,41,68,107,128,36,180
[132] Received message from 180: 36|0,41,68,107,128,36,180,132
[180] Sent Broadcast: 36|0,41,68,107,128,36,180,132
[ 81] Received message from  46: 46|0,81,143
[143] Received message from  46: 46|0,81,143
[ 46] Sent Broadcast: 46|0,81,143
[195] Received message from  62: 62|0,195
[ 62] Sent Broadcast: 62|0,195
[184] Received message from 195: 62|0,195,62,184
[195] Sent Broadcast: 62|0,195,62,184
[169] Received message from 184: 62|0,195,62,184,169
[184] Sent Broadcast: 62|0,195,62,184,169
[ 85] Received message from 169: 62|0,195,62,184,169,85,134,170
[134] Received message from 169: 62|0,195,62,184,169,85,134,170
[ 82] Received message from  85: 62|0,195,62,184,169,85,134,170,82
[ 85] Sent Broadcast: 62|0,195,62,184,169,85,134,170,82
[170] Received message from 169: 62|0,195,62,184,169,85,134,170
[169] Sent Broadcast: 62|0,195,62,184,169,85,134,170
[178] Received message from  66: 66|0,178
[ 66] Sent Broadcast: 66|0,178
