[ 14] Received message from   1: 1|0,14,20,134,154,189
[ 20] Received message from   1: 1|0,14,20,134,154,189
[  8] Received message from  14: 1|0,14,20,134,154,189,1,8,183
[134] Received message from   1: 1|0,14,20,134,154,189
[  8] Received message from  20: 1|0,14,20,134,154,189,1,8,137,183
[ 74] Received message from   8: 1|0,14,20,134,154,189,1,8,183,74,137
[  8] Received message from 134: 1|0,14,20,134,154,189,1,8,137,183
[183] Received message from  14: 1|0,14,20,134,154,189,1,8,183
[154] Received message from   1: 1|0,14,20,134,154,189
[137] Received message from  20: 1|0,14,20,134,154,189,1,8,137,183
[ 14] Sent Broadcast: 1|0,14,20,134,154,189,1,8,183
[200] Received message from 154: 1|0,14,20,134,154,189,1,200
[131] Received message from  74: 1|0,14,20,134,154,189,1,8,183,74,137,131
[ 74] Received message from 183: 1|0,14,20,134,154,189,1,8,183,74,131,137
[137] Received message from   8: 1|0,14,20,134,154,189,1,8,183,74,137
[189] Received message from   1: 1|0,14,20,134,154,189
[183] Received message from  20: 1|0,14,20,134,154,189,1,8,137,183
[154] Sent Broadcast: 1|0,14,20,134,154,189,1,200
[ 74] Received message from 137: 1|0,14,20,134,154,189,1,8,137,183,74,131
[ 74] Sent Broadcast: 1|0,14,20,134,154,189,1,8,183,74,137,131
[  8] Sent Broadcast: 1|0,14,20,134,154,189,1,8,183,74,137
[137] Received message from 134: 1|0,14,20,134,154,189,1,8,137,183
[  1] Sent Broadcast: 1|0,14,20,134,154,189
[ 30] Received message from 200: 1|0,14,20,134,154,189,1,200,30,56,99,135,176
[106] Received message from 131: 1|0,14,20,134,154,189,1,8,183,74,137,131,106,167,169
[ 20] Sent Broadcast: 1|0,14,20,134,154,189,1,8,137,183
[131] Received message from 183: 1|0,14,20,134,154,189,1,8,183,74,131,137
[163] Received message from 189: 1|0,14,20,134,154,189,1,163
[167] Received message from 131: 1|0,14,20,134,154,189,1,8,183,74,137,131,106,167,169
[131] Received message from 137: 1|0,14,20,134,154,189,1,8,137,183,74,131
[ 56] Received message from 200: 1|0,14,20,134,154,189,1,200,30,56,99,135,176
[183] Received message from 134: 1|0,14,20,134,154,189,1,8,137,183
[ 94] Received message from 106: 1|0,14,20,134,154,189,1,8,183,74,137,131,106,167,169,94,108
[ 49] Received message from  30: 1|0,14,20,134,154,189,1,200,30,56,99,135,176,49,170,182
[189] Sent Broadcast: 1|0,14,20,134,154,189,1,163
[137] Sent Broadcast: 1|0,14,20,134,154,189,1,8,137,183,74,131
[134] Sent Broadcast: 1|0,14,20,134,154,189,1,8,137,183
[108] Received message from 167: 1|0,14,20,134,154,189,1,8,183,74,137,131,106,167,169,108,150
[120] Received message from 163: 1|0,14,20,134,154,189,1,163,120,153,168,181
[169] Received message from 131: 1|0,14,20,134,154,189,1,8,183,74,137,131,106,167,169
[137] Received message from 183: 1|0,14,20,134,154,189,1,8,183,74,131,137
[108] Received message from 106: 1|0,14,20,134,154,189,1,8,183,74,137,131,106,167,169,94,108
[  2] Received message from  49: 1|0,14,20,134,154,189,1,200,30,56,99,135,176,49,170,182,2,17,82,111
[170] Received message from  56: 1|0,14,20,134,154,189,1,200,30,56,99,135,176,170
[ 99] Received message from 200: 1|0,14,20,134,154,189,1,200,30,56,99,135,176
[131] Sent Broadcast: 1|0,14,20,134,154,189,1,8,183,74,137,131,106,167,169
[183] Sent Broadcast: 1|0,14,20,134,154,189,1,8,183,74,131,137
[106] Sent Broadcast: 1|0,14,20,134,154,189,1,8,183,74,137,131,106,167,169,94,108
[ 56] Sent Broadcast: 1|0,14,20,134,154,189,1,200,30,56,99,135,176,170
[ 60] Received message from  94: 1|0,14,20,134,154,189,1,8,183,74,137,131,106,167,169,94,108,60,88
[170] Received message from  30: 1|0,14,20,134,154,189,1,200,30,56,99,135,176,49,170,182
[ 17] Received message from  49: 1|0,14,20,134,154,189,1,200,30,56,99,135,176,49,170,182,2,17,82,111
[150] Received message from 167: 1|0,14,20,134,154,189,1,8,183,74,137,131,106,167,169,108,150
[ 60] Received message from 108: 1|0,14,20,134,154,189,1,8,183,74,137,131,106,167,169,108,150,60,94,119
[ 10] Received message from   2: 1|0,14,20,134,154,189,1,200,30,56,99,135,176,49,170,182,2,17,82,111,10,89,171
[ 88] Received message from  94: 1|0,14,20,134,154,189,1,8,183,74,137,131,106,167,169,94,108,60,88
[153] Received message from 163: 1|0,14,20,134,154,189,1,163,120,153,168,181
[ 60] Received message from 169: 1|0,14,20,134,154,189,1,8,183,74,137,131,106,167,169,60,88,94,108
[117] Received message from 170: 1|0,14,20,134,154,189,1,200,30,56,99,135,176,170,117,173,196
[182] Received message from  99: 1|0,14,20,134,154,189,1,200,30,56,99,135,176,182
[ 50] Received message from  60: 1|0,14,20,134,154,189,1,8,183,74,137,131,106,167,169,94,108,60,88,50,119,164
[ 94] Sent Broadcast: 1|0,14,20,134,154,189,1,8,183,74,137,131,106,167,169,94,108,60,88
[ 99] Sent Broadcast: 1|0,14,20,134,154,189,1,200,30,56,99,135,176,182
[167] Sent Broadcast: 1|0,14,20,134,154,189,1,8,183,74,137,131,106,167,169,108,150
[ 76] Received message from 150: 1|0,14,20,134,154,189,1,8,183,74,137,131,106,167,169,108,150,76,152
[182] Received message from  30: 1|0,14,20,134,154,189,1,200,30,56,99,135,176,49,170,182
[116] Received message from  17: 1|0,14,20,134,154,189,1,200,30,56,99,135,176,49,170,182,2,17,82,111,116
[  2] Received message from 182: 1|0,14,20,134,154,189,1,200,30,56,99,135,176,182,2,130,171
[ 93] Received message from  10: 1|0,14,20,134,154,189,1,200,30,56,99,135,176,49,170,182,2,17,82,111,10,89,171,93
[ 89] Received message from   2: 1|0,14,20,134,154,189,1,200,30,56,99,135,176,49,170,182,2,17,82,111,10,89,171
[ 94] Received message from 108: 1|0,14,20,134,154,189,1,8,183,74,137,131,106,167,169,108,150,60,94,119
[ 88] Received message from 169: 1|0,14,20,134,154,189,1,8,183,74,137,131,106,167,169,60,88,94,108
[ 50] Received message from  88: 1|0,14,20,134,154,189,1,8,183,74,137,131,106,167,169,94,108,60,88,50
[146] Received message from 117: 1|0,14,20,134,154,189,1,200,30,56,99,135,176,170,117,173,196,146
[168] Received message from 163: 1|0,14,20,134,154,189,1,163,120,153,168,181
[173] Received message from 170: 1|0,14,20,134,154,189,1,200,30,56,99,135,176,170,117,173,196
[119] Received message from  60: 1|0,14,20,134,154,189,1,8,183,74,137,131,106,167,169,94,108,60,88,50,119,164
[ 82] Received message from  49: 1|0,14,20,134,154,189,1,200,30,56,99,135,176,49,170,182,2,17,82,111
[135] Received message from 200: 1|0,14,20,134,154,189,1,200,30,56,99,135,176
[117] Sent Broadcast: 1|0,14,20,134,154,189,1,200,30,56,99,135,176,170,117,173,196,146
[ 17] Sent Broadcast: 1|0,14,20,134,154,189,1,200,30,56,99,135,176,49,170,182,2,17,82,111,116
[ 30] Sent Broadcast: 1|0,14,20,134,154,189,1,200,30,56,99,135,176,49,170,182
[ 10] Sent Broadcast: 1|0,14,20,134,154,189,1,200,30,56,99,135,176,49,170,182,2,17,82,111,10,89,171,93
[152] Received message from 150: 1|0,14,20,134,154,189,1,8,183,74,137,131,106,167,169,108,150,76,152
[130] Received message from 182: 1|0,14,20,134,154,189,1,200,30,56,99,135,176,182,2,130,171
[150] Sent Broadcast: 1|0,14,20,134,154,189,1,8,183,74,137,131,106,167,169,108,150,76,152
[ 88] Sent Broadcast: 1|0,14,20,134,154,189,1,8,183,74,137,131,106,167,169,94,108,60,88,50
[ 80] Received message from  93: 1|0,14,20,134,154,189,1,200,30,56,99,135,176,49,170,182,2,17,82,111,10,89,171,93,80,160
[100] Received message from  76: 1|0,14,20,134,154,189,1,8,183,74,137,131,106,167,169,108,150,76,152,100
[146] Received message from 173: 1|0,14,20,134,154,189,1,200,30,56,99,135,176,170,117,173,196,146
[185] Received message from 146: 1|0,14,20,134,154,189,1,200,30,56,99,135,176,170,117,173,196,146,185
[171] Received message from   2: 1|0,14,20,134,154,189,1,200,30,56,99,135,176,49,170,182,2,17,82,111,10,89,171
[ 66] Received message from 119: 1|0,14,20,134,154,189,1,8,183,74,137,131,106,167,169,94,108,60,88,50,119,164,66,86,112,195,199
[119] Received message from 108: 1|0,14,20,134,154,189,1,8,183,74,137,131,106,167,169,108,150,60,94,119
[182] Received message from 135: 1|0,14,20,134,154,189,1,200,30,56,99,135,176,182
[ 93] Received message from  89: 1|0,14,20,134,154,189,1,200,30,56,99,135,176,49,170,182,2,17,82,111,10,89,171,93,187
[116] Received message from  82: 1|0,14,20,134,154,189,1,200,30,56,99,135,176,49,170,182,2,17,82,111,116
[  9] Received message from 152: 1|0,14,20,134,154,189,1,8,183,74,137,131,106,167,169,108,150,76,152,9,86,100
[133] Received message from  80: 1|0,14,20,134,154,189,1,200,30,56,99,135,176,49,170,182,2,17,82,111,10,89,171,93,80,160,133
[146] Sent Broadcast: 1|0,14,20,134,154,189,1,200,30,56,99,135,176,170,117,173,196,146,185
[ 76] Sent Broadcast: 1|0,14,20,134,154,189,1,8,183,74,137,131,106,167,169,108,150,76,152,100
[173] Sent Broadcast: 1|0,14,20,134,154,189,1,200,30,56,99,135,176,170,117,173,196,146
[  2] Sent Broadcast: 1|0,14,20,134,154,189,1,200,30,56,99,135,176,49,170,182,2,17,82,111,10,89,171
[ 28] Received message from 185: 1|0,14,20,134,154,189,1,200,30,56,99,135,176,170,117,173,196,146,185,28
[135] Sent Broadcast: 1|0,14,20,134,154,189,1,200,30,56,99,135,176,182
[118] Received message from 130: 1|0,14,20,134,154,189,1,200,30,56,99,135,176,182,2,130,171,118
[130] Received message from 171: 1|0,14,20,134,154,189,1,200,30,56,99,135,176,49,170,182,2,17,82,111,10,89,171,130
[171] Received message from 182: 1|0,14,20,134,154,189,1,200,30,56,99,135,176,182,2,130,171
[176] Received message from 200: 1|0,14,20,134,154,189,1,200,30,56,99,135,176
[ 94] Received message from 169: 1|0,14,20,134,154,189,1,8,183,74,137,131,106,167,169,60,88,94,108
[ 34] Received message from  66: 1|0,14,20,134,154,189,1,8,183,74,137,131,106,167,169,94,108,60,88,50,119,164,66,86,112,195,199,34
[181] Received message from 163: 1|0,14,20,134,154,189,1,163,120,153,168,181
[ 82] Sent Broadcast: 1|0,14,20,134,154,189,1,200,30,56,99,135,176,49,170,182,2,17,82,111,116
[185] Sent Broadcast: 1|0,14,20,134,154,189,1,200,30,56,99,135,176,170,117,173,196,146,185,28
[196] Received message from 170: 1|0,14,20,134,154,189,1,200,30,56,99,135,176,170,117,173,196
[ 98] Received message from   9: 1|0,14,20,134,154,189,1,8,183,74,137,131,106,167,169,108,150,76,152,9,86,100,98,199
[164] Received message from  60: 1|0,14,20,134,154,189,1,8,183,74,137,131,106,167,169,94,108,60,88,50,119,164
[187] Received message from  89: 1|0,14,20,134,154,189,1,200,30,56,99,135,176,49,170,182,2,17,82,111,10,89,171,93,187
[163] Sent Broadcast: 1|0,14,20,134,154,189,1,163,120,153,168,181
[108] Sent Broadcast: 1|0,14,20,134,154,189,1,8,183,74,137,131,106,167,169,108,150,60,94,119
[111] Received message from  49: 1|0,14,20,134,154,189,1,200,30,56,99,135,176,49,170,182,2,17,82,111
[ 86] Received message from 119: 1|0,14,20,134,154,189,1,8,183,74,137,131,106,167,169,94,108,60,88,50,119,164,66,86,112,195,199
[ 80] Sent Broadcast: 1|0,14,20,134,154,189,1,200,30,56,99,135,176,49,170,182,2,17,82,111,10,89,171,93,80,160,133
[160] Received message from  93: 1|0,14,20,134,154,189,1,200,30,56,99,135,176,49,170,182,2,17,82,111,10,89,171,93,80,160
[171] Sent Broadcast: 1|0,14,20,134,154,189,1,200,30,56,99,135,176,49,170,182,2,17,82,111,10,89,171,130
[182] Sent Broadcast: 1|0,14,20,134,154,189,1,200,30,56,99,135,176,182,2,130,171
[130] Sent Broadcast: 1|0,14,20,134,154,189,1,200,30,56,99,135,176,182,2,130,171,118
[200] Sent Broadcast: 1|0,14,20,134,154,189,1,200,30,56,99,135,176
[170] Sent Broadcast: 1|0,14,20,134,154,189,1,200,30,56,99,135,176,170,117,173,196
[118] Received message from 176: 1|0,14,20,134,154,189,1,200,30,56,99,135,176,118,130,171,182
[ 66] Sent Broadcast: 1|0,14,20,134,154,189,1,8,183,74,137,131,106,167,169,94,108,60,88,50,119,164,66,86,112,195,199,34
[ 60] Sent Broadcast: 1|0,14,20,134,154,189,1,8,183,74,137,131,106,167,169,94,108,60,88,50,119,164
[ 51] Received message from 118: 1|0,14,20,134,154,189,1,200,30,56,99,135,176,182,2,130,171,118,51
[ 89] Sent Broadcast: 1|0,14,20,134,154,189,1,200,30,56,99,135,176,49,170,182,2,17,82,111,10,89,171,93,187
[ 49] Sent Broadcast: 1|0,14,20,134,154,189,1,200,30,56,99,135,176,49,170,182,2,17,82,111
[114] Received message from  28: 1|0,14,20,134,154,189,1,200,30,56,99,135,176,170,117,173,196,146,185,28,114,144
[146] Received message from 196: 1|0,14,20,134,154,189,1,200,30,56,99,135,176,170,117,173,196,146,185
[  5] Received message from 181: 1|0,14,20,134,154,189,1,163,120,153,168,181,5
[ 32] Received message from 187: 1|0,14,20,134,154,189,1,200,30,56,99,135,176,49,170,182,2,17,82,111,10,89,171,93,187,32,65,148,159
[ 18] Received message from  98: 1|0,14,20,134,154,189,1,8,183,74,137,131,106,167,169,108,150,76,152,9,86,100,98,199,18,33,70,87
[ 41] Received message from 133: 1|0,14,20,134,154,189,1,200,30,56,99,135,176,49,170,182,2,17,82,111,10,89,171,93,80,160,133,41,43,44,52,121
[118] Sent Broadcast: 1|0,14,20,134,154,189,1,200,30,56,99,135,176,182,2,130,171,118,51
[ 66] Received message from 164: 1|0,14,20,134,154,189,1,8,183,74,137,131,106,167,169,94,108,60,88,50,119,164,66,112,195,199
[ 61] Received message from  34: 1|0,14,20,134,154,189,1,8,183,74,137,131,106,167,169,94,108,60,88,50,119,164,66,86,112,195,199,34,61,179
[181] Sent Broadcast: 1|0,14,20,134,154,189,1,163,120,153,168,181,5
[ 59] Received message from  51: 1|0,14,20,134,154,189,1,200,30,56,99,135,176,182,2,130,171,118,51,59,73,107
[112] Received message from 119: 1|0,14,20,134,154,189,1,8,183,74,137,131,106,167,169,94,108,60,88,50,119,164,66,86,112,195,199
[ 93] Sent Broadcast: 1|0,14,20,134,154,189,1,200,30,56,99,135,176,49,170,182,2,17,82,111,10,89,171,93,80,160
[149] Received message from 114: 1|0,14,20,134,154,189,1,200,30,56,99,135,176,170,117,173,196,146,185,28,114,144,149
[ 10] Received message from 111: 1|0,14,20,134,154,189,1,200,30,56,99,135,176,49,170,182,2,17,82,111,10,80,89,93,116
[108] Received message from 169: 1|0,14,20,134,154,189,1,8,183,74,137,131,106,167,169,60,88,94,108
[  9] Received message from  86: 1|0,14,20,134,154,189,1,8,183,74,137,131,106,167,169,94,108,60,88,50,119,164,66,86,112,195,199,9,152
[ 86] Received message from 152: 1|0,14,20,134,154,189,1,8,183,74,137,131,106,167,169,108,150,76,152,9,86,100
[199] Received message from   9: 1|0,14,20,134,154,189,1,8,183,74,137,131,106,167,169,108,150,76,152,9,86,100,98,199
[ 19] Received message from  41: 1|0,14,20,134,154,189,1,200,30,56,99,135,176,49,170,182,2,17,82,111,10,89,171,93,80,160,133,41,43,44,52,121,19,69
[114] Sent Broadcast: 1|0,14,20,134,154,189,1,200,30,56,99,135,176,170,117,173,196,146,185,28,114,144,149
[130] Received message from 176: 1|0,14,20,134,154,189,1,200,30,56,99,135,176,118,130,171,182
[ 65] Received message from 187: 1|0,14,20,134,154,189,1,200,30,56,99,135,176,49,170,182,2,17,82,111,10,89,171,93,187,32,65,148,159
[121] Received message from 149: 1|0,14,20,134,154,189,1,200,30,56,99,135,176,170,117,173,196,146,185,28,114,144,149,121
[144] Received message from  28: 1|0,14,20,134,154,189,1,200,30,56,99,135,176,170,117,173,196,146,185,28,114,144
[169] Sent Broadcast: 1|0,14,20,134,154,189,1,8,183,74,137,131,106,167,169,60,88,94,108
[172] Received message from  61: 1|14,20,134,154,189,1,8,183,74,137,131,106,167,169,94,108,60,88,50,119,164,66,86,112,195,199,34,61,179,172
[112] Received message from 164: 1|0,14,20,134,154,189,1,8,183,74,137,131,106,167,169,94,108,60,88,50,119,164,66,112,195,199
[ 43] Received message from 133: 1|0,14,20,134,154,189,1,200,30,56,99,135,176,49,170,182,2,17,82,111,10,89,171,93,80,160,133,41,43,44,52,121
[185] Received message from 196: 1|0,14,20,134,154,189,1,200,30,56,99,135,176,170,117,173,196,146,185
[179] Received message from  34: 1|0,14,20,134,154,189,1,8,183,74,137,131,106,167,169,94,108,60,88,50,119,164,66,86,112,195,199,34,61,179
[ 33] Received message from  98: 1|0,14,20,134,154,189,1,8,183,74,137,131,106,167,169,108,150,76,152,9,86,100,98,199,18,33,70,87
[  9] Sent Broadcast: 1|0,14,20,134,154,189,1,8,183,74,137,131,106,167,169,108,150,76,152,9,86,100,98,199
[195] Received message from 119: 1|0,14,20,134,154,189,1,8,183,74,137,131,106,167,169,94,108,60,88,50,119,164,66,86,112,195,199
[ 73] Received message from  51: 1|0,14,20,134,154,189,1,200,30,56,99,135,176,182,2,130,171,118,51,59,73,107
[100] Received message from 152: 1|0,14,20,134,154,189,1,8,183,74,137,131,106,167,169,108,150,76,152,9,86,100
[ 61] Sent Broadcast: 1|14,20,134,154,189,1,8,183,74,137,131,106,167,169,94,108,60,88,50,119,164,66,86,112,195,199,34,61,179,172
[147] Received message from  59: 1|0,14,20,134,154,189,1,200,30,56,99,135,176,182,2,130,171,118,51,59,73,107,147
[ 34] Received message from 112: 1|0,14,20,134,154,189,1,8,183,74,137,131,106,167,169,94,108,60,88,50,119,164,66,86,112,195,199,34
[ 69] Received message from  41: 1|0,14,20,134,154,189,1,200,30,56,99,135,176,49,170,182,2,17,82,111,10,89,171,93,80,160,133,41,43,44,52,121,19,69
[171] Received message from 176: 1|0,14,20,134,154,189,1,200,30,56,99,135,176,118,130,171,182
[ 66] Received message from 199: 1|0,14,20,134,154,189,1,8,183,74,137,131,106,167,169,108,150,76,152,9,86,100,98,199,66,119,164
[ 28] Sent Broadcast: 1|0,14,20,134,154,189,1,200,30,56,99,135,176,170,117,173,196,146,185,28,114,144
[ 59] Sent Broadcast: 1|0,14,20,134,154,189,1,200,30,56,99,135,176,182,2,130,171,118,51,59,73,107,147
[196] Sent Broadcast: 1|0,14,20,134,154,189,1,200,30,56,99,135,176,170,117,173,196,146,185
[ 34] Sent Broadcast: 1|0,14,20,134,154,189,1,8,183,74,137,131,106,167,169,94,108,60,88,50,119,164,66,86,112,195,199,34,61,179
[152] Received message from  86: 1|0,14,20,134,154,189,1,8,183,74,137,131,106,167,169,94,108,60,88,50,119,164,66,86,112,195,199,9,152
[149] Sent Broadcast: 1|0,14,20,134,154,189,1,200,30,56,99,135,176,170,117,173,196,146,185,28,114,144,149,121
[152] Sent Broadcast: 1|0,14,20,134,154,189,1,8,183,74,137,131,106,167,169,108,150,76,152,9,86,100
[ 86] Sent Broadcast: 1|0,14,20,134,154,189,1,8,183,74,137,131,106,167,169,94,108,60,88,50,119,164,66,86,112,195,199,9,152
[112] Sent Broadcast: 1|0,14,20,134,154,189,1,8,183,74,137,131,106,167,169,94,108,60,88,50,119,164,66,86,112,195,199,34
[148] Received message from 187: 1|0,14,20,134,154,189,1,200,30,56,99,135,176,49,170,182,2,17,82,111,10,89,171,93,187,32,65,148,159
[ 25] Received message from  65: 1|0,14,20,134,154,189,1,200,30,56,99,135,176,49,170,182,2,17,82,111,10,89,171,93,187,32,65,148,159,25,27,67,72
[ 41] Sent Broadcast: 1|0,14,20,134,154,189,1,200,30,56,99,135,176,49,170,182,2,17,82,111,10,89,171,93,80,160,133,41,43,44,52,121,19,69
[105] Received message from  19: 1|0,14,20,134,154,189,1,200,30,56,99,135,176,49,170,182,2,17,82,111,10,89,171,93,80,160,133,41,43,44,52,121,19,69,105
[172] Received message from 179: 1|14,20,134,154,189,1,8,183,74,137,131,106,167,169,94,108,60,88,50,119,164,66,86,112,195,199,34,61,179,172
[ 80] Received message from 111: 1|0,14,20,134,154,189,1,200,30,56,99,135,176,49,170,182,2,17,82,111,10,80,89,93,116
[149] Received message from 144: 1|0,14,20,134,154,189,1,200,30,56,99,135,176,170,117,173,196,146,185,28,114,144,149
[ 41] Received message from 121: 1|0,14,20,134,154,189,1,200,30,56,99,135,176,170,117,173,196,146,185,28,114,144,149,121,41,44,52,133
[ 70] Received message from  98: 1|0,14,20,134,154,189,1,8,183,74,137,131,106,167,169,108,150,76,152,9,86,100,98,199,18,33,70,87
[195] Received message from 164: 1|0,14,20,134,154,189,1,8,183,74,137,131,106,167,169,94,108,60,88,50,119,164,66,112,195,199
[ 19] Sent Broadcast: 1|0,14,20,134,154,189,1,200,30,56,99,135,176,49,170,182,2,17,82,111,10,89,171,93,80,160,133,41,43,44,52,121,19,69,105
[199] Received message from 119: 1|0,14,20,134,154,189,1,8,183,74,137,131,106,167,169,94,108,60,88,50,119,164,66,86,112,195,199
[ 19] Received message from  43: 1|0,14,20,134,154,189,1,200,30,56,99,135,176,49,170,182,2,17,82,111,10,89,171,93,80,160,133,41,43,44,52,121,19,69
[ 44] Received message from 133: 1|0,14,20,134,154,189,1,200,30,56,99,135,176,49,170,182,2,17,82,111,10,89,171,93,80,160,133,41,43,44,52,121
[ 29] Received message from 147: 1|0,14,20,134,154,189,1,200,30,56,99,135,176,182,2,130,171,118,51,59,73,107,147,29,55,177,178
[119] Received message from 199: 1|0,14,20,134,154,189,1,8,183,74,137,131,106,167,169,108,150,76,152,9,86,100,98,199,66,119,164
[107] Received message from  51: 1|0,14,20,134,154,189,1,200,30,56,99,135,176,182,2,130,171,118,51,59,73,107
[ 47] Received message from 172: 1|20,134,154,189,1,8,183,74,137,131,106,167,169,94,108,60,88,50,119,164,66,86,112,195,199,34,61,179,172,47,77,84
[179] Sent Broadcast: 1|14,20,134,154,189,1,8,183,74,137,131,106,167,169,94,108,60,88,50,119,164,66,86,112,195,199,34,61,179,172
[144] Sent Broadcast: 1|0,14,20,134,154,189,1,200,30,56,99,135,176,170,117,173,196,146,185,28,114,144,149
[159] Received message from 187: 1|0,14,20,134,154,189,1,200,30,56,99,135,176,49,170,182,2,17,82,111,10,89,171,93,187,32,65,148,159
[ 27] Received message from  65: 1|0,14,20,134,154,189,1,200,30,56,99,135,176,49,170,182,2,17,82,111,10,89,171,93,187,32,65,148,159,25,27,67,72
[182] Received message from 176: 1|0,14,20,134,154,189,1,200,30,56,99,135,176,118,130,171,182
[119] Sent Broadcast: 1|0,14,20,134,154,189,1,8,183,74,137,131,106,167,169,94,108,60,88,50,119,164,66,86,112,195,199
[ 44] Received message from 121: 1|0,14,20,134,154,189,1,200,30,56,99,135,176,170,117,173,196,146,185,28,114,144,149,121,41,44,52,133
[ 87] Received message from  98: 1|0,14,20,134,154,189,1,8,183,74,137,131,106,167,169,108,150,76,152,9,86,100,98,199,18,33,70,87
[164] Received message from 199: 1|0,14,20,134,154,189,1,8,183,74,137,131,106,167,169,108,150,76,152,9,86,100,98,199,66,119,164
[ 38] Received message from  29: 1|0,14,20,134,154,189,1,200,30,56,99,135,176,182,2,130,171,118,51,59,73,107,147,29,55,177,178,38,188
[187] Sent Broadcast: 1|0,14,20,134,154,189,1,200,30,56,99,135,176,49,170,182,2,17,82,111,10,89,171,93,187,32,65,148,159
[ 52] Received message from 133: 1|0,14,20,134,154,189,1,200,30,56,99,135,176,49,170,182,2,17,82,111,10,89,171,93,80,160,133,41,43,44,52,121
[ 51] Sent Broadcast: 1|0,14,20,134,154,189,1,200,30,56,99,135,176,182,2,130,171,118,51,59,73,107
[176] Sent Broadcast: 1|0,14,20,134,154,189,1,200,30,56,99,135,176,118,130,171,182
[ 77] Received message from 172: 1|20,134,154,189,1,8,183,74,137,131,106,167,169,94,108,60,88,50,119,164,66,86,112,195,199,34,61,179,172,47,77,84
[ 89] Received message from 111: 1|0,14,20,134,154,189,1,200,30,56,99,135,176,49,170,182,2,17,82,111,10,80,89,93,116
[ 19] Received message from  44: 1|0,14,20,134,154,189,1,200,30,56,99,135,176,49,170,182,2,17,82,111,10,89,171,93,80,160,133,41,43,44,52,121,19,69,105
[ 40] Received message from  47: 1|20,134,154,189,1,8,183,74,137,131,106,167,169,94,108,60,88,50,119,164,66,86,112,195,199,34,61,179,172,47,77,84,40,92,198
[199] Sent Broadcast: 1|0,14,20,134,154,189,1,8,183,74,137,131,106,167,169,108,150,76,152,9,86,100,98,199,66,119,164
[ 98] Sent Broadcast: 1|0,14,20,134,154,189,1,8,183,74,137,131,106,167,169,108,150,76,152,9,86,100,98,199,18,33,70,87
[ 69] Received message from  43: 1|0,14,20,134,154,189,1,200,30,56,99,135,176,49,170,182,2,17,82,111,10,89,171,93,80,160,133,41,43,44,52,121,19,69
[ 55] Received message from 147: 1|0,14,20,134,154,189,1,200,30,56,99,135,176,182,2,130,171,118,51,59,73,107,147,29,55,177,178
[199] Received message from 164: 1|0,14,20,134,154,189,1,8,183,74,137,131,106,167,169,94,108,60,88,50,119,164,66,112,195,199
[ 25] Received message from 159: 1|0,14,20,134,154,189,1,200,30,56,99,135,176,49,170,182,2,17,82,111,10,89,171,93,187,32,65,148,159,25,27,67,72
[ 43] Sent Broadcast: 1|0,14,20,134,154,189,1,200,30,56,99,135,176,49,170,182,2,17,82,111,10,89,171,93,80,160,133,41,43,44,52,121,19,69
[ 67] Received message from  65: 1|0,14,20,134,154,189,1,200,30,56,99,135,176,49,170,182,2,17,82,111,10,89,171,93,187,32,65,148,159,25,27,67,72
[ 15] Received message from  38: 1|0,14,20,134,154,189,1,200,30,56,99,135,176,182,2,130,171,118,51,59,73,107,147,29,55,177,178,38,188,15,75,81,157
[ 52] Received message from 121: 1|0,14,20,134,154,189,1,200,30,56,99,135,176,170,117,173,196,146,185,28,114,144,149,121,41,44,52,133
[188] Received message from  29: 1|0,14,20,134,154,189,1,200,30,56,99,135,176,182,2,130,171,118,51,59,73,107,147,29,55,177,178,38,188
[ 19] Received message from  52: 1|0,14,20,134,154,189,1,200,30,56,99,135,176,49,170,182,2,17,82,111,10,89,171,93,80,160,133,41,43,44,52,121,19,105
[121] Received message from 133: 1|0,14,20,134,154,189,1,200,30,56,99,135,176,49,170,182,2,17,82,111,10,89,171,93,80,160,133,41,43,44,52,121
[ 29] Sent Broadcast: 1|0,14,20,134,154,189,1,200,30,56,99,135,176,182,2,130,171,118,51,59,73,107,147,29,55,177,178,38,188
[ 93] Received message from 111: 1|0,14,20,134,154,189,1,200,30,56,99,135,176,49,170,182,2,17,82,111,10,80,89,93,116
[ 84] Received message from 172: 1|20,134,154,189,1,8,183,74,137,131,106,167,169,94,108,60,88,50,119,164,66,86,112,195,199,34,61,179,172,47,77,84
[ 69] Received message from  44: 1|0,14,20,134,154,189,1,200,30,56,99,135,176,49,170,182,2,17,82,111,10,89,171,93,80,160,133,41,43,44,52,121,19,69,105
[164] Sent Broadcast: 1|0,14,20,134,154,189,1,8,183,74,137,131,106,167,169,94,108,60,88,50,119,164,66,112,195,199
[ 92] Received message from  47: 1|20,134,154,189,1,8,183,74,137,131,106,167,169,94,108,60,88,50,119,164,66,86,112,195,199,34,61,179,172,47,77,84,40,92,198
[ 15] Received message from  55: 1|0,14,20,134,154,189,1,200,30,56,99,135,176,182,2,130,171,118,51,59,73,107,147,29,55,177,178,15,38,188
[ 37] Received message from  40: 1|20,134,154,189,1,8,183,74,137,131,106,167,169,94,108,60,88,50,119,164,66,86,112,195,199,34,61,179,172,47,77,84,40,92,198,37,64,155
[161] Received message from  77: 1|20,134,154,189,1,8,183,74,137,131,106,167,169,94,108,60,88,50,119,164,66,86,112,195,199,34,61,179,172,47,77,84,161
[133] Sent Broadcast: 1|0,14,20,134,154,189,1,200,30,56,99,135,176,49,170,182,2,17,82,111,10,89,171,93,80,160,133,41,43,44,52,121
[177] Received message from 147: 1|0,14,20,134,154,189,1,200,30,56,99,135,176,182,2,130,171,118,51,59,73,107,147,29,55,177,178
[172] Sent Broadcast: 1|20,134,154,189,1,8,183,74,137,131,106,167,169,94,108,60,88,50,119,164,66,86,112,195,199,34,61,179,172,47,77,84
[ 77] Sent Broadcast: 1|20,134,154,189,1,8,183,74,137,131,106,167,169,94,108,60,88,50,119,164,66,86,112,195,199,34,61,179,172,47,77,84,161
[ 27] Received message from 159: 1|0,14,20,134,154,189,1,200,30,56,99,135,176,49,170,182,2,17,82,111,10,89,171,93,187,32,65,148,159,25,27,67,72
[ 72] Received message from  65: 1|0,14,20,134,154,189,1,200,30,56,99,135,176,49,170,182,2,17,82,111,10,89,171,93,187,32,65,148,159,25,27,67,72
[116] Received message from 111: 1|0,14,20,134,154,189,1,200,30,56,99,135,176,49,170,182,2,17,82,111,10,80,89,93,116
[105] Received message from  52: 1|0,14,20,134,154,189,1,200,30,56,99,135,176,49,170,182,2,17,82,111,10,89,171,93,80,160,133,41,43,44,52,121,19,105
[178] Received message from 147: 1|0,14,20,134,154,189,1,200,30,56,99,135,176,182,2,130,171,118,51,59,73,107,147,29,55,177,178
[133] Received message from 121: 1|0,14,20,134,154,189,1,200,30,56,99,135,176,170,117,173,196,146,185,28,114,144,149,121,41,44,52,133
[105] Received message from  44: 1|0,14,20,134,154,189,1,200,30,56,99,135,176,49,170,182,2,17,82,111,10,89,171,93,80,160,133,41,43,44,52,121,19,69,105
[ 38] Received message from  55: 1|0,14,20,134,154,189,1,200,30,56,99,135,176,182,2,130,171,118,51,59,73,107,147,29,55,177,178,15,38,188
[ 15] Received message from 188: 1|0,14,20,134,154,189,1,200,30,56,99,135,176,182,2,130,171,118,51,59,73,107,147,29,55,177,178,38,188,15,75,81,157
[ 75] Received message from  38: 1|0,14,20,134,154,189,1,200,30,56,99,135,176,182,2,130,171,118,51,59,73,107,147,29,55,177,178,38,188,15,75,81,157
[ 64] Received message from  40: 1|20,134,154,189,1,8,183,74,137,131,106,167,169,94,108,60,88,50,119,164,66,86,112,195,199,34,61,179,172,47,77,84,40,92,198,37,64,155
[ 65] Sent Broadcast: 1|0,14,20,134,154,189,1,200,30,56,99,135,176,49,170,182,2,17,82,111,10,89,171,93,187,32,65,148,159,25,27,67,72
[111] Sent Broadcast: 1|0,14,20,134,154,189,1,200,30,56,99,135,176,49,170,182,2,17,82,111,10,80,89,93,116
[198] Received message from  47: 1|20,134,154,189,1,8,183,74,137,131,106,167,169,94,108,60,88,50,119,164,66,86,112,195,199,34,61,179,172,47,77,84,40,92,198
[165] Received message from  37: 1|20,134,154,189,1,8,183,74,137,131,106,167,169,94,108,60,88,50,119,164,66,86,112,195,199,34,61,179,172,47,77,84,40,92,198,37,64,155,165
[ 37] Received message from  92: 1|20,134,154,189,1,8,183,74,137,131,106,167,169,94,108,60,88,50,119,164,66,86,112,195,199,34,61,179,172,47,77,84,40,92,198,37,64
[ 52] Sent Broadcast: 1|0,14,20,134,154,189,1,200,30,56,99,135,176,49,170,182,2,17,82,111,10,89,171,93,80,160,133,41,43,44,52,121,19,105
[147] Sent Broadcast: 1|0,14,20,134,154,189,1,200,30,56,99,135,176,182,2,130,171,118,51,59,73,107,147,29,55,177,178
[121] Sent Broadcast: 1|0,14,20,134,154,189,1,200,30,56,99,135,176,170,117,173,196,146,185,28,114,144,149,121,41,44,52,133
[103] Received message from 161: 1|20,134,154,189,1,8,183,74,137,131,106,167,169,94,108,60,88,50,119,164,66,86,112,195,199,34,61,179,172,47,77,84,161,103,115,155
[ 67] Received message from 159: 1|0,14,20,134,154,189,1,200,30,56,99,135,176,49,170,182,2,17,82,111,10,89,171,93,187,32,65,148,159,25,27,67,72
[ 44] Sent Broadcast: 1|0,14,20,134,154,189,1,200,30,56,99,135,176,49,170,182,2,17,82,111,10,89,171,93,80,160,133,41,43,44,52,121,19,69,105
[ 37] Sent Broadcast: 1|20,134,154,189,1,8,183,74,137,131,106,167,169,94,108,60,88,50,119,164,66,86,112,195,199,34,61,179,172,47,77,84,40,92,198,37,64,155,165
[ 47] Sent Broadcast: 1|20,134,154,189,1,8,183,74,137,131,106,167,169,94,108,60,88,50,119,164,66,86,112,195,199,34,61,179,172,47,77,84,40,92,198
[115] Received message from 161: 1|20,134,154,189,1,8,183,74,137,131,106,167,169,94,108,60,88,50,119,164,66,86,112,195,199,34,61,179,172,47,77,84,161,103,115,155
[188] Received message from  55: 1|0,14,20,134,154,189,1,200,30,56,99,135,176,182,2,130,171,118,51,59,73,107,147,29,55,177,178,15,38,188
[165] Received message from  64: 1|20,134,154,189,1,8,183,74,137,131,106,167,169,94,108,60,88,50,119,164,66,86,112,195,199,34,61,179,172,47,77,84,40,92,198,37,64,155,165
[ 36] Received message from 103: 1|20,134,154,189,1,8,183,74,137,131,106,167,169,94,108,60,88,50,119,164,66,86,112,195,199,34,61,179,172,47,77,84,161,103,115,155,36
[ 75] Received message from 188: 1|0,14,20,134,154,189,1,200,30,56,99,135,176,182,2,130,171,118,51,59,73,107,147,29,55,177,178,38,188,15,75,81,157
[ 64] Received message from  92: 1|20,134,154,189,1,8,183,74,137,131,106,167,169,94,108,60,88,50,119,164,66,86,112,195,199,34,61,179,172,47,77,84,40,92,198,37,64
[155] Received message from  40: 1|20,134,154,189,1,8,183,74,137,131,106,167,169,94,108,60,88,50,119,164,66,86,112,195,199,34,61,179,172,47,77,84,40,92,198,37,64,155
[ 81] Received message from  38: 1|0,14,20,134,154,189,1,200,30,56,99,135,176,182,2,130,171,118,51,59,73,107,147,29,55,177,178,38,188,15,75,81,157
[ 72] Received message from 159: 1|0,14,20,134,154,189,1,200,30,56,99,135,176,49,170,182,2,17,82,111,10,89,171,93,187,32,65,148,159,25,27,67,72
[155] Received message from 161: 1|20,134,154,189,1,8,183,74,137,131,106,167,169,94,108,60,88,50,119,164,66,86,112,195,199,34,61,179,172,47,77,84,161,103,115,155
[ 55] Sent Broadcast: 1|0,14,20,134,154,189,1,200,30,56,99,135,176,182,2,130,171,118,51,59,73,107,147,29,55,177,178,15,38,188
[ 64] Sent Broadcast: 1|20,134,154,189,1,8,183,74,137,131,106,167,169,94,108,60,88,50,119,164,66,86,112,195,199,34,61,179,172,47,77,84,40,92,198,37,64,155,165
[ 92] Sent Broadcast: 1|20,134,154,189,1,8,183,74,137,131,106,167,169,94,108,60,88,50,119,164,66,86,112,195,199,34,61,179,172,47,77,84,40,92,198,37,64
[ 40] Sent Broadcast: 1|20,134,154,189,1,8,183,74,137,131,106,167,169,94,108,60,88,50,119,164,66,86,112,195,199,34,61,179,172,47,77,84,40,92,198,37,64,155
[103] Sent Broadcast: 1|20,134,154,189,1,8,183,74,137,131,106,167,169,94,108,60,88,50,119,164,66,86,112,195,199,34,61,179,172,47,77,84,161,103,115,155,36
[159] Sent Broadcast: 1|0,14,20,134,154,189,1,200,30,56,99,135,176,49,170,182,2,17,82,111,10,89,171,93,187,32,65,148,159,25,27,67,72
[ 81] Received message from 188: 1|0,14,20,134,154,189,1,200,30,56,99,135,176,182,2,130,171,118,51,59,73,107,147,29,55,177,178,38,188,15,75,81,157
[161] Sent Broadcast: 1|20,134,154,189,1,8,183,74,137,131,106,167,169,94,108,60,88,50,119,164,66,86,112,195,199,34,61,179,172,47,77,84,161,103,115,155
[166] Received message from  36: 1|20,134,154,189,1,8,183,74,137,131,106,167,169,94,108,60,88,50,119,164,66,86,112,195,199,34,61,179,172,47,77,84,161,103,115,155,36,166
[ 36] Received message from 115: 1|20,134,154,189,1,8,183,74,137,131,106,167,169,94,108,60,88,50,119,164,66,86,112,195,199,34,61,179,172,47,77,84,161,103,115,155,36
[103] Received message from 155: 1|20,134,154,189,1,8,183,74,137,131,106,167,169,94,108,60,88,50,119,164,66,86,112,195,199,34,61,179,172,47,77,84,40,92,198,37,64,155,103,115,161,165
[157] Received message from  38: 1|0,14,20,134,154,189,1,200,30,56,99,135,176,182,2,130,171,118,51,59,73,107,147,29,55,177,178,38,188,15,75,81,157
[ 36] Sent Broadcast: 1|20,134,154,189,1,8,183,74,137,131,106,167,169,94,108,60,88,50,119,164,66,86,112,195,199,34,61,179,172,47,77,84,161,103,115,155,36,166
[115] Sent Broadcast: 1|20,134,154,189,1,8,183,74,137,131,106,167,169,94,108,60,88,50,119,164,66,86,112,195,199,34,61,179,172,47,77,84,161,103,115,155,36
[ 38] Sent Broadcast: 1|0,14,20,134,154,189,1,200,30,56,99,135,176,182,2,130,171,118,51,59,73,107,147,29,55,177,178,38,188,15,75,81,157
[115] Received message from 155: 1|20,134,154,189,1,8,183,74,137,131,106,167,169,94,108,60,88,50,119,164,66,86,112,195,199,34,61,179,172,47,77,84,40,92,198,37,64,155,103,115,161,165
[157] Received message from 188: 1|0,14,20,134,154,189,1,200,30,56,99,135,176,182,2,130,171,118,51,59,73,107,147,29,55,177,178,38,188,15,75,81,157
[161] Received message from 155: 1|20,134,154,189,1,8,183,74,137,131,106,167,169,94,108,60,88,50,119,164,66,86,112,195,199,34,61,179,172,47,77,84,40,92,198,37,64,155,103,115,161,165
[188] Sent Broadcast: 1|0,14,20,134,154,189,1,200,30,56,99,135,176,182,2,130,171,118,51,59,73,107,147,29,55,177,178,38,188,15,75,81,157
[165] Received message from 155: 1|20,134,154,189,1,8,183,74,137,131,106,167,169,94,108,60,88,50,119,164,66,86,112,195,199,34,61,179,172,47,77,84,40,92,198,37,64,155,103,115,161,165
[155] Sent Broadcast: 1|20,134,154,189,1,8,183,74,137,131,106,167,169,94,108,60,88,50,119,164,66,86,112,195,199,34,61,179,172,47,77,84,40,92,198,37,64,155,103,115,161,165
[ 62] Received message from   3: 3|0,62,79,109,138,141,175
[ 79] Received message from   3: 3|0,62,79,109,138,141,175
[ 22] Received message from  62: 3|0,62,79,109,138,141,175,3,22,110
[110] Received message from  62: 3|0,62,79,109,138,141,175,3,22,110
[109] Received message from   3: 3|0,62,79,109,138,141,175
[ 62] Sent Broadcast: 3|0,62,79,109,138,141,175,3,22,110
[138] Received message from   3: 3|0,62,79,109,138,141,175
[ 24] Received message from 110: 3|0,62,79,109,138,141,175,3,22,110,24,97
[ 22] Received message from  79: 3|0,62,79,109,138,141,175,3,22,24,110
[141] Received message from   3: 3|0,62,79,109,138,141,175
[ 97] Received message from 110: 3|0,62,79,109,138,141,175,3,22,110,24,97
[ 24] Received message from 138: 3|0,62,79,109,138,141,175,3,24,97,110
[ 22] Received message from 109: 3|0,62,79,109,138,141,175,3,22
[ 24] Received message from  79: 3|0,62,79,109,138,141,175,3,22,24,110
[109] Sent Broadcast: 3|0,62,79,109,138,141,175,3,22
[110] Sent Broadcast: 3|0,62,79,109,138,141,175,3,22,110,24,97
[175] Received message from   3: 3|0,62,79,109,138,141,175
[ 97] Received message from 138: 3|0,62,79,109,138,141,175,3,24,97,110
[ 24] Received message from 141: 3|0,62,79,109,138,141,175,3,24,97,110
[  3] Sent Broadcast: 3|0,62,79,109,138,141,175
[ 22] Received message from 175: 3|0,62,79,109,138,141,175,3,22
[110] Received message from  79: 3|0,62,79,109,138,141,175,3,22,24,110
[175] Sent Broadcast: 3|0,62,79,109,138,141,175,3,22
[ 79] Sent Broadcast: 3|0,62,79,109,138,141,175,3,22,24,110
[110] Received message from 138: 3|0,62,79,109,138,141,175,3,24,97,110
[ 97] Received message from 141: 3|0,62,79,109,138,141,175,3,24,97,110
[138] Sent Broadcast: 3|0,62,79,109,138,141,175,3,24,97,110
[110] Received message from 141: 3|0,62,79,109,138,141,175,3,24,97,110
[141] Sent Broadcast: 3|0,62,79,109,138,141,175,3,24,97,110
[  7] Received message from   4: 4|0,7
[  4] Sent Broadcast: 4|0,7
[186] Received message from   7: 4|0,7,4,186
[  7] Sent Broadcast: 4|0,7,4,186
[143] Received message from 186: 4|0,7,4,186,143
[186] Sent Broadcast: 4|0,7,4,186,143
[ 45] Received message from   6: 6|0,45,53,123,125
[ 53] Received message from   6: 6|0,45,53,123,125
[123] Received message from   6: 6|0,45,53,123,125
[ 78] Received message from 123: 6|0,45,53,123,125,6,78,90,113,132,184
[125] Received message from   6: 6|0,45,53,123,125
[  6] Sent Broadcast: 6|0,45,53,123,125
[ 90] Received message from 123: 6|0,45,53,123,125,6,78,90,113,132,184
[113] Received message from 123: 6|0,45,53,123,125,6,78,90,113,132,184
[132] Received message from 123: 6|0,45,53,123,125,6,78,90,113,132,184
[184] Received message from 123: 6|0,45,53,123,125,6,78,90,113,132,184
[123] Sent Broadcast: 6|0,45,53,123,125,6,78,90,113,132,184
[ 12] Received message from 113: 6|0,45,53,123,125,6,78,90,113,132,184,12,151,192
[151] Received message from 113: 6|0,45,53,123,125,6,78,90,113,132,184,12,151,192
[192] Received message from 113: 6|0,45,53,123,125,6,78,90,113,132,184,12,151,192
[113] Sent Broadcast: 6|0,45,53,123,125,6,78,90,113,132,184,12,151,192
[193] Received message from  12: 6|0,45,53,123,125,6,78,90,113,132,184,12,151,192,193
[ 12] Sent Broadcast: 6|0,45,53,123,125,6,78,90,113,132,184,12,151,192,193
[ 11] Received message from 151: 6|0,45,53,123,125,6,78,90,113,132,184,12,151,192,11
[151] Sent Broadcast: 6|0,45,53,123,125,6,78,90,113,132,184,12,151,192,11
[ 11] Received message from 192: 6|0,45,53,123,125,6,78,90,113,132,184,12,151,192,11
[192] Sent Broadcast: 6|0,45,53,123,125,6,78,90,113,132,184,12,151,192,11
[194] Received message from 193: 6|0,45,53,123,125,6,78,90,113,132,184,12,151,192,193,194
[193] Sent Broadcast: 6|0,45,53,123,125,6,78,90,113,132,184,12,151,192,193,194
[ 13] Received message from 194: 6|0,45,53,123,125,6,78,90,113,132,184,12,151,192,193,194,13
[194] Sent Broadcast: 6|0,45,53,123,125,6,78,90,113,132,184,12,151,192,193,194,13
[ 90] Received message from 125: 6|0,45,53,123,125,6,90
[125] Sent Broadcast: 6|0,45,53,123,125,6,90
[ 85] Received message from  16: 16|0,85,122,142
[122] Received message from  16: 16|0,85,122,142
[191] Received message from  85: 16|0,85,122,142,16,191
[ 85] Sent Broadcast: 16|0,85,122,142,16,191
[142] Received message from  16: 16|0,85,122,142
[ 16] Sent Broadcast: 16|0,85,122,142
[ 57] Received message from 122: 16|0,85,122,142,16,57,191
[ 57] Received message from 191: 16|0,85,122,142,16,191,57,197
[191] Received message from 122: 16|0,85,122,142,16,57,191
[122] Sent Broadcast: 16|0,85,122,142,16,57,191
[124] Received message from 142: 16|0,85,122,142,16,124
[142] Sent Broadcast: 16|0,85,122,142,16,124
[197] Received message from 191: 16|0,85,122,142,16,191,57,197
[191] Sent Broadcast: 16|0,85,122,142,16,191,57,197
[ 54] Received message from 197: 16|0,85,122,142,16,191,57,197,54,126
[126] Received message from 197: 16|0,85,122,142,16,191,57,197,54,126
[197] Sent Broadcast: 16|0,85,122,142,16,191,57,197,54,126
[ 26] Received message from  21: 21|0,26
[ 21] Sent Broadcast: 21|0,26
[ 42] Received message from  26: 21|0,26,21,42
[ 26] Sent Broadcast: 21|0,26,21,42
[ 58] Received message from  23: 23|0,58,68,83,129,139
[ 68] Received message from  23: 23|0,58,68,83,129,139
[ 83] Received message from  23: 23|0,58,68,83,129,139
[129] Received message from  23: 23|0,58,68,83,129,139
[139] Received message from  23: 23|0,58,68,83,129,139
[ 23] Sent Broadcast: 23|0,58,68,83,129,139
[101] Received message from  31: 31|0,101,104
[104] Received message from  31: 31|0,101,104
[ 31] Sent Broadcast: 31|0,101,104
[145] Received message from 104: 31|0,101,104,31,145
[104] Sent Broadcast: 31|0,101,104,31,145
[ 46] Received message from 145: 31|0,101,104,31,145,46
[145] Sent Broadcast: 31|0,101,104,31,145,46
[156] Received message from 101: 31|0,101,104,31,156
[101] Sent Broadcast: 31|0,101,104,31,156
[ 35] Received message from 156: 31|0,101,104,31,156,35
[156] Sent Broadcast: 31|0,101,104,31,156,35
[136] Received message from  35: 31|0,101,104,31,156,35,136
[ 35] Sent Broadcast: 31|0,101,104,31,156,35,136
[ 95] Received message from 136: 31|0,101,104,31,156,35,136,95
[136] Sent Broadcast: 31|0,101,104,31,156,35,136,95
[102] Received message from  95: 31|0,101,104,31,156,35,136,95,102
[ 95] Sent Broadcast: 31|0,101,104,31,156,35,136,95,102
[ 48] Received message from  39: 39|0,48,63,190
[ 63] Received message from  39: 39|0,48,63,190
[190] Received message from  39: 39|0,48,63,190
[ 39] Sent Broadcast: 39|0,48,63,190
[127] Received message from  71: 71|0,127
[ 71] Sent Broadcast: 71|0,127
[128] Received message from  91: 91|0,128,158,162
[158] Received message from  91: 91|0,128,158,162
[162] Received message from  91: 91|0,128,158,162
[ 91] Sent Broadcast: 91|0,128,158,162
[174] Received message from  96: 96|0,174
[ 96] Sent Broadcast: 96|0,174
[180] Received message from 140: 140|0,180
[140] Sent Broadcast: 140|0,180
