[ 12] Received message from   1: 1|0,12,15,19,83,132,153
[ 46] Received message from  12: 1|0,12,15,19,83,132,153,1,46,51,58,88,109,194
[ 15] Received message from   1: 1|0,12,15,19,83,132,153
[ 51] Received message from  12: 1|0,12,15,19,83,132,153,1,46,51,58,88,109,194
[ 23] Received message from  46: 1|0,12,15,19,83,132,153,1,46,51,58,88,109,194,23
[  5] Received message from  15: 1|0,12,15,19,83,132,153,1,5,66,92,148,173
[ 46] Sent Broadcast: 1|0,12,15,19,83,132,153,1,46,51,58,88,109,194,23
[ 66] Received message from  15: 1|0,12,15,19,83,132,153,1,5,66,92,148,173
[ 62] Received message from  23: 1|0,12,15,19,83,132,153,1,46,51,58,88,109,194,23,62
[ 23] Received message from  51: 1|0,12,15,19,83,132,153,1,46,51,58,88,109,194,23
[ 19] Received message from   1: 1|0,12,15,19,83,132,153
[ 51] Sent Broadcast: 1|0,12,15,19,83,132,153,1,46,51,58,88,109,194,23
[ 23] Sent Broadcast: 1|0,12,15,19,83,132,153,1,46,51,58,88,109,194,23,62
[ 58] Received message from  12: 1|0,12,15,19,83,132,153,1,46,51,58,88,109,194
[ 23] Received message from  58: 1|0,12,15,19,83,132,153,1,46,51,58,88,109,194,23
[ 92] Received message from  15: 1|0,12,15,19,83,132,153,1,5,66,92,148,173
[ 83] Received message from   1: 1|0,12,15,19,83,132,153
[ 58] Sent Broadcast: 1|0,12,15,19,83,132,153,1,46,51,58,88,109,194,23
[ 88] Received message from  12: 1|0,12,15,19,83,132,153,1,46,51,58,88,109,194
[109] Received message from  12: 1|0,12,15,19,83,132,153,1,46,51,58,88,109,194
[148] Received message from  15: 1|0,12,15,19,83,132,153,1,5,66,92,148,173
[161] Received message from  83: 1|0,12,15,19,83,132,153,1,161
[132] Received message from   1: 1|0,12,15,19,83,132,153
[131] Received message from  62: 1|0,12,15,19,83,132,153,1,46,51,58,88,109,194,23,62,131,137,157
[ 23] Received message from  88: 1|0,12,15,19,83,132,153,1,46,51,58,88,109,194,23
[173] Received message from  15: 1|0,12,15,19,83,132,153,1,5,66,92,148,173
[153] Received message from   1: 1|0,12,15,19,83,132,153
[194] Received message from  12: 1|0,12,15,19,83,132,153,1,46,51,58,88,109,194
[ 84] Received message from 148: 1|0,12,15,19,83,132,153,1,5,66,92,148,173,84
[ 23] Received message from 109: 1|0,12,15,19,83,132,153,1,46,51,58,88,109,194,23,128
[117] Received message from 161: 1|0,12,15,19,83,132,153,1,161,117,125,128,185
[ 83] Sent Broadcast: 1|0,12,15,19,83,132,153,1,161
[ 88] Sent Broadcast: 1|0,12,15,19,83,132,153,1,46,51,58,88,109,194,23
[  2] Received message from 153: 1|0,12,15,19,83,132,153,1,2
[ 23] Received message from 194: 1|0,12,15,19,83,132,153,1,46,51,58,88,109,194,23
[ 29] Received message from  84: 1|0,12,15,19,83,132,153,1,5,66,92,148,173,84,29,80,118,175
[128] Received message from 132: 1|0,12,15,19,83,132,153,1,128,161,185
[  3] Received message from  29: 1|0,12,15,19,83,132,153,1,5,66,92,148,173,84,29,80,118,175,3,43,86,129,144,162
[  1] Sent Broadcast: 1|0,12,15,19,83,132,153
[ 12] Sent Broadcast: 1|0,12,15,19,83,132,153,1,46,51,58,88,109,194
[148] Sent Broadcast: 1|0,12,15,19,83,132,153,1,5,66,92,148,173,84
[137] Received message from  62: 1|0,12,15,19,83,132,153,1,46,51,58,88,109,194,23,62,131,137,157
[153] Sent Broadcast: 1|0,12,15,19,83,132,153,1,2
[ 15] Sent Broadcast: 1|0,12,15,19,83,132,153,1,5,66,92,148,173
[128] Received message from 109: 1|0,12,15,19,83,132,153,1,46,51,58,88,109,194,23,128
[109] Received message from 128: 1|0,12,15,19,83,132,153,1,128,161,185,109,117,125
[ 98] Received message from 117: 1|0,12,15,19,83,132,153,1,161,117,125,128,185,98
[ 80] Received message from  84: 1|0,12,15,19,83,132,153,1,5,66,92,148,173,84,29,80,118,175
[ 55] Received message from   3: 1|0,12,15,19,83,132,153,1,5,66,92,148,173,84,29,80,118,175,3,43,86,129,144,162,55,60
[ 26] Received message from 137: 1|0,12,15,19,83,132,153,1,46,51,58,88,109,194,23,62,131,137,157,26,189
[109] Sent Broadcast: 1|0,12,15,19,83,132,153,1,46,51,58,88,109,194,23,128
[194] Sent Broadcast: 1|0,12,15,19,83,132,153,1,46,51,58,88,109,194,23
[ 13] Received message from  98: 1|0,12,15,19,83,132,153,1,161,117,125,128,185,98,13,69
[100] Received message from  80: 1|0,12,15,19,83,132,153,1,5,66,92,148,173,84,29,80,118,175,100
[157] Received message from  62: 1|0,12,15,19,83,132,153,1,46,51,58,88,109,194,23,62,131,137,157
[ 43] Received message from  29: 1|0,12,15,19,83,132,153,1,5,66,92,148,173,84,29,80,118,175,3,43,86,129,144,162
[125] Received message from 161: 1|0,12,15,19,83,132,153,1,161,117,125,128,185
[117] Sent Broadcast: 1|0,12,15,19,83,132,153,1,161,117,125,128,185,98
[189] Received message from 137: 1|0,12,15,19,83,132,153,1,46,51,58,88,109,194,23,62,131,137,157,26,189
[161] Received message from 132: 1|0,12,15,19,83,132,153,1,128,161,185
[ 80] Sent Broadcast: 1|0,12,15,19,83,132,153,1,5,66,92,148,173,84,29,80,118,175,100
[ 62] Sent Broadcast: 1|0,12,15,19,83,132,153,1,46,51,58,88,109,194,23,62,131,137,157
[137] Sent Broadcast: 1|0,12,15,19,83,132,153,1,46,51,58,88,109,194,23,62,131,137,157,26,189
[ 71] Received message from  55: 1|0,12,15,19,83,132,153,1,5,66,92,148,173,84,29,80,118,175,3,43,86,129,144,162,55,60,71,126,152,182
[ 60] Received message from   3: 1|0,12,15,19,83,132,153,1,5,66,92,148,173,84,29,80,118,175,3,43,86,129,144,162,55,60
[ 55] Received message from  43: 1|0,12,15,19,83,132,153,1,5,66,92,148,173,84,29,80,118,175,3,43,86,129,144,162,55,60
[  8] Received message from 100: 1|0,12,15,19,83,132,153,1,5,66,92,148,173,84,29,80,118,175,100,8,9,11,113,165,191,192
[ 86] Received message from  29: 1|0,12,15,19,83,132,153,1,5,66,92,148,173,84,29,80,118,175,3,43,86,129,144,162
[118] Received message from  84: 1|0,12,15,19,83,132,153,1,5,66,92,148,173,84,29,80,118,175
[117] Received message from 128: 1|0,12,15,19,83,132,153,1,128,161,185,109,117,125
[  3] Sent Broadcast: 1|0,12,15,19,83,132,153,1,5,66,92,148,173,84,29,80,118,175,3,43,86,129,144,162,55,60
[ 98] Received message from 125: 1|0,12,15,19,83,132,153,1,161,117,125,128,185,98
[ 69] Received message from  98: 1|0,12,15,19,83,132,153,1,161,117,125,128,185,98,13,69
[128] Received message from 161: 1|0,12,15,19,83,132,153,1,161,117,125,128,185
[126] Received message from  55: 1|0,12,15,19,83,132,153,1,5,66,92,148,173,84,29,80,118,175,3,43,86,129,144,162,55,60,71,126,152,182
[ 49] Received message from  71: 1|12,15,19,83,132,153,1,5,66,92,148,173,84,29,80,118,175,3,43,86,129,144,162,55,60,71,126,152,182,49,187
[ 98] Sent Broadcast: 1|0,12,15,19,83,132,153,1,161,117,125,128,185,98,13,69
[125] Sent Broadcast: 1|0,12,15,19,83,132,153,1,161,117,125,128,185,98
[125] Received message from 128: 1|0,12,15,19,83,132,153,1,128,161,185,109,117,125
[ 60] Received message from  43: 1|0,12,15,19,83,132,153,1,5,66,92,148,173,84,29,80,118,175,3,43,86,129,144,162,55,60
[  9] Received message from 100: 1|0,12,15,19,83,132,153,1,5,66,92,148,173,84,29,80,118,175,100,8,9,11,113,165,191,192
[185] Received message from 132: 1|0,12,15,19,83,132,153,1,128,161,185
[128] Sent Broadcast: 1|0,12,15,19,83,132,153,1,128,161,185,109,117,125
[104] Received message from  69: 1|0,12,15,19,83,132,153,1,161,117,125,128,185,98,13,69,104,169
[175] Received message from  84: 1|0,12,15,19,83,132,153,1,5,66,92,148,173,84,29,80,118,175
[182] Received message from  60: 1|0,12,15,19,83,132,153,1,5,66,92,148,173,84,29,80,118,175,3,43,86,129,144,162,55,60,182
[185] Received message from 161: 1|0,12,15,19,83,132,153,1,161,117,125,128,185
[129] Received message from  29: 1|0,12,15,19,83,132,153,1,5,66,92,148,173,84,29,80,118,175,3,43,86,129,144,162
[ 60] Received message from  86: 1|0,12,15,19,83,132,153,1,5,66,92,148,173,84,29,80,118,175,3,43,86,129,144,162,60
[ 84] Sent Broadcast: 1|0,12,15,19,83,132,153,1,5,66,92,148,173,84,29,80,118,175
[ 43] Sent Broadcast: 1|0,12,15,19,83,132,153,1,5,66,92,148,173,84,29,80,118,175,3,43,86,129,144,162,55,60
[132] Sent Broadcast: 1|0,12,15,19,83,132,153,1,128,161,185
[161] Sent Broadcast: 1|0,12,15,19,83,132,153,1,161,117,125,128,185
[ 60] Sent Broadcast: 1|0,12,15,19,83,132,153,1,5,66,92,148,173,84,29,80,118,175,3,43,86,129,144,162,55,60,182
[ 86] Sent Broadcast: 1|0,12,15,19,83,132,153,1,5,66,92,148,173,84,29,80,118,175,3,43,86,129,144,162,60
[ 45] Received message from 104: 1|0,12,15,19,83,132,153,1,161,117,125,128,185,98,13,69,104,169,45,127,138,140,160
[ 44] Received message from   9: 1|0,12,15,19,83,132,153,1,5,66,92,148,173,84,29,80,118,175,100,8,9,11,113,165,191,192,44
[ 11] Received message from 100: 1|0,12,15,19,83,132,153,1,5,66,92,148,173,84,29,80,118,175,100,8,9,11,113,165,191,192
[187] Received message from  71: 1|12,15,19,83,132,153,1,5,66,92,148,173,84,29,80,118,175,3,43,86,129,144,162,55,60,71,126,152,182,49,187
[ 49] Received message from 126: 1|12,15,19,83,132,153,1,5,66,92,148,173,84,29,80,118,175,3,43,86,129,144,162,55,60,71,126,152,182,49,187
[ 43] Received message from 118: 1|0,12,15,19,83,132,153,1,5,66,92,148,173,84,29,80,118,175,43,86,144,162
[152] Received message from  55: 1|0,12,15,19,83,132,153,1,5,66,92,148,173,84,29,80,118,175,3,43,86,129,144,162,55,60,71,126,152,182
[ 89] Received message from 182: 1|0,12,15,19,83,132,153,1,5,66,92,148,173,84,29,80,118,175,3,43,86,129,144,162,55,60,182,89,126,152
[ 55] Received message from 129: 1|0,12,15,19,83,132,153,1,5,66,92,148,173,84,29,80,118,175,3,43,86,129,144,162,55,60,126,182
[ 13] Received message from 185: 1|0,12,15,19,83,132,153,1,128,161,185,13,117,125
[ 33] Received message from  44: 1|0,12,15,19,83,132,153,1,5,66,92,148,173,84,29,80,118,175,100,8,9,11,113,165,191,192,44,33,36
[ 44] Received message from  11: 1|0,12,15,19,83,132,153,1,5,66,92,148,173,84,29,80,118,175,100,8,9,11,113,165,191,192,44
[149] Received message from  45: 1|0,12,15,19,83,132,153,1,161,117,125,128,185,98,13,69,104,169,45,127,138,140,160,149,184
[169] Received message from  69: 1|0,12,15,19,83,132,153,1,161,117,125,128,185,98,13,69,104,169
[187] Received message from 126: 1|12,15,19,83,132,153,1,5,66,92,148,173,84,29,80,118,175,3,43,86,129,144,162,55,60,71,126,152,182,49,187
[ 71] Sent Broadcast: 1|12,15,19,83,132,153,1,5,66,92,148,173,84,29,80,118,175,3,43,86,129,144,162,55,60,71,126,152,182,49,187
[  9] Sent Broadcast: 1|0,12,15,19,83,132,153,1,5,66,92,148,173,84,29,80,118,175,100,8,9,11,113,165,191,192,44
[  3] Received message from 175: 1|0,12,15,19,83,132,153,1,5,66,92,148,173,84,29,80,118,175,3,43,86,144,162
[ 11] Sent Broadcast: 1|0,12,15,19,83,132,153,1,5,66,92,148,173,84,29,80,118,175,100,8,9,11,113,165,191,192,44
[ 69] Sent Broadcast: 1|0,12,15,19,83,132,153,1,161,117,125,128,185,98,13,69,104,169
[ 67] Received message from 152: 1|12,15,19,83,132,153,1,5,66,92,148,173,84,29,80,118,175,3,43,86,129,144,162,55,60,71,126,152,182,67,81,89
[144] Received message from  29: 1|0,12,15,19,83,132,153,1,5,66,92,148,173,84,29,80,118,175,3,43,86,129,144,162
[ 67] Received message from  89: 1|12,15,19,83,132,153,1,5,66,92,148,173,84,29,80,118,175,3,43,86,129,144,162,55,60,182,89,126,152,67
[ 43] Received message from 175: 1|0,12,15,19,83,132,153,1,5,66,92,148,173,84,29,80,118,175,3,43,86,144,162
[ 60] Received message from 129: 1|0,12,15,19,83,132,153,1,5,66,92,148,173,84,29,80,118,175,3,43,86,129,144,162,55,60,126,182
[126] Sent Broadcast: 1|12,15,19,83,132,153,1,5,66,92,148,173,84,29,80,118,175,3,43,86,129,144,162,55,60,71,126,152,182,49,187
[ 89] Sent Broadcast: 1|12,15,19,83,132,153,1,5,66,92,148,173,84,29,80,118,175,3,43,86,129,144,162,55,60,182,89,126,152,67
[184] Received message from  45: 1|0,12,15,19,83,132,153,1,161,117,125,128,185,98,13,69,104,169,45,127,138,140,160,149,184
[ 81] Received message from 152: 1|12,15,19,83,132,153,1,5,66,92,148,173,84,29,80,118,175,3,43,86,129,144,162,55,60,71,126,152,182,67,81,89
[ 86] Received message from 118: 1|0,12,15,19,83,132,153,1,5,66,92,148,173,84,29,80,118,175,43,86,144,162
[117] Received message from 185: 1|0,12,15,19,83,132,153,1,128,161,185,13,117,125
[113] Received message from 100: 1|0,12,15,19,83,132,153,1,5,66,92,148,173,84,29,80,118,175,100,8,9,11,113,165,191,192
[126] Received message from 182: 1|0,12,15,19,83,132,153,1,5,66,92,148,173,84,29,80,118,175,3,43,86,129,144,162,55,60,182,89,126,152
[ 16] Received message from  33: 1|0,12,15,19,83,132,153,1,5,66,92,148,173,84,29,80,118,175,100,8,9,11,113,165,191,192,44,33,36,16,22,25,47,159
[182] Received message from  55: 1|0,12,15,19,83,132,153,1,5,66,92,148,173,84,29,80,118,175,3,43,86,129,144,162,55,60,71,126,152,182
[ 45] Sent Broadcast: 1|0,12,15,19,83,132,153,1,161,117,125,128,185,98,13,69,104,169,45,127,138,140,160,149,184
[ 36] Received message from  44: 1|0,12,15,19,83,132,153,1,5,66,92,148,173,84,29,80,118,175,100,8,9,11,113,165,191,192,44,33,36
[ 45] Received message from 169: 1|0,12,15,19,83,132,153,1,161,117,125,128,185,98,13,69,104,169,45,90,105,138,140,156,178
[127] Received message from 104: 1|0,12,15,19,83,132,153,1,161,117,125,128,185,98,13,69,104,169,45,127,138,140,160
[122] Received message from 149: 1|0,12,15,19,83,132,153,1,161,117,125,128,185,98,13,69,104,169,45,127,138,140,160,149,184,122
[162] Received message from  29: 1|0,12,15,19,83,132,153,1,5,66,92,148,173,84,29,80,118,175,3,43,86,129,144,162
[ 86] Received message from 175: 1|0,12,15,19,83,132,153,1,5,66,92,148,173,84,29,80,118,175,3,43,86,144,162
[ 64] Received message from  67: 1|12,15,19,83,132,153,1,5,66,92,148,173,84,29,80,118,175,3,43,86,129,144,162,55,60,71,126,152,182,67,81,89,64,107,158
[126] Received message from 129: 1|0,12,15,19,83,132,153,1,5,66,92,148,173,84,29,80,118,175,3,43,86,129,144,162,55,60,126,182
[ 44] Sent Broadcast: 1|0,12,15,19,83,132,153,1,5,66,92,148,173,84,29,80,118,175,100,8,9,11,113,165,191,192,44,33,36
[ 40] Received message from 144: 1|0,12,15,19,83,132,153,1,5,66,92,148,173,84,29,80,118,175,3,43,86,129,144,162,40,60
[168] Received message from 184: 1|0,12,15,19,83,132,153,1,161,117,125,128,185,98,13,69,104,169,45,127,138,140,160,149,184,168
[ 47] Received message from  81: 1|12,15,19,83,132,153,1,5,66,92,148,173,84,29,80,118,175,3,43,86,129,144,162,55,60,71,126,152,182,67,81,89,47,64,82,91,107,158,163
[ 28] Received message from 127: 1|0,12,15,19,83,132,153,1,161,117,125,128,185,98,13,69,104,169,45,127,138,140,160,28
[ 74] Received message from 122: 1|0,12,15,19,83,132,153,1,161,117,125,128,185,98,13,69,104,169,45,127,138,140,160,149,184,122,74
[ 55] Sent Broadcast: 1|0,12,15,19,83,132,153,1,5,66,92,148,173,84,29,80,118,175,3,43,86,129,144,162,55,60,71,126,152,182
[ 18] Received message from  16: 1|0,12,15,19,83,132,153,1,5,66,92,148,173,84,29,80,118,175,100,8,9,11,113,165,191,192,44,33,36,16,22,25,47,159,18,40,91
[ 18] Received message from 162: 1|0,12,15,19,83,132,153,1,5,66,92,148,173,84,29,80,118,175,3,43,86,129,144,162,18,40,60
[ 22] Received message from  33: 1|0,12,15,19,83,132,153,1,5,66,92,148,173,84,29,80,118,175,100,8,9,11,113,165,191,192,44,33,36,16,22,25,47,159
[ 60] Received message from 144: 1|0,12,15,19,83,132,153,1,5,66,92,148,173,84,29,80,118,175,3,43,86,129,144,162,40,60
[ 96] Received message from  74: 1|0,12,15,19,83,132,153,1,161,117,125,128,185,98,13,69,104,169,45,127,138,140,160,149,184,122,74,96
[125] Received message from 185: 1|0,12,15,19,83,132,153,1,128,161,185,13,117,125
[ 16] Received message from  40: 1|0,12,15,19,83,132,153,1,5,66,92,148,173,84,29,80,118,175,3,43,86,129,144,162,40,60,16,18,159,191
[144] Received message from 118: 1|0,12,15,19,83,132,153,1,5,66,92,148,173,84,29,80,118,175,43,86,144,162
[156] Received message from 168: 1|0,12,15,19,83,132,153,1,161,117,125,128,185,98,13,69,104,169,45,127,138,140,160,149,184,168,156,178
[ 90] Received message from 169: 1|0,12,15,19,83,132,153,1,161,117,125,128,185,98,13,69,104,169,45,90,105,138,140,156,178
[ 38] Received message from  36: 1|0,12,15,19,83,132,153,1,5,66,92,148,173,84,29,80,118,175,100,8,9,11,113,165,191,192,44,33,36,38,198
[149] Sent Broadcast: 1|0,12,15,19,83,132,153,1,161,117,125,128,185,98,13,69,104,169,45,127,138,140,160,149,184,122
[ 40] Received message from  16: 1|0,12,15,19,83,132,153,1,5,66,92,148,173,84,29,80,118,175,100,8,9,11,113,165,191,192,44,33,36,16,22,25,47,159,18,40,91
[ 16] Received message from  47: 1|12,15,19,83,132,153,1,5,66,92,148,173,84,29,80,118,175,3,43,86,129,144,162,55,60,71,126,152,182,67,81,89,47,64,82,91,107,158,163,16,18,22,25,33,159
[162] Received message from  18: 1|0,12,15,19,83,132,153,1,5,66,92,148,173,84,29,80,118,175,100,8,9,11,113,165,191,192,44,33,36,16,22,25,47,159,18,40,91,162
[152] Received message from 182: 1|0,12,15,19,83,132,153,1,5,66,92,148,173,84,29,80,118,175,3,43,86,129,144,162,55,60,182,89,126,152
[ 89] Received message from 152: 1|12,15,19,83,132,153,1,5,66,92,148,173,84,29,80,118,175,3,43,86,129,144,162,55,60,71,126,152,182,67,81,89
[165] Received message from 100: 1|0,12,15,19,83,132,153,1,5,66,92,148,173,84,29,80,118,175,100,8,9,11,113,165,191,192
[182] Sent Broadcast: 1|0,12,15,19,83,132,153,1,5,66,92,148,173,84,29,80,118,175,3,43,86,129,144,162,55,60,182,89,126,152
[184] Sent Broadcast: 1|0,12,15,19,83,132,153,1,161,117,125,128,185,98,13,69,104,169,45,127,138,140,160,149,184,168
[ 87] Received message from  22: 1|0,12,15,19,83,132,153,1,5,66,92,148,173,84,29,80,118,175,100,8,9,11,113,165,191,192,44,33,36,16,22,25,47,159,87
[182] Received message from 129: 1|0,12,15,19,83,132,153,1,5,66,92,148,173,84,29,80,118,175,3,43,86,129,144,162,55,60,126,182
[127] Sent Broadcast: 1|0,12,15,19,83,132,153,1,161,117,125,128,185,98,13,69,104,169,45,127,138,140,160,28
[ 29] Sent Broadcast: 1|0,12,15,19,83,132,153,1,5,66,92,148,173,84,29,80,118,175,3,43,86,129,144,162
[129] Sent Broadcast: 1|0,12,15,19,83,132,153,1,5,66,92,148,173,84,29,80,118,175,3,43,86,129,144,162,55,60,126,182
[122] Sent Broadcast: 1|0,12,15,19,83,132,153,1,161,117,125,128,185,98,13,69,104,169,45,127,138,140,160,149,184,122,74
[ 39] Received message from  64: 1|12,15,19,83,132,153,1,5,66,92,148,173,84,29,80,118,175,3,43,86,129,144,162,55,60,71,126,152,182,67,81,89,64,107,158,39,115
[ 63] Received message from  28: 1|0,12,15,19,83,132,153,1,161,117,125,128,185,98,13,69,104,169,45,127,138,140,160,28,63,123
[116] Received message from  96: 1|0,12,15,19,83,132,153,1,161,117,125,128,185,98,13,69,104,169,45,127,138,140,160,149,184,122,74,96,116
[107] Received message from  67: 1|12,15,19,83,132,153,1,5,66,92,148,173,84,29,80,118,175,3,43,86,129,144,162,55,60,71,126,152,182,67,81,89,64,107,158
[138] Received message from 104: 1|0,12,15,19,83,132,153,1,161,117,125,128,185,98,13,69,104,169,45,127,138,140,160
[185] Sent Broadcast: 1|0,12,15,19,83,132,153,1,128,161,185,13,117,125
[ 74] Sent Broadcast: 1|0,12,15,19,83,132,153,1,161,117,125,128,185,98,13,69,104,169,45,127,138,140,160,149,184,122,74,96
[144] Sent Broadcast: 1|0,12,15,19,83,132,153,1,5,66,92,148,173,84,29,80,118,175,3,43,86,129,144,162,40,60
[144] Received message from 175: 1|0,12,15,19,83,132,153,1,5,66,92,148,173,84,29,80,118,175,3,43,86,144,162
[ 25] Received message from  33: 1|0,12,15,19,83,132,153,1,5,66,92,148,173,84,29,80,118,175,100,8,9,11,113,165,191,192,44,33,36,16,22,25,47,159
[ 90] Received message from 156: 1|0,12,15,19,83,132,153,1,161,117,125,128,185,98,13,69,104,169,45,127,138,140,160,149,184,168,156,178,90,105
[152] Sent Broadcast: 1|12,15,19,83,132,153,1,5,66,92,148,173,84,29,80,118,175,3,43,86,129,144,162,55,60,71,126,152,182,67,81,89
[ 64] Received message from  81: 1|12,15,19,83,132,153,1,5,66,92,148,173,84,29,80,118,175,3,43,86,129,144,162,55,60,71,126,152,182,67,81,89,47,64,82,91,107,158,163
[ 22] Sent Broadcast: 1|0,12,15,19,83,132,153,1,5,66,92,148,173,84,29,80,118,175,100,8,9,11,113,165,191,192,44,33,36,16,22,25,47,159,87
[179] Received message from  87: 1|0,12,15,19,83,132,153,1,5,66,92,148,173,84,29,80,118,175,100,8,9,11,113,165,191,192,44,33,36,16,22,25,47,159,87,179
[ 96] Sent Broadcast: 1|0,12,15,19,83,132,153,1,161,117,125,128,185,98,13,69,104,169,45,127,138,140,160,149,184,122,74,96,116
[191] Received message from 100: 1|0,12,15,19,83,132,153,1,5,66,92,148,173,84,29,80,118,175,100,8,9,11,113,165,191,192
[ 32] Received message from  90: 1|0,12,15,19,83,132,153,1,161,117,125,128,185,98,13,69,104,169,45,90,105,138,140,156,178,32
[105] Received message from 169: 1|0,12,15,19,83,132,153,1,161,117,125,128,185,98,13,69,104,169,45,90,105,138,140,156,178
[ 40] Received message from 162: 1|0,12,15,19,83,132,153,1,5,66,92,148,173,84,29,80,118,175,3,43,86,129,144,162,18,40,60
[123] Received message from  28: 1|0,12,15,19,83,132,153,1,161,117,125,128,185,98,13,69,104,169,45,127,138,140,160,28,63,123
[ 91] Received message from  16: 1|0,12,15,19,83,132,153,1,5,66,92,148,173,84,29,80,118,175,100,8,9,11,113,165,191,192,44,33,36,16,22,25,47,159,18,40,91
[ 90] Received message from 138: 1|0,12,15,19,83,132,153,1,161,117,125,128,185,98,13,69,104,169,45,127,138,140,160,90,105,156,168,178
[198] Received message from  36: 1|0,12,15,19,83,132,153,1,5,66,92,148,173,84,29,80,118,175,100,8,9,11,113,165,191,192,44,33,36,38,198
[ 50] Received message from  39: 1|12,15,19,83,132,153,1,5,66,92,148,173,84,29,80,118,175,3,43,86,129,144,162,55,60,71,126,152,182,67,81,89,64,107,158,39,115,50,52,72,77,94,102,124,130,171,183
[178] Received message from 168: 1|0,12,15,19,83,132,153,1,161,117,125,128,185,98,13,69,104,169,45,127,138,140,160,149,184,168,156,178
[ 18] Received message from  40: 1|0,12,15,19,83,132,153,1,5,66,92,148,173,84,29,80,118,175,3,43,86,129,144,162,40,60,16,18,159,191
[ 42] Received message from 116: 1|0,12,15,19,83,132,153,1,161,117,125,128,185,98,13,69,104,169,45,127,138,140,160,149,184,122,74,96,116,42,176
[105] Received message from 156: 1|0,12,15,19,83,132,153,1,161,117,125,128,185,98,13,69,104,169,45,127,138,140,160,149,184,168,156,178,90,105
[ 18] Sent Broadcast: 1|0,12,15,19,83,132,153,1,5,66,92,148,173,84,29,80,118,175,100,8,9,11,113,165,191,192,44,33,36,16,22,25,47,159,18,40,91,162
[ 87] Sent Broadcast: 1|0,12,15,19,83,132,153,1,5,66,92,148,173,84,29,80,118,175,100,8,9,11,113,165,191,192,44,33,36,16,22,25,47,159,87,179
[162] Received message from 118: 1|0,12,15,19,83,132,153,1,5,66,92,148,173,84,29,80,118,175,43,86,144,162
[ 18] Received message from  47: 1|12,15,19,83,132,153,1,5,66,92,148,173,84,29,80,118,175,3,43,86,129,144,162,55,60,71,126,152,182,67,81,89,47,64,82,91,107,158,163,16,18,22,25,33,159
[ 32] Received message from 105: 1|0,12,15,19,83,132,153,1,161,117,125,128,185,98,13,69,104,169,45,90,105,138,140,156,178,32
[ 18] Received message from  25: 1|0,12,15,19,83,132,153,1,5,66,92,148,173,84,29,80,118,175,100,8,9,11,113,165,191,192,44,33,36,16,22,25,47,159,18
[115] Received message from  64: 1|12,15,19,83,132,153,1,5,66,92,148,173,84,29,80,118,175,3,43,86,129,144,162,55,60,71,126,152,182,67,81,89,64,107,158,39,115
[ 82] Received message from  81: 1|12,15,19,83,132,153,1,5,66,92,148,173,84,29,80,118,175,3,43,86,129,144,162,55,60,71,126,152,182,67,81,89,47,64,82,91,107,158,163
[118] Sent Broadcast: 1|0,12,15,19,83,132,153,1,5,66,92,148,173,84,29,80,118,175,43,86,144,162
[ 16] Sent Broadcast: 1|0,12,15,19,83,132,153,1,5,66,92,148,173,84,29,80,118,175,100,8,9,11,113,165,191,192,44,33,36,16,22,25,47,159,18,40,91
[ 40] Received message from 191: 1|0,12,15,19,83,132,153,1,5,66,92,148,173,84,29,80,118,175,100,8,9,11,113,165,191,192,40
[ 36] Sent Broadcast: 1|0,12,15,19,83,132,153,1,5,66,92,148,173,84,29,80,118,175,100,8,9,11,113,165,191,192,44,33,36,38,198
[168] Sent Broadcast: 1|0,12,15,19,83,132,153,1,161,117,125,128,185,98,13,69,104,169,45,127,138,140,160,149,184,168,156,178
[ 28] Sent Broadcast: 1|0,12,15,19,83,132,153,1,161,117,125,128,185,98,13,69,104,169,45,127,138,140,160,28,63,123
[ 90] Sent Broadcast: 1|0,12,15,19,83,132,153,1,161,117,125,128,185,98,13,69,104,169,45,90,105,138,140,156,178,32
[ 47] Received message from  33: 1|0,12,15,19,83,132,153,1,5,66,92,148,173,84,29,80,118,175,100,8,9,11,113,165,191,192,44,33,36,16,22,25,47,159
[ 82] Received message from 107: 1|12,15,19,83,132,153,1,5,66,92,148,173,84,29,80,118,175,3,43,86,129,144,162,55,60,71,126,152,182,67,81,89,64,107,158,82,91,115,163
[ 20] Received message from  50: 1|12,15,19,83,132,153,1,5,66,92,148,173,84,29,80,118,175,3,43,86,129,144,162,55,60,71,126,152,182,67,81,89,64,107,158,39,115,50,52,72,77,94,102,124,130,171,183,20,30,68,101
[ 91] Received message from  81: 1|12,15,19,83,132,153,1,5,66,92,148,173,84,29,80,118,175,3,43,86,129,144,162,55,60,71,126,152,182,67,81,89,47,64,82,91,107,158,163
[105] Received message from 138: 1|0,12,15,19,83,132,153,1,161,117,125,128,185,98,13,69,104,169,45,127,138,140,160,90,105,156,168,178
[158] Received message from  67: 1|12,15,19,83,132,153,1,5,66,92,148,173,84,29,80,118,175,3,43,86,129,144,162,55,60,71,126,152,182,67,81,89,64,107,158
[ 82] Received message from 115: 1|12,15,19,83,132,153,1,5,66,92,148,173,84,29,80,118,175,3,43,86,129,144,162,55,60,71,126,152,182,67,81,89,64,107,158,39,115,82,102,141,154
[ 52] Received message from  39: 1|12,15,19,83,132,153,1,5,66,92,148,173,84,29,80,118,175,3,43,86,129,144,162,55,60,71,126,152,182,67,81,89,64,107,158,39,115,50,52,72,77,94,102,124,130,171,183
[191] Sent Broadcast: 1|0,12,15,19,83,132,153,1,5,66,92,148,173,84,29,80,118,175,100,8,9,11,113,165,191,192,40
[162] Received message from 175: 1|0,12,15,19,83,132,153,1,5,66,92,148,173,84,29,80,118,175,3,43,86,144,162
[140] Received message from 104: 1|0,12,15,19,83,132,153,1,161,117,125,128,185,98,13,69,104,169,45,127,138,140,160
[ 25] Sent Broadcast: 1|0,12,15,19,83,132,153,1,5,66,92,148,173,84,29,80,118,175,100,8,9,11,113,165,191,192,44,33,36,16,22,25,47,159,18
[ 81] Received message from  91: 1|0,12,15,19,83,132,153,1,5,66,92,148,173,84,29,80,118,175,100,8,9,11,113,165,191,192,44,33,36,16,22,25,47,159,18,40,91,81,82,107,141,163
[110] Received message from  32: 1|0,12,15,19,83,132,153,1,161,117,125,128,185,98,13,69,104,169,45,90,105,138,140,156,178,32,110
[175] Sent Broadcast: 1|0,12,15,19,83,132,153,1,5,66,92,148,173,84,29,80,118,175,3,43,86,144,162
[ 60] Received message from 162: 1|0,12,15,19,83,132,153,1,5,66,92,148,173,84,29,80,118,175,3,43,86,129,144,162,18,40,60
[ 37] Received message from  82: 1|12,15,19,83,132,153,1,5,66,92,148,173,84,29,80,118,175,3,43,86,129,144,162,55,60,71,126,152,182,67,81,89,64,107,158,82,91,115,163,37,93,141,147,154
[192] Received message from 100: 1|0,12,15,19,83,132,153,1,5,66,92,148,173,84,29,80,118,175,100,8,9,11,113,165,191,192
[138] Received message from 169: 1|0,12,15,19,83,132,153,1,161,117,125,128,185,98,13,69,104,169,45,90,105,138,140,156,178
[ 35] Received message from  42: 1|0,12,15,19,83,132,153,1,161,117,125,128,185,98,13,69,104,169,45,127,138,140,160,149,184,122,74,96,116,42,176,35
[ 32] Sent Broadcast: 1|0,12,15,19,83,132,153,1,161,117,125,128,185,98,13,69,104,169,45,90,105,138,140,156,178,32,110
[156] Sent Broadcast: 1|0,12,15,19,83,132,153,1,161,117,125,128,185,98,13,69,104,169,45,127,138,140,160,149,184,168,156,178,90,105
[ 64] Sent Broadcast: 1|12,15,19,83,132,153,1,5,66,92,148,173,84,29,80,118,175,3,43,86,129,144,162,55,60,71,126,152,182,67,81,89,64,107,158,39,115
[ 90] Received message from 178: 1|0,12,15,19,83,132,153,1,161,117,125,128,185,98,13,69,104,169,45,127,138,140,160,149,184,168,156,178,90,105
[105] Sent Broadcast: 1|0,12,15,19,83,132,153,1,161,117,125,128,185,98,13,69,104,169,45,90,105,138,140,156,178,32
[ 82] Received message from 158: 1|12,15,19,83,132,153,1,5,66,92,148,173,84,29,80,118,175,3,43,86,129,144,162,55,60,71,126,152,182,67,81,89,64,107,158,82,115,154,163
[ 20] Received message from  52: 1|12,15,19,83,132,153,1,5,66,92,148,173,84,29,80,118,175,3,43,86,129,144,162,55,60,71,126,152,182,67,81,89,64,107,158,39,115,50,52,72,77,94,102,124,130,171,183,20,30,68,101
[172] Received message from  37: 1|12,15,19,83,132,153,1,5,66,92,148,173,84,29,80,118,175,3,43,86,129,144,162,55,60,71,126,152,182,67,81,89,64,107,158,82,91,115,163,37,93,141,147,154,172
[ 34] Received message from 172: 1|12,15,19,83,132,153,1,5,66,92,148,173,84,29,80,118,175,3,43,86,129,144,162,55,60,71,126,152,182,67,81,89,64,107,158,82,91,115,163,37,93,141,147,154,172,34,142,181
[ 67] Sent Broadcast: 1|12,15,19,83,132,153,1,5,66,92,148,173,84,29,80,118,175,3,43,86,129,144,162,55,60,71,126,152,182,67,81,89,64,107,158
[176] Received message from 116: 1|0,12,15,19,83,132,153,1,161,117,125,128,185,98,13,69,104,169,45,127,138,140,160,149,184,122,74,96,116,42,176
[162] Sent Broadcast: 1|0,12,15,19,83,132,153,1,5,66,92,148,173,84,29,80,118,175,3,43,86,129,144,162,18,40,60
[ 82] Received message from  91: 1|0,12,15,19,83,132,153,1,5,66,92,148,173,84,29,80,118,175,100,8,9,11,113,165,191,192,44,33,36,16,22,25,47,159,18,40,91,81,82,107,141,163
[ 54] Received message from  35: 1|0,12,15,19,83,132,153,1,161,117,125,128,185,98,13,69,104,169,45,127,138,140,160,149,184,122,74,96,116,42,176,35,54,56,99,174,186
[ 22] Received message from  47: 1|12,15,19,83,132,153,1,5,66,92,148,173,84,29,80,118,175,3,43,86,129,144,162,55,60,71,126,152,182,67,81,89,47,64,82,91,107,158,163,16,18,22,25,33,159
[159] Received message from  40: 1|0,12,15,19,83,132,153,1,5,66,92,148,173,84,29,80,118,175,3,43,86,129,144,162,40,60,16,18,159,191
[135] Received message from  54: 1|0,12,15,19,83,132,153,1,161,117,125,128,185,98,13,69,104,169,45,127,138,140,160,149,184,122,74,96,116,42,176,35,54,56,99,174,186,135
[ 30] Received message from  50: 1|12,15,19,83,132,153,1,5,66,92,148,173,84,29,80,118,175,3,43,86,129,144,162,55,60,71,126,152,182,67,81,89,64,107,158,39,115,50,52,72,77,94,102,124,130,171,183,20,30,68,101
[159] Received message from  33: 1|0,12,15,19,83,132,153,1,5,66,92,148,173,84,29,80,118,175,100,8,9,11,113,165,191,192,44,33,36,16,22,25,47,159
[ 72] Received message from  39: 1|12,15,19,83,132,153,1,5,66,92,148,173,84,29,80,118,175,3,43,86,129,144,162,55,60,71,126,152,182,67,81,89,64,107,158,39,115,50,52,72,77,94,102,124,130,171,183
[156] Received message from 140: 1|0,12,15,19,83,132,153,1,161,117,125,128,185,98,13,69,104,169,45,127,138,140,160,156,168,178
[ 30] Received message from  52: 1|12,15,19,83,132,153,1,5,66,92,148,173,84,29,80,118,175,3,43,86,129,144,162,55,60,71,126,152,182,67,81,89,64,107,158,39,115,50,52,72,77,94,102,124,130,171,183,20,30,68,101
[ 25] Received message from 159: 1|12,15,19,83,132,153,1,5,66,92,148,173,84,29,80,118,175,3,43,86,129,144,162,40,60,16,18,159,191,25,33,47
[107] Received message from  81: 1|12,15,19,83,132,153,1,5,66,92,148,173,84,29,80,118,175,3,43,86,129,144,162,55,60,71,126,152,182,67,81,89,47,64,82,91,107,158,163
[ 48] Received message from  30: 1|12,15,19,83,132,153,1,5,66,92,148,173,84,29,80,118,175,3,43,86,129,144,162,55,60,71,126,152,182,67,81,89,64,107,158,39,115,50,52,72,77,94,102,124,130,171,183,20,30,68,101,48
[133] Received message from  48: 1|12,15,19,83,132,153,1,5,66,92,148,173,84,29,80,118,175,3,43,86,129,144,162,55,60,71,126,152,182,67,81,89,64,107,158,39,115,50,52,72,77,94,102,124,130,171,183,20,30,68,101,48,133,181
[105] Received message from 178: 1|0,12,15,19,83,132,153,1,161,117,125,128,185,98,13,69,104,169,45,127,138,140,160,149,184,168,156,178,90,105
[116] Sent Broadcast: 1|0,12,15,19,83,132,153,1,161,117,125,128,185,98,13,69,104,169,45,127,138,140,160,149,184,122,74,96,116,42,176
[100] Sent Broadcast: 1|0,12,15,19,83,132,153,1,5,66,92,148,173,84,29,80,118,175,100,8,9,11,113,165,191,192
[ 42] Sent Broadcast: 1|0,12,15,19,83,132,153,1,161,117,125,128,185,98,13,69,104,169,45,127,138,140,160,149,184,122,74,96,116,42,176,35
[ 37] Sent Broadcast: 1|12,15,19,83,132,153,1,5,66,92,148,173,84,29,80,118,175,3,43,86,129,144,162,55,60,71,126,152,182,67,81,89,64,107,158,82,91,115,163,37,93,141,147,154,172
[160] Received message from 104: 1|0,12,15,19,83,132,153,1,161,117,125,128,185,98,13,69,104,169,45,127,138,140,160
[ 91] Received message from 107: 1|12,15,19,83,132,153,1,5,66,92,148,173,84,29,80,118,175,3,43,86,129,144,162,55,60,71,126,152,182,67,81,89,64,107,158,82,91,115,163
[  4] Received message from 135: 1|0,12,15,19,83,132,153,1,161,117,125,128,185,98,13,69,104,169,45,127,138,140,160,149,184,122,74,96,116,42,176,35,54,56,99,174,186,135,4,24,119,121,166,190
[102] Received message from 115: 1|12,15,19,83,132,153,1,5,66,92,148,173,84,29,80,118,175,3,43,86,129,144,162,55,60,71,126,152,182,67,81,89,64,107,158,39,115,82,102,141,154
[ 21] Received message from 110: 1|0,12,15,19,83,132,153,1,161,117,125,128,185,98,13,69,104,169,45,90,105,138,140,156,178,32,110,21,65,76
[140] Received message from 169: 1|0,12,15,19,83,132,153,1,161,117,125,128,185,98,13,69,104,169,45,90,105,138,140,156,178
[156] Received message from 138: 1|0,12,15,19,83,132,153,1,161,117,125,128,185,98,13,69,104,169,45,127,138,140,160,90,105,156,168,178
[115] Received message from 158: 1|12,15,19,83,132,153,1,5,66,92,148,173,84,29,80,118,175,3,43,86,129,144,162,55,60,71,126,152,182,67,81,89,64,107,158,82,115,154,163
[ 93] Received message from  82: 1|12,15,19,83,132,153,1,5,66,92,148,173,84,29,80,118,175,3,43,86,129,144,162,55,60,71,126,152,182,67,81,89,64,107,158,82,91,115,163,37,93,141,147,154
[150] Received message from  21: 1|12,15,19,83,132,153,1,161,117,125,128,185,98,13,69,104,169,45,90,105,138,140,156,178,32,110,21,65,76,150
[ 20] Received message from  72: 1|12,15,19,83,132,153,1,5,66,92,148,173,84,29,80,118,175,3,43,86,129,144,162,55,60,71,126,152,182,67,81,89,64,107,158,39,115,50,52,72,77,94,102,124,130,171,183,20,30,68
[104] Sent Broadcast: 1|0,12,15,19,83,132,153,1,161,117,125,128,185,98,13,69,104,169,45,127,138,140,160
[108] Received message from   4: 1|0,12,15,19,83,132,153,1,161,117,125,128,185,98,13,69,104,169,45,127,138,140,160,149,184,122,74,96,116,42,176,35,54,56,99,174,186,135,4,24,119,121,166,190,108
[ 20] Received message from 102: 1|12,15,19,83,132,153,1,5,66,92,148,173,84,29,80,118,175,3,43,86,129,144,162,55,60,71,126,152,182,67,81,89,64,107,158,39,115,82,102,141,154,20,30,50,52,68,72,77,94,124,183
[172] Received message from  93: 1|12,15,19,83,132,153,1,5,66,92,148,173,84,29,80,118,175,3,43,86,129,144,162,55,60,71,126,152,182,67,81,89,64,107,158,82,91,115,163,37,93,141,147,154,172
[ 75] Received message from 108: 1|0,12,15,19,83,132,153,1,161,117,125,128,185,98,13,69,104,169,45,127,138,140,160,149,184,122,74,96,116,42,176,35,54,56,99,174,186,135,4,24,119,121,166,190,108,75
[  6] Received message from  75: 1|0,12,15,19,83,132,153,1,161,117,125,128,185,98,13,69,104,169,45,127,138,140,160,149,184,122,74,96,116,42,176,35,54,56,99,174,186,135,4,24,119,121,166,190,108,75,6,17,79
[ 54] Sent Broadcast: 1|0,12,15,19,83,132,153,1,161,117,125,128,185,98,13,69,104,169,45,127,138,140,160,149,184,122,74,96,116,42,176,35,54,56,99,174,186,135
[ 56] Received message from  35: 1|0,12,15,19,83,132,153,1,161,117,125,128,185,98,13,69,104,169,45,127,138,140,160,149,184,122,74,96,116,42,176,35,54,56,99,174,186
[ 30] Sent Broadcast: 1|12,15,19,83,132,153,1,5,66,92,148,173,84,29,80,118,175,3,43,86,129,144,162,55,60,71,126,152,182,67,81,89,64,107,158,39,115,50,52,72,77,94,102,124,130,171,183,20,30,68,101,48
[ 99] Received message from 176: 1|0,12,15,19,83,132,153,1,161,117,125,128,185,98,13,69,104,169,45,127,138,140,160,149,184,122,74,96,116,42,176,99,186
[ 25] Received message from  47: 1|12,15,19,83,132,153,1,5,66,92,148,173,84,29,80,118,175,3,43,86,129,144,162,55,60,71,126,152,182,67,81,89,47,64,82,91,107,158,163,16,18,22,25,33,159
[142] Received message from 172: 1|12,15,19,83,132,153,1,5,66,92,148,173,84,29,80,118,175,3,43,86,129,144,162,55,60,71,126,152,182,67,81,89,64,107,158,82,91,115,163,37,93,141,147,154,172,34,142,181
[ 93] Sent Broadcast: 1|12,15,19,83,132,153,1,5,66,92,148,173,84,29,80,118,175,3,43,86,129,144,162,55,60,71,126,152,182,67,81,89,64,107,158,82,91,115,163,37,93,141,147,154,172
[ 21] Sent Broadcast: 1|12,15,19,83,132,153,1,161,117,125,128,185,98,13,69,104,169,45,90,105,138,140,156,178,32,110,21,65,76,150
[108] Sent Broadcast: 1|0,12,15,19,83,132,153,1,161,117,125,128,185,98,13,69,104,169,45,127,138,140,160,149,184,122,74,96,116,42,176,35,54,56,99,174,186,135,4,24,119,121,166,190,108,75
[ 30] Received message from  72: 1|12,15,19,83,132,153,1,5,66,92,148,173,84,29,80,118,175,3,43,86,129,144,162,55,60,71,126,152,182,67,81,89,64,107,158,39,115,50,52,72,77,94,102,124,130,171,183,20,30,68
[  4] Sent Broadcast: 1|0,12,15,19,83,132,153,1,161,117,125,128,185,98,13,69,104,169,45,127,138,140,160,149,184,122,74,96,116,42,176,35,54,56,99,174,186,135,4,24,119,121,166,190,108
[178] Sent Broadcast: 1|0,12,15,19,83,132,153,1,161,117,125,128,185,98,13,69,104,169,45,127,138,140,160,149,184,168,156,178,90,105
[ 33] Sent Broadcast: 1|0,12,15,19,83,132,153,1,5,66,92,148,173,84,29,80,118,175,100,8,9,11,113,165,191,192,44,33,36,16,22,25,47,159
[191] Received message from  40: 1|0,12,15,19,83,132,153,1,5,66,92,148,173,84,29,80,118,175,3,43,86,129,144,162,40,60,16,18,159,191
[ 68] Received message from  50: 1|12,15,19,83,132,153,1,5,66,92,148,173,84,29,80,118,175,3,43,86,129,144,162,55,60,71,126,152,182,67,81,89,64,107,158,39,115,50,52,72,77,94,102,124,130,171,183,20,30,68,101
[168] Received message from 140: 1|0,12,15,19,83,132,153,1,161,117,125,128,185,98,13,69,104,169,45,127,138,140,160,156,168,178
[ 28] Received message from 160: 1|0,12,15,19,83,132,153,1,161,117,125,128,185,98,13,69,104,169,45,127,138,140,160,28
[ 40] Sent Broadcast: 1|0,12,15,19,83,132,153,1,5,66,92,148,173,84,29,80,118,175,3,43,86,129,144,162,40,60,16,18,159,191
[181] Received message from  48: 1|12,15,19,83,132,153,1,5,66,92,148,173,84,29,80,118,175,3,43,86,129,144,162,55,60,71,126,152,182,67,81,89,64,107,158,39,115,50,52,72,77,94,102,124,130,171,183,20,30,68,101,48,133,181
[ 77] Received message from  39: 1|12,15,19,83,132,153,1,5,66,92,148,173,84,29,80,118,175,3,43,86,129,144,162,55,60,71,126,152,182,67,81,89,64,107,158,39,115,50,52,72,77,94,102,124,130,171,183
[156] Received message from 169: 1|0,12,15,19,83,132,153,1,161,117,125,128,185,98,13,69,104,169,45,90,105,138,140,156,178
[ 33] Received message from 159: 1|12,15,19,83,132,153,1,5,66,92,148,173,84,29,80,118,175,3,43,86,129,144,162,40,60,16,18,159,191,25,33,47
[ 99] Received message from  35: 1|0,12,15,19,83,132,153,1,161,117,125,128,185,98,13,69,104,169,45,127,138,140,160,149,184,122,74,96,116,42,176,35,54,56,99,174,186
[158] Received message from  81: 1|12,15,19,83,132,153,1,5,66,92,148,173,84,29,80,118,175,3,43,86,129,144,162,55,60,71,126,152,182,67,81,89,47,64,82,91,107,158,163
[ 17] Received message from  75: 1|0,12,15,19,83,132,153,1,161,117,125,128,185,98,13,69,104,169,45,127,138,140,160,149,184,122,74,96,116,42,176,35,54,56,99,174,186,135,4,24,119,121,166,190,108,75,6,17,79
[168] Received message from 138: 1|0,12,15,19,83,132,153,1,161,117,125,128,185,98,13,69,104,169,45,127,138,140,160,90,105,156,168,178
[115] Received message from 107: 1|12,15,19,83,132,153,1,5,66,92,148,173,84,29,80,118,175,3,43,86,129,144,162,55,60,71,126,152,182,67,81,89,64,107,158,82,91,115,163
[ 65] Received message from 110: 1|0,12,15,19,83,132,153,1,161,117,125,128,185,98,13,69,104,169,45,90,105,138,140,156,178,32,110,21,65,76
[ 27] Received message from   6: 1|0,12,15,19,83,132,153,1,161,117,125,128,185,98,13,69,104,169,45,127,138,140,160,149,184,122,74,96,116,42,176,35,54,56,99,174,186,135,4,24,119,121,166,190,108,75,6,17,79,27,180
[ 68] Received message from  52: 1|12,15,19,83,132,153,1,5,66,92,148,173,84,29,80,118,175,3,43,86,129,144,162,55,60,71,126,152,182,67,81,89,64,107,158,39,115,50,52,72,77,94,102,124,130,171,183,20,30,68,101
[141] Received message from 115: 1|12,15,19,83,132,153,1,5,66,92,148,173,84,29,80,118,175,3,43,86,129,144,162,55,60,71,126,152,182,67,81,89,64,107,158,39,115,82,102,141,154
[141] Received message from  82: 1|12,15,19,83,132,153,1,5,66,92,148,173,84,29,80,118,175,3,43,86,129,144,162,55,60,71,126,152,182,67,81,89,64,107,158,82,91,115,163,37,93,141,147,154
[107] Received message from  91: 1|0,12,15,19,83,132,153,1,5,66,92,148,173,84,29,80,118,175,100,8,9,11,113,165,191,192,44,33,36,16,22,25,47,159,18,40,91,81,82,107,141,163
[ 30] Received message from 102: 1|12,15,19,83,132,153,1,5,66,92,148,173,84,29,80,118,175,3,43,86,129,144,162,55,60,71,126,152,182,67,81,89,64,107,158,39,115,82,102,141,154,20,30,50,52,68,72,77,94,124,183
[ 48] Received message from  68: 1|12,15,19,83,132,153,1,5,66,92,148,173,84,29,80,118,175,3,43,86,129,144,162,55,60,71,126,152,182,67,81,89,64,107,158,39,115,50,52,72,77,94,102,124,130,171,183,20,30,68,101,48
[ 33] Received message from  47: 1|12,15,19,83,132,153,1,5,66,92,148,173,84,29,80,118,175,3,43,86,129,144,162,55,60,71,126,152,182,67,81,89,47,64,82,91,107,158,163,16,18,22,25,33,159
[186] Received message from 176: 1|0,12,15,19,83,132,153,1,161,117,125,128,185,98,13,69,104,169,45,127,138,140,160,149,184,122,74,96,116,42,176,99,186
[ 34] Received message from 181: 1|12,15,19,83,132,153,1,5,66,92,148,173,84,29,80,118,175,3,43,86,129,144,162,55,60,71,126,152,182,67,81,89,64,107,158,39,115,50,52,72,77,94,102,124,130,171,183,20,30,68,101,48,133,181,34,142,172
[ 24] Received message from 135: 1|0,12,15,19,83,132,153,1,161,117,125,128,185,98,13,69,104,169,45,127,138,140,160,149,184,122,74,96,116,42,176,35,54,56,99,174,186,135,4,24,119,121,166,190
[ 68] Received message from  72: 1|12,15,19,83,132,153,1,5,66,92,148,173,84,29,80,118,175,3,43,86,129,144,162,55,60,71,126,152,182,67,81,89,64,107,158,39,115,50,52,72,77,94,102,124,130,171,183,20,30,68
[ 27] Received message from  17: 1|0,12,15,19,83,132,153,1,161,117,125,128,185,98,13,69,104,169,45,127,138,140,160,149,184,122,74,96,116,42,176,35,54,56,99,174,186,135,4,24,119,121,166,190,108,75,6,17,79,27,111,180
[ 35] Received message from  99: 1|0,12,15,19,83,132,153,1,161,117,125,128,185,98,13,69,104,169,45,127,138,140,160,149,184,122,74,96,116,42,176,99,186,35,54,56,135,174
[154] Received message from 158: 1|12,15,19,83,132,153,1,5,66,92,148,173,84,29,80,118,175,3,43,86,129,144,162,55,60,71,126,152,182,67,81,89,64,107,158,82,115,154,163
[ 37] Received message from 141: 1|12,15,19,83,132,153,1,5,66,92,148,173,84,29,80,118,175,3,43,86,129,144,162,55,60,71,126,152,182,67,81,89,64,107,158,39,115,82,102,141,154,37,91,93,147,163,172
[ 35] Received message from 186: 1|0,12,15,19,83,132,153,1,161,117,125,128,185,98,13,69,104,169,45,127,138,140,160,149,184,122,74,96,116,42,176,99,186,35,54,56,174
[160] Sent Broadcast: 1|0,12,15,19,83,132,153,1,161,117,125,128,185,98,13,69,104,169,45,127,138,140,160,28
[176] Sent Broadcast: 1|0,12,15,19,83,132,153,1,161,117,125,128,185,98,13,69,104,169,45,127,138,140,160,149,184,122,74,96,116,42,176,99,186
[ 37] Received message from 154: 1|12,15,19,83,132,153,1,5,66,92,148,173,84,29,80,118,175,3,43,86,129,144,162,55,60,71,126,152,182,67,81,89,64,107,158,82,115,154,163,37,93,141,147,172
[ 48] Sent Broadcast: 1|12,15,19,83,132,153,1,5,66,92,148,173,84,29,80,118,175,3,43,86,129,144,162,55,60,71,126,152,182,67,81,89,64,107,158,39,115,50,52,72,77,94,102,124,130,171,183,20,30,68,101,48,133,181
[101] Received message from  50: 1|12,15,19,83,132,153,1,5,66,92,148,173,84,29,80,118,175,3,43,86,129,144,162,55,60,71,126,152,182,67,81,89,64,107,158,39,115,50,52,72,77,94,102,124,130,171,183,20,30,68,101
[  7] Received message from  27: 1|0,12,15,19,83,132,153,1,161,117,125,128,185,98,13,69,104,169,45,127,138,140,160,149,184,122,74,96,116,42,176,35,54,56,99,174,186,135,4,24,119,121,166,190,108,75,6,17,79,27,180,7,114
[ 79] Received message from  75: 1|0,12,15,19,83,132,153,1,161,117,125,128,185,98,13,69,104,169,45,127,138,140,160,149,184,122,74,96,116,42,176,35,54,56,99,174,186,135,4,24,119,121,166,190,108,75,6,17,79
[ 94] Received message from  39: 1|12,15,19,83,132,153,1,5,66,92,148,173,84,29,80,118,175,3,43,86,129,144,162,55,60,71,126,152,182,67,81,89,64,107,158,39,115,50,52,72,77,94,102,124,130,171,183
[178] Received message from 140: 1|0,12,15,19,83,132,153,1,161,117,125,128,185,98,13,69,104,169,45,127,138,140,160,156,168,178
[ 31] Received message from 101: 1|12,15,19,83,132,153,1,5,66,92,148,173,84,29,80,118,175,3,43,86,129,144,162,55,60,71,126,152,182,67,81,89,64,107,158,39,115,50,52,72,77,94,102,124,130,171,183,20,30,68,101,31,53,73,106
[181] Received message from 172: 1|12,15,19,83,132,153,1,5,66,92,148,173,84,29,80,118,175,3,43,86,129,144,162,55,60,71,126,152,182,67,81,89,64,107,158,82,91,115,163,37,93,141,147,154,172,34,142,181
[178] Received message from 138: 1|0,12,15,19,83,132,153,1,161,117,125,128,185,98,13,69,104,169,45,127,138,140,160,90,105,156,168,178
[141] Received message from  91: 1|0,12,15,19,83,132,153,1,5,66,92,148,173,84,29,80,118,175,100,8,9,11,113,165,191,192,44,33,36,16,22,25,47,159,18,40,91,81,82,107,141,163
[ 68] Sent Broadcast: 1|12,15,19,83,132,153,1,5,66,92,148,173,84,29,80,118,175,3,43,86,129,144,162,55,60,71,126,152,182,67,81,89,64,107,158,39,115,50,52,72,77,94,102,124,130,171,183,20,30,68,101,48
[ 47] Received message from 159: 1|12,15,19,83,132,153,1,5,66,92,148,173,84,29,80,118,175,3,43,86,129,144,162,40,60,16,18,159,191,25,33,47
[159] Received message from  47: 1|12,15,19,83,132,153,1,5,66,92,148,173,84,29,80,118,175,3,43,86,129,144,162,55,60,71,126,152,182,67,81,89,47,64,82,91,107,158,163,16,18,22,25,33,159
[ 20] Received message from  77: 1|12,15,19,83,132,153,1,5,66,92,148,173,84,29,80,118,175,3,43,86,129,144,162,55,60,71,126,152,182,67,81,89,64,107,158,39,115,50,52,72,77,94,102,124,130,171,183,20,30,48,68
[163] Received message from  81: 1|12,15,19,83,132,153,1,5,66,92,148,173,84,29,80,118,175,3,43,86,129,144,162,55,60,71,126,152,182,67,81,89,47,64,82,91,107,158,163
[ 50] Sent Broadcast: 1|12,15,19,83,132,153,1,5,66,92,148,173,84,29,80,118,175,3,43,86,129,144,162,55,60,71,126,152,182,67,81,89,64,107,158,39,115,50,52,72,77,94,102,124,130,171,183,20,30,68,101
[159] Sent Broadcast: 1|12,15,19,83,132,153,1,5,66,92,148,173,84,29,80,118,175,3,43,86,129,144,162,40,60,16,18,159,191,25,33,47
[ 20] Received message from  94: 1|12,15,19,83,132,153,1,5,66,92,148,173,84,29,80,118,175,3,43,86,129,144,162,55,60,71,126,152,182,67,81,89,64,107,158,39,115,50,52,72,77,94,102,124,130,171,183,20,68,101
[ 75] Sent Broadcast: 1|0,12,15,19,83,132,153,1,161,117,125,128,185,98,13,69,104,169,45,127,138,140,160,149,184,122,74,96,116,42,176,35,54,56,99,174,186,135,4,24,119,121,166,190,108,75,6,17,79
[ 76] Received message from 110: 1|0,12,15,19,83,132,153,1,161,117,125,128,185,98,13,69,104,169,45,90,105,138,140,156,178,32,110,21,65,76
[111] Received message from  17: 1|0,12,15,19,83,132,153,1,161,117,125,128,185,98,13,69,104,169,45,127,138,140,160,149,184,122,74,96,116,42,176,35,54,56,99,174,186,135,4,24,119,121,166,190,108,75,6,17,79,27,111,180
[ 27] Received message from  79: 1|0,12,15,19,83,132,153,1,161,117,125,128,185,98,13,69,104,169,45,127,138,140,160,149,184,122,74,96,116,42,176,35,54,56,99,174,186,135,4,24,119,121,166,190,108,75,6,17,79,27,180
[178] Received message from 169: 1|0,12,15,19,83,132,153,1,161,117,125,128,185,98,13,69,104,169,45,90,105,138,140,156,178
[ 50] Received message from 102: 1|12,15,19,83,132,153,1,5,66,92,148,173,84,29,80,118,175,3,43,86,129,144,162,55,60,71,126,152,182,67,81,89,64,107,158,39,115,82,102,141,154,20,30,50,52,68,72,77,94,124,183
[142] Received message from 181: 1|12,15,19,83,132,153,1,5,66,92,148,173,84,29,80,118,175,3,43,86,129,144,162,55,60,71,126,152,182,67,81,89,64,107,158,39,115,50,52,72,77,94,102,124,130,171,183,20,30,68,101,48,133,181,34,142,172
[ 54] Received message from  99: 1|0,12,15,19,83,132,153,1,161,117,125,128,185,98,13,69,104,169,45,127,138,140,160,149,184,122,74,96,116,42,176,99,186,35,54,56,135,174
[114] Received message from  27: 1|0,12,15,19,83,132,153,1,161,117,125,128,185,98,13,69,104,169,45,127,138,140,160,149,184,122,74,96,116,42,176,35,54,56,99,174,186,135,4,24,119,121,166,190,108,75,6,17,79,27,180,7,114
[180] Received message from   6: 1|0,12,15,19,83,132,153,1,161,117,125,128,185,98,13,69,104,169,45,127,138,140,160,149,184,122,74,96,116,42,176,35,54,56,99,174,186,135,4,24,119,121,166,190,108,75,6,17,79,27,180
[154] Received message from 115: 1|12,15,19,83,132,153,1,5,66,92,148,173,84,29,80,118,175,3,43,86,129,144,162,55,60,71,126,152,182,67,81,89,64,107,158,39,115,82,102,141,154
[174] Received message from  35: 1|0,12,15,19,83,132,153,1,161,117,125,128,185,98,13,69,104,169,45,127,138,140,160,149,184,122,74,96,116,42,176,35,54,56,99,174,186
[101] Received message from  52: 1|12,15,19,83,132,153,1,5,66,92,148,173,84,29,80,118,175,3,43,86,129,144,162,55,60,71,126,152,182,67,81,89,64,107,158,39,115,50,52,72,77,94,102,124,130,171,183,20,30,68,101
[ 85] Received message from 111: 1|0,12,15,19,83,132,153,1,161,117,125,128,185,98,13,69,104,169,45,127,138,140,160,149,184,122,74,96,116,42,176,35,54,56,99,174,186,135,4,24,119,121,166,190,108,75,6,17,79,27,111,180,85,139,145,195
[ 93] Received message from 154: 1|12,15,19,83,132,153,1,5,66,92,148,173,84,29,80,118,175,3,43,86,129,144,162,55,60,71,126,152,182,67,81,89,64,107,158,82,115,154,163,37,93,141,147,172
[110] Sent Broadcast: 1|0,12,15,19,83,132,153,1,161,117,125,128,185,98,13,69,104,169,45,90,105,138,140,156,178,32,110,21,65,76
[140] Sent Broadcast: 1|0,12,15,19,83,132,153,1,161,117,125,128,185,98,13,69,104,169,45,127,138,140,160,156,168,178
[172] Sent Broadcast: 1|12,15,19,83,132,153,1,5,66,92,148,173,84,29,80,118,175,3,43,86,129,144,162,55,60,71,126,152,182,67,81,89,64,107,158,82,91,115,163,37,93,141,147,154,172,34,142,181
[102] Received message from  39: 1|12,15,19,83,132,153,1,5,66,92,148,173,84,29,80,118,175,3,43,86,129,144,162,55,60,71,126,152,182,67,81,89,64,107,158,39,115,50,52,72,77,94,102,124,130,171,183
[ 47] Sent Broadcast: 1|12,15,19,83,132,153,1,5,66,92,148,173,84,29,80,118,175,3,43,86,129,144,162,55,60,71,126,152,182,67,81,89,47,64,82,91,107,158,163,16,18,22,25,33,159
[ 72] Sent Broadcast: 1|12,15,19,83,132,153,1,5,66,92,148,173,84,29,80,118,175,3,43,86,129,144,162,55,60,71,126,152,182,67,81,89,64,107,158,39,115,50,52,72,77,94,102,124,130,171,183,20,30,68
[ 76] Received message from   7: 1|0,12,15,19,83,132,153,1,161,117,125,128,185,98,13,69,104,169,45,127,138,140,160,149,184,122,74,96,116,42,176,35,54,56,99,174,186,135,4,24,119,121,166,190,108,75,6,17,79,27,180,7,114,76
[134] Received message from  31: 1|12,15,19,83,132,153,1,5,66,92,148,173,84,29,80,118,175,3,43,86,129,144,162,55,60,71,126,152,182,67,81,89,64,107,158,39,115,50,52,72,77,94,102,124,130,171,183,20,30,68,101,31,53,73,106,134,136,146,177
[ 30] Received message from  77: 1|12,15,19,83,132,153,1,5,66,92,148,173,84,29,80,118,175,3,43,86,129,144,162,55,60,71,126,152,182,67,81,89,64,107,158,39,115,50,52,72,77,94,102,124,130,171,183,20,30,48,68
[119] Received message from 135: 1|0,12,15,19,83,132,153,1,161,117,125,128,185,98,13,69,104,169,45,127,138,140,160,149,184,122,74,96,116,42,176,35,54,56,99,174,186,135,4,24,119,121,166,190
[147] Received message from  82: 1|12,15,19,83,132,153,1,5,66,92,148,173,84,29,80,118,175,3,43,86,129,144,162,55,60,71,126,152,182,67,81,89,64,107,158,82,91,115,163,37,93,141,147,154
[163] Received message from 107: 1|12,15,19,83,132,153,1,5,66,92,148,173,84,29,80,118,175,3,43,86,129,144,162,55,60,71,126,152,182,67,81,89,64,107,158,82,91,115,163
[ 91] Received message from 141: 1|12,15,19,83,132,153,1,5,66,92,148,173,84,29,80,118,175,3,43,86,129,144,162,55,60,71,126,152,182,67,81,89,64,107,158,39,115,82,102,141,154,37,91,93,147,163,172
[ 27] Sent Broadcast: 1|0,12,15,19,83,132,153,1,161,117,125,128,185,98,13,69,104,169,45,127,138,140,160,149,184,122,74,96,116,42,176,35,54,56,99,174,186,135,4,24,119,121,166,190,108,75,6,17,79,27,180,7,114
[ 81] Sent Broadcast: 1|12,15,19,83,132,153,1,5,66,92,148,173,84,29,80,118,175,3,43,86,129,144,162,55,60,71,126,152,182,67,81,89,47,64,82,91,107,158,163
[141] Received message from 163: 1|12,15,19,83,132,153,1,5,66,92,148,173,84,29,80,118,175,3,43,86,129,144,162,55,60,71,126,152,182,67,81,89,47,64,82,91,107,158,163,141
[ 53] Received message from 101: 1|12,15,19,83,132,153,1,5,66,92,148,173,84,29,80,118,175,3,43,86,129,144,162,55,60,71,126,152,182,67,81,89,64,107,158,39,115,50,52,72,77,94,102,124,130,171,183,20,30,68,101,31,53,73,106
[163] Received message from 158: 1|12,15,19,83,132,153,1,5,66,92,148,173,84,29,80,118,175,3,43,86,129,144,162,55,60,71,126,152,182,67,81,89,64,107,158,82,115,154,163
[  7] Received message from  76: 1|12,15,19,83,132,153,1,161,117,125,128,185,98,13,69,104,169,45,90,105,138,140,156,178,32,110,21,65,76,7
[111] Received message from 180: 1|0,12,15,19,83,132,153,1,161,117,125,128,185,98,13,69,104,169,45,127,138,140,160,149,184,122,74,96,116,42,176,35,54,56,99,174,186,135,4,24,119,121,166,190,108,75,6,17,79,27,180,111,114,195
[163] Received message from  91: 1|0,12,15,19,83,132,153,1,5,66,92,148,173,84,29,80,118,175,100,8,9,11,113,165,191,192,44,33,36,16,22,25,47,159,18,40,91,81,82,107,141,163
[ 56] Received message from  99: 1|0,12,15,19,83,132,153,1,161,117,125,128,185,98,13,69,104,169,45,127,138,140,160,149,184,122,74,96,116,42,176,99,186,35,54,56,135,174
[143] Received message from 134: 1|12,15,19,83,132,153,1,5,66,92,148,173,84,29,80,118,175,3,43,86,129,144,162,55,60,71,126,152,182,67,81,89,64,107,158,39,115,50,52,72,77,94,102,124,130,171,183,20,30,68,101,31,53,73,106,134,136,146,177,143,193
[134] Received message from  53: 1|12,15,19,83,132,153,1,5,66,92,148,173,84,29,80,118,175,3,43,86,129,144,162,55,60,71,126,152,182,67,81,89,64,107,158,39,115,50,52,72,77,94,102,124,130,171,183,20,30,68,101,31,53,73,106,134,146
[124] Received message from  39: 1|12,15,19,83,132,153,1,5,66,92,148,173,84,29,80,118,175,3,43,86,129,144,162,55,60,71,126,152,182,67,81,89,64,107,158,39,115,50,52,72,77,94,102,124,130,171,183
[180] Received message from  79: 1|0,12,15,19,83,132,153,1,161,117,125,128,185,98,13,69,104,169,45,127,138,140,160,149,184,122,74,96,116,42,176,35,54,56,99,174,186,135,4,24,119,121,166,190,108,75,6,17,79,27,180
[  6] Sent Broadcast: 1|0,12,15,19,83,132,153,1,161,117,125,128,185,98,13,69,104,169,45,127,138,140,160,149,184,122,74,96,116,42,176,35,54,56,99,174,186,135,4,24,119,121,166,190,108,75,6,17,79,27,180
[115] Sent Broadcast: 1|12,15,19,83,132,153,1,5,66,92,148,173,84,29,80,118,175,3,43,86,129,144,162,55,60,71,126,152,182,67,81,89,64,107,158,39,115,82,102,141,154
[ 20] Received message from 124: 1|12,15,19,83,132,153,1,5,66,92,148,173,84,29,80,118,175,3,43,86,129,144,162,55,60,71,126,152,182,67,81,89,64,107,158,39,115,50,52,72,77,94,102,124,130,171,183,20,30,68
[ 52] Received message from 102: 1|12,15,19,83,132,153,1,5,66,92,148,173,84,29,80,118,175,3,43,86,129,144,162,55,60,71,126,152,182,67,81,89,64,107,158,39,115,82,102,141,154,20,30,50,52,68,72,77,94,124,183
[121] Received message from 135: 1|0,12,15,19,83,132,153,1,161,117,125,128,185,98,13,69,104,169,45,127,138,140,160,149,184,122,74,96,116,42,176,35,54,56,99,174,186,135,4,24,119,121,166,190
[180] Received message from  17: 1|0,12,15,19,83,132,153,1,161,117,125,128,185,98,13,69,104,169,45,127,138,140,160,149,184,122,74,96,116,42,176,35,54,56,99,174,186,135,4,24,119,121,166,190,108,75,6,17,79,27,111,180
[ 52] Sent Broadcast: 1|12,15,19,83,132,153,1,5,66,92,148,173,84,29,80,118,175,3,43,86,129,144,162,55,60,71,126,152,182,67,81,89,64,107,158,39,115,50,52,72,77,94,102,124,130,171,183,20,30,68,101
[135] Received message from 174: 1|0,12,15,19,83,132,153,1,161,117,125,128,185,98,13,69,104,169,45,127,138,140,160,149,184,122,74,96,116,42,176,35,54,56,99,174,186,135
[172] Received message from 181: 1|12,15,19,83,132,153,1,5,66,92,148,173,84,29,80,118,175,3,43,86,129,144,162,55,60,71,126,152,182,67,81,89,64,107,158,39,115,50,52,72,77,94,102,124,130,171,183,20,30,68,101,48,133,181,34,142,172
[186] Received message from  35: 1|0,12,15,19,83,132,153,1,161,117,125,128,185,98,13,69,104,169,45,127,138,140,160,149,184,122,74,96,116,42,176,35,54,56,99,174,186
[172] Received message from 147: 1|12,15,19,83,132,153,1,5,66,92,148,173,84,29,80,118,175,3,43,86,129,144,162,55,60,71,126,152,182,67,81,89,64,107,158,82,91,115,163,37,93,141,147,154,172
[114] Received message from 180: 1|0,12,15,19,83,132,153,1,161,117,125,128,185,98,13,69,104,169,45,127,138,140,160,149,184,122,74,96,116,42,176,35,54,56,99,174,186,135,4,24,119,121,166,190,108,75,6,17,79,27,180,111,114,195
[ 54] Received message from 186: 1|0,12,15,19,83,132,153,1,161,117,125,128,185,98,13,69,104,169,45,127,138,140,160,149,184,122,74,96,116,42,176,99,186,35,54,56,174
[ 59] Received message from 143: 1|12,15,19,83,132,153,1,5,66,92,148,173,84,29,80,118,175,3,43,86,129,144,162,55,60,71,126,152,182,67,81,89,64,107,158,39,115,50,52,72,77,94,102,124,130,171,183,20,30,68,101,31,53,73,106,134,136,146,177,143,193,59,103,164
[139] Received message from 111: 1|0,12,15,19,83,132,153,1,161,117,125,128,185,98,13,69,104,169,45,127,138,140,160,149,184,122,74,96,116,42,176,35,54,56,99,174,186,135,4,24,119,121,166,190,108,75,6,17,79,27,111,180,85,139,145,195
[138] Sent Broadcast: 1|0,12,15,19,83,132,153,1,161,117,125,128,185,98,13,69,104,169,45,127,138,140,160,90,105,156,168,178
[  7] Sent Broadcast: 1|0,12,15,19,83,132,153,1,161,117,125,128,185,98,13,69,104,169,45,127,138,140,160,149,184,122,74,96,116,42,176,35,54,56,99,174,186,135,4,24,119,121,166,190,108,75,6,17,79,27,180,7,114,76
[107] Sent Broadcast: 1|12,15,19,83,132,153,1,5,66,92,148,173,84,29,80,118,175,3,43,86,129,144,162,55,60,71,126,152,182,67,81,89,64,107,158,82,91,115,163
[ 79] Sent Broadcast: 1|0,12,15,19,83,132,153,1,161,117,125,128,185,98,13,69,104,169,45,127,138,140,160,149,184,122,74,96,116,42,176,35,54,56,99,174,186,135,4,24,119,121,166,190,108,75,6,17,79,27,180
[ 76] Sent Broadcast: 1|12,15,19,83,132,153,1,161,117,125,128,185,98,13,69,104,169,45,90,105,138,140,156,178,32,110,21,65,76,7
[174] Sent Broadcast: 1|0,12,15,19,83,132,153,1,161,117,125,128,185,98,13,69,104,169,45,127,138,140,160,149,184,122,74,96,116,42,176,35,54,56,99,174,186,135
[ 17] Sent Broadcast: 1|0,12,15,19,83,132,153,1,161,117,125,128,185,98,13,69,104,169,45,127,138,140,160,149,184,122,74,96,116,42,176,35,54,56,99,174,186,135,4,24,119,121,166,190,108,75,6,17,79,27,111,180
[181] Sent Broadcast: 1|12,15,19,83,132,153,1,5,66,92,148,173,84,29,80,118,175,3,43,86,129,144,162,55,60,71,126,152,182,67,81,89,64,107,158,39,115,50,52,72,77,94,102,124,130,171,183,20,30,68,101,48,133,181,34,142,172
[ 35] Sent Broadcast: 1|0,12,15,19,83,132,153,1,161,117,125,128,185,98,13,69,104,169,45,127,138,140,160,149,184,122,74,96,116,42,176,35,54,56,99,174,186
[147] Sent Broadcast: 1|12,15,19,83,132,153,1,5,66,92,148,173,84,29,80,118,175,3,43,86,129,144,162,55,60,71,126,152,182,67,81,89,64,107,158,82,91,115,163,37,93,141,147,154,172
[158] Sent Broadcast: 1|12,15,19,83,132,153,1,5,66,92,148,173,84,29,80,118,175,3,43,86,129,144,162,55,60,71,126,152,182,67,81,89,64,107,158,82,115,154,163
[ 91] Sent Broadcast: 1|0,12,15,19,83,132,153,1,5,66,92,148,173,84,29,80,118,175,100,8,9,11,113,165,191,192,44,33,36,16,22,25,47,159,18,40,91,81,82,107,141,163
[169] Sent Broadcast: 1|0,12,15,19,83,132,153,1,161,117,125,128,185,98,13,69,104,169,45,90,105,138,140,156,178
[163] Sent Broadcast: 1|12,15,19,83,132,153,1,5,66,92,148,173,84,29,80,118,175,3,43,86,129,144,162,55,60,71,126,152,182,67,81,89,47,64,82,91,107,158,163,141
[  6] Received message from 121: 1|0,12,15,19,83,132,153,1,161,117,125,128,185,98,13,69,104,169,45,127,138,140,160,149,184,122,74,96,116,42,176,35,54,56,99,174,186,135,4,24,119,121,166,190,6,10,27,57,78,112
[135] Received message from  99: 1|0,12,15,19,83,132,153,1,161,117,125,128,185,98,13,69,104,169,45,127,138,140,160,149,184,122,74,96,116,42,176,99,186,35,54,56,135,174
[145] Received message from 111: 1|0,12,15,19,83,132,153,1,161,117,125,128,185,98,13,69,104,169,45,127,138,140,160,149,184,122,74,96,116,42,176,35,54,56,99,174,186,135,4,24,119,121,166,190,108,75,6,17,79,27,111,180,85,139,145,195
[146] Received message from  53: 1|12,15,19,83,132,153,1,5,66,92,148,173,84,29,80,118,175,3,43,86,129,144,162,55,60,71,126,152,182,67,81,89,64,107,158,39,115,50,52,72,77,94,102,124,130,171,183,20,30,68,101,31,53,73,106,134,146
[ 48] Received message from  77: 1|12,15,19,83,132,153,1,5,66,92,148,173,84,29,80,118,175,3,43,86,129,144,162,55,60,71,126,152,182,67,81,89,64,107,158,39,115,50,52,72,77,94,102,124,130,171,183,20,30,48,68
[ 68] Received message from  94: 1|12,15,19,83,132,153,1,5,66,92,148,173,84,29,80,118,175,3,43,86,129,144,162,55,60,71,126,152,182,67,81,89,64,107,158,39,115,50,52,72,77,94,102,124,130,171,183,20,68,101
[154] Received message from  82: 1|12,15,19,83,132,153,1,5,66,92,148,173,84,29,80,118,175,3,43,86,129,144,162,55,60,71,126,152,182,67,81,89,64,107,158,82,91,115,163,37,93,141,147,154
[193] Received message from 134: 1|12,15,19,83,132,153,1,5,66,92,148,173,84,29,80,118,175,3,43,86,129,144,162,55,60,71,126,152,182,67,81,89,64,107,158,39,115,50,52,72,77,94,102,124,130,171,183,20,30,68,101,31,53,73,106,134,136,146,177,143,193
[136] Received message from  31: 1|12,15,19,83,132,153,1,5,66,92,148,173,84,29,80,118,175,3,43,86,129,144,162,55,60,71,126,152,182,67,81,89,64,107,158,39,115,50,52,72,77,94,102,124,130,171,183,20,30,68,101,31,53,73,106,134,136,146,177
[195] Received message from 180: 1|0,12,15,19,83,132,153,1,161,117,125,128,185,98,13,69,104,169,45,127,138,140,160,149,184,122,74,96,116,42,176,35,54,56,99,174,186,135,4,24,119,121,166,190,108,75,6,17,79,27,180,111,114,195
[166] Received message from 135: 1|0,12,15,19,83,132,153,1,161,117,125,128,185,98,13,69,104,169,45,127,138,140,160,149,184,122,74,96,116,42,176,35,54,56,99,174,186,135,4,24,119,121,166,190
[ 68] Received message from 102: 1|12,15,19,83,132,153,1,5,66,92,148,173,84,29,80,118,175,3,43,86,129,144,162,55,60,71,126,152,182,67,81,89,64,107,158,39,115,82,102,141,154,20,30,50,52,68,72,77,94,124,183
[ 73] Received message from 101: 1|12,15,19,83,132,153,1,5,66,92,148,173,84,29,80,118,175,3,43,86,129,144,162,55,60,71,126,152,182,67,81,89,64,107,158,39,115,50,52,72,77,94,102,124,130,171,183,20,30,68,101,31,53,73,106
[ 30] Received message from 124: 1|12,15,19,83,132,153,1,5,66,92,148,173,84,29,80,118,175,3,43,86,129,144,162,55,60,71,126,152,182,67,81,89,64,107,158,39,115,50,52,72,77,94,102,124,130,171,183,20,30,68
[ 56] Received message from 186: 1|0,12,15,19,83,132,153,1,161,117,125,128,185,98,13,69,104,169,45,127,138,140,160,149,184,122,74,96,116,42,176,99,186,35,54,56,174
[ 93] Received message from 141: 1|12,15,19,83,132,153,1,5,66,92,148,173,84,29,80,118,175,3,43,86,129,144,162,55,60,71,126,152,182,67,81,89,64,107,158,39,115,82,102,141,154,37,91,93,147,163,172
[103] Received message from 143: 1|12,15,19,83,132,153,1,5,66,92,148,173,84,29,80,118,175,3,43,86,129,144,162,55,60,71,126,152,182,67,81,89,64,107,158,39,115,50,52,72,77,94,102,124,130,171,183,20,30,68,101,31,53,73,106,134,136,146,177,143,193,59,103,164
[141] Received message from 154: 1|12,15,19,83,132,153,1,5,66,92,148,173,84,29,80,118,175,3,43,86,129,144,162,55,60,71,126,152,182,67,81,89,64,107,158,82,115,154,163,37,93,141,147,172
[ 41] Received message from 146: 1|12,15,19,83,132,153,1,5,66,92,148,173,84,29,80,118,175,3,43,86,129,144,162,55,60,71,126,152,182,67,81,89,64,107,158,39,115,50,52,72,77,94,102,124,130,171,183,20,30,68,101,31,53,73,106,134,146,41,136,177,193
[130] Received message from  39: 1|12,15,19,83,132,153,1,5,66,92,148,173,84,29,80,118,175,3,43,86,129,144,162,55,60,71,126,152,182,67,81,89,64,107,158,39,115,50,52,72,77,94,102,124,130,171,183
[ 10] Received message from 121: 1|0,12,15,19,83,132,153,1,161,117,125,128,185,98,13,69,104,169,45,127,138,140,160,149,184,122,74,96,116,42,176,35,54,56,99,174,186,135,4,24,119,121,166,190,6,10,27,57,78,112
[ 53] Sent Broadcast: 1|12,15,19,83,132,153,1,5,66,92,148,173,84,29,80,118,175,3,43,86,129,144,162,55,60,71,126,152,182,67,81,89,64,107,158,39,115,50,52,72,77,94,102,124,130,171,183,20,30,68,101,31,53,73,106,134,146
[ 82] Sent Broadcast: 1|12,15,19,83,132,153,1,5,66,92,148,173,84,29,80,118,175,3,43,86,129,144,162,55,60,71,126,152,182,67,81,89,64,107,158,82,91,115,163,37,93,141,147,154
[180] Sent Broadcast: 1|0,12,15,19,83,132,153,1,161,117,125,128,185,98,13,69,104,169,45,127,138,140,160,149,184,122,74,96,116,42,176,35,54,56,99,174,186,135,4,24,119,121,166,190,108,75,6,17,79,27,180,111,114,195
[134] Sent Broadcast: 1|12,15,19,83,132,153,1,5,66,92,148,173,84,29,80,118,175,3,43,86,129,144,162,55,60,71,126,152,182,67,81,89,64,107,158,39,115,50,52,72,77,94,102,124,130,171,183,20,30,68,101,31,53,73,106,134,136,146,177,143,193
[ 10] Received message from 166: 1|0,12,15,19,83,132,153,1,161,117,125,128,185,98,13,69,104,169,45,127,138,140,160,149,184,122,74,96,116,42,176,35,54,56,99,174,186,135,4,24,119,121,166,190,10,57,78,112
[136] Received message from  73: 1|12,15,19,83,132,153,1,5,66,92,148,173,84,29,80,118,175,3,43,86,129,144,162,55,60,71,126,152,182,67,81,89,64,107,158,39,115,50,52,72,77,94,102,124,130,171,183,20,30,68,101,31,53,73,106,136,146
[174] Received message from 186: 1|0,12,15,19,83,132,153,1,161,117,125,128,185,98,13,69,104,169,45,127,138,140,160,149,184,122,74,96,116,42,176,99,186,35,54,56,174
[195] Received message from 111: 1|0,12,15,19,83,132,153,1,161,117,125,128,185,98,13,69,104,169,45,127,138,140,160,149,184,122,74,96,116,42,176,35,54,56,99,174,186,135,4,24,119,121,166,190,108,75,6,17,79,27,111,180,85,139,145,195
[ 27] Received message from 121: 1|0,12,15,19,83,132,153,1,161,117,125,128,185,98,13,69,104,169,45,127,138,140,160,149,184,122,74,96,116,42,176,35,54,56,99,174,186,135,4,24,119,121,166,190,6,10,27,57,78,112
[ 68] Received message from  77: 1|12,15,19,83,132,153,1,5,66,92,148,173,84,29,80,118,175,3,43,86,129,144,162,55,60,71,126,152,182,67,81,89,64,107,158,39,115,50,52,72,77,94,102,124,130,171,183,20,30,48,68
[ 72] Received message from 102: 1|12,15,19,83,132,153,1,5,66,92,148,173,84,29,80,118,175,3,43,86,129,144,162,55,60,71,126,152,182,67,81,89,64,107,158,39,115,82,102,141,154,20,30,50,52,68,72,77,94,124,183
[ 85] Received message from 195: 1|0,12,15,19,83,132,153,1,161,117,125,128,185,98,13,69,104,169,45,127,138,140,160,149,184,122,74,96,116,42,176,35,54,56,99,174,186,135,4,24,119,121,166,190,108,75,6,17,79,27,180,111,114,195,85,139,145
[101] Received message from  94: 1|12,15,19,83,132,153,1,5,66,92,148,173,84,29,80,118,175,3,43,86,129,144,162,55,60,71,126,152,182,67,81,89,64,107,158,39,115,50,52,72,77,94,102,124,130,171,183,20,68,101
[146] Received message from  31: 1|12,15,19,83,132,153,1,5,66,92,148,173,84,29,80,118,175,3,43,86,129,144,162,55,60,71,126,152,182,67,81,89,64,107,158,39,115,50,52,72,77,94,102,124,130,171,183,20,30,68,101,31,53,73,106,134,136,146,177
[ 41] Received message from 136: 1|12,15,19,83,132,153,1,5,66,92,148,173,84,29,80,118,175,3,43,86,129,144,162,55,60,71,126,152,182,67,81,89,64,107,158,39,115,50,52,72,77,94,102,124,130,171,183,20,30,68,101,31,53,73,106,134,136,146,177,41,193
[ 70] Received message from  41: 1|12,15,19,83,132,153,1,5,66,92,148,173,84,29,80,118,175,3,43,86,129,144,162,55,60,71,126,152,182,67,81,89,64,107,158,39,115,50,52,72,77,94,102,124,130,171,183,20,30,68,101,31,53,73,106,134,146,41,136,177,193,70,155,167
[ 14] Received message from  10: 1|0,12,15,19,83,132,153,1,161,117,125,128,185,98,13,69,104,169,45,127,138,140,160,149,184,122,74,96,116,42,176,35,54,56,99,174,186,135,4,24,119,121,166,190,6,10,27,57,78,112,14,61,95,151,199
[174] Received message from  99: 1|0,12,15,19,83,132,153,1,161,117,125,128,185,98,13,69,104,169,45,127,138,140,160,149,184,122,74,96,116,42,176,99,186,35,54,56,135,174
[ 68] Received message from 124: 1|12,15,19,83,132,153,1,5,66,92,148,173,84,29,80,118,175,3,43,86,129,144,162,55,60,71,126,152,182,67,81,89,64,107,158,39,115,50,52,72,77,94,102,124,130,171,183,20,30,68
[106] Received message from 101: 1|12,15,19,83,132,153,1,5,66,92,148,173,84,29,80,118,175,3,43,86,129,144,162,55,60,71,126,152,182,67,81,89,64,107,158,39,115,50,52,72,77,94,102,124,130,171,183,20,30,68,101,31,53,73,106
[188] Received message from 193: 1|12,15,19,83,132,153,1,5,66,92,148,173,84,29,80,118,175,3,43,86,129,144,162,55,60,71,126,152,182,67,81,89,64,107,158,39,115,50,52,72,77,94,102,124,130,171,183,20,30,68,101,31,53,73,106,134,136,146,177,143,193,188,200
[ 97] Received message from  70: 1|12,15,19,83,132,153,1,5,66,92,148,173,84,29,80,118,175,3,43,86,129,144,162,55,60,71,126,152,182,67,81,89,64,107,158,39,115,50,52,72,77,94,102,124,130,171,183,20,30,68,101,31,53,73,106,134,146,41,136,177,193,70,155,167,97,200
[171] Received message from  39: 1|12,15,19,83,132,153,1,5,66,92,148,173,84,29,80,118,175,3,43,86,129,144,162,55,60,71,126,152,182,67,81,89,64,107,158,39,115,50,52,72,77,94,102,124,130,171,183
[186] Sent Broadcast: 1|0,12,15,19,83,132,153,1,161,117,125,128,185,98,13,69,104,169,45,127,138,140,160,149,184,122,74,96,116,42,176,99,186,35,54,56,174
[ 94] Sent Broadcast: 1|12,15,19,83,132,153,1,5,66,92,148,173,84,29,80,118,175,3,43,86,129,144,162,55,60,71,126,152,182,67,81,89,64,107,158,39,115,50,52,72,77,94,102,124,130,171,183,20,68,101
[ 97] Received message from 188: 1|12,15,19,83,132,153,1,5,66,92,148,173,84,29,80,118,175,3,43,86,129,144,162,55,60,71,126,152,182,67,81,89,64,107,158,39,115,50,52,72,77,94,102,124,130,171,183,20,30,68,101,31,53,73,106,134,136,146,177,143,193,188,200,97,120
[164] Received message from 143: 1|12,15,19,83,132,153,1,5,66,92,148,173,84,29,80,118,175,3,43,86,129,144,162,55,60,71,126,152,182,67,81,89,64,107,158,39,115,50,52,72,77,94,102,124,130,171,183,20,30,68,101,31,53,73,106,134,136,146,177,143,193,59,103,164
[147] Received message from 154: 1|12,15,19,83,132,153,1,5,66,92,148,173,84,29,80,118,175,3,43,86,129,144,162,55,60,71,126,152,182,67,81,89,64,107,158,82,115,154,163,37,93,141,147,172
[147] Received message from 141: 1|12,15,19,83,132,153,1,5,66,92,148,173,84,29,80,118,175,3,43,86,129,144,162,55,60,71,126,152,182,67,81,89,64,107,158,39,115,82,102,141,154,37,91,93,147,163,172
[190] Received message from 135: 1|0,12,15,19,83,132,153,1,161,117,125,128,185,98,13,69,104,169,45,127,138,140,160,149,184,122,74,96,116,42,176,35,54,56,99,174,186,135,4,24,119,121,166,190
[146] Received message from  73: 1|12,15,19,83,132,153,1,5,66,92,148,173,84,29,80,118,175,3,43,86,129,144,162,55,60,71,126,152,182,67,81,89,64,107,158,39,115,50,52,72,77,94,102,124,130,171,183,20,30,68,101,31,53,73,106,136,146
[136] Received message from 146: 1|12,15,19,83,132,153,1,5,66,92,148,173,84,29,80,118,175,3,43,86,129,144,162,55,60,71,126,152,182,67,81,89,64,107,158,39,115,50,52,72,77,94,102,124,130,171,183,20,30,68,101,31,53,73,106,134,146,41,136,177,193
[ 57] Received message from 166: 1|0,12,15,19,83,132,153,1,161,117,125,128,185,98,13,69,104,169,45,127,138,140,160,149,184,122,74,96,116,42,176,35,54,56,99,174,186,135,4,24,119,121,166,190,10,57,78,112
[136] Received message from 106: 1|12,15,19,83,132,153,1,5,66,92,148,173,84,29,80,118,175,3,43,86,129,144,162,55,60,71,126,152,182,67,81,89,64,107,158,39,115,50,52,72,77,94,102,124,130,171,183,20,30,68,101,31,53,73,106,136,146
[120] Received message from  97: 1|12,15,19,83,132,153,1,5,66,92,148,173,84,29,80,118,175,3,43,86,129,144,162,55,60,71,126,152,182,67,81,89,64,107,158,39,115,50,52,72,77,94,102,124,130,171,183,20,30,68,101,31,53,73,106,134,146,41,136,177,193,70,155,167,97,200,120,188
[ 77] Sent Broadcast: 1|12,15,19,83,132,153,1,5,66,92,148,173,84,29,80,118,175,3,43,86,129,144,162,55,60,71,126,152,182,67,81,89,64,107,158,39,115,50,52,72,77,94,102,124,130,171,183,20,30,48,68
[111] Sent Broadcast: 1|0,12,15,19,83,132,153,1,161,117,125,128,185,98,13,69,104,169,45,127,138,140,160,149,184,122,74,96,116,42,176,35,54,56,99,174,186,135,4,24,119,121,166,190,108,75,6,17,79,27,111,180,85,139,145,195
[101] Sent Broadcast: 1|12,15,19,83,132,153,1,5,66,92,148,173,84,29,80,118,175,3,43,86,129,144,162,55,60,71,126,152,182,67,81,89,64,107,158,39,115,50,52,72,77,94,102,124,130,171,183,20,30,68,101,31,53,73,106
[143] Sent Broadcast: 1|12,15,19,83,132,153,1,5,66,92,148,173,84,29,80,118,175,3,43,86,129,144,162,55,60,71,126,152,182,67,81,89,64,107,158,39,115,50,52,72,77,94,102,124,130,171,183,20,30,68,101,31,53,73,106,134,136,146,177,143,193,59,103,164
[ 99] Sent Broadcast: 1|0,12,15,19,83,132,153,1,161,117,125,128,185,98,13,69,104,169,45,127,138,140,160,149,184,122,74,96,116,42,176,99,186,35,54,56,135,174
[135] Sent Broadcast: 1|0,12,15,19,83,132,153,1,161,117,125,128,185,98,13,69,104,169,45,127,138,140,160,149,184,122,74,96,116,42,176,35,54,56,99,174,186,135,4,24,119,121,166,190
[ 77] Received message from 102: 1|12,15,19,83,132,153,1,5,66,92,148,173,84,29,80,118,175,3,43,86,129,144,162,55,60,71,126,152,182,67,81,89,64,107,158,39,115,82,102,141,154,20,30,50,52,68,72,77,94,124,183
[ 73] Sent Broadcast: 1|12,15,19,83,132,153,1,5,66,92,148,173,84,29,80,118,175,3,43,86,129,144,162,55,60,71,126,152,182,67,81,89,64,107,158,39,115,50,52,72,77,94,102,124,130,171,183,20,30,68,101,31,53,73,106,136,146
[124] Sent Broadcast: 1|12,15,19,83,132,153,1,5,66,92,148,173,84,29,80,118,175,3,43,86,129,144,162,55,60,71,126,152,182,67,81,89,64,107,158,39,115,50,52,72,77,94,102,124,130,171,183,20,30,68
[139] Received message from 195: 1|0,12,15,19,83,132,153,1,161,117,125,128,185,98,13,69,104,169,45,127,138,140,160,149,184,122,74,96,116,42,176,35,54,56,99,174,186,135,4,24,119,121,166,190,108,75,6,17,79,27,180,111,114,195,85,139,145
[183] Received message from  39: 1|12,15,19,83,132,153,1,5,66,92,148,173,84,29,80,118,175,3,43,86,129,144,162,55,60,71,126,152,182,67,81,89,64,107,158,39,115,50,52,72,77,94,102,124,130,171,183
[ 57] Received message from 121: 1|0,12,15,19,83,132,153,1,161,117,125,128,185,98,13,69,104,169,45,127,138,140,160,149,184,122,74,96,116,42,176,35,54,56,99,174,186,135,4,24,119,121,166,190,6,10,27,57,78,112
[120] Received message from 188: 1|12,15,19,83,132,153,1,5,66,92,148,173,84,29,80,118,175,3,43,86,129,144,162,55,60,71,126,152,182,67,81,89,64,107,158,39,115,50,52,72,77,94,102,124,130,171,183,20,30,68,101,31,53,73,106,134,136,146,177,143,193,188,200,97,120
[172] Received message from 154: 1|12,15,19,83,132,153,1,5,66,92,148,173,84,29,80,118,175,3,43,86,129,144,162,55,60,71,126,152,182,67,81,89,64,107,158,82,115,154,163,37,93,141,147,172
[163] Received message from 141: 1|12,15,19,83,132,153,1,5,66,92,148,173,84,29,80,118,175,3,43,86,129,144,162,55,60,71,126,152,182,67,81,89,64,107,158,39,115,82,102,141,154,37,91,93,147,163,172
[200] Received message from 193: 1|12,15,19,83,132,153,1,5,66,92,148,173,84,29,80,118,175,3,43,86,129,144,162,55,60,71,126,152,182,67,81,89,64,107,158,39,115,50,52,72,77,94,102,124,130,171,183,20,30,68,101,31,53,73,106,134,136,146,177,143,193,188,200
[  6] Received message from 190: 1|0,12,15,19,83,132,153,1,161,117,125,128,185,98,13,69,104,169,45,127,138,140,160,149,184,122,74,96,116,42,176,35,54,56,99,174,186,135,4,24,119,121,166,190,6
[146] Received message from 106: 1|12,15,19,83,132,153,1,5,66,92,148,173,84,29,80,118,175,3,43,86,129,144,162,55,60,71,126,152,182,67,81,89,64,107,158,39,115,50,52,72,77,94,102,124,130,171,183,20,30,68,101,31,53,73,106,136,146
[ 39] Sent Broadcast: 1|12,15,19,83,132,153,1,5,66,92,148,173,84,29,80,118,175,3,43,86,129,144,162,55,60,71,126,152,182,67,81,89,64,107,158,39,115,50,52,72,77,94,102,124,130,171,183
[193] Sent Broadcast: 1|12,15,19,83,132,153,1,5,66,92,148,173,84,29,80,118,175,3,43,86,129,144,162,55,60,71,126,152,182,67,81,89,64,107,158,39,115,50,52,72,77,94,102,124,130,171,183,20,30,68,101,31,53,73,106,134,136,146,177,143,193,188,200
[200] Received message from  70: 1|12,15,19,83,132,153,1,5,66,92,148,173,84,29,80,118,175,3,43,86,129,144,162,55,60,71,126,152,182,67,81,89,64,107,158,39,115,50,52,72,77,94,102,124,130,171,183,20,30,68,101,31,53,73,106,134,146,41,136,177,193,70,155,167,97,200
[ 61] Received message from  10: 1|0,12,15,19,83,132,153,1,161,117,125,128,185,98,13,69,104,169,45,127,138,140,160,149,184,122,74,96,116,42,176,35,54,56,99,174,186,135,4,24,119,121,166,190,6,10,27,57,78,112,14,61,95,151,199
[155] Received message from  41: 1|12,15,19,83,132,153,1,5,66,92,148,173,84,29,80,118,175,3,43,86,129,144,162,55,60,71,126,152,182,67,81,89,64,107,158,39,115,50,52,72,77,94,102,124,130,171,183,20,30,68,101,31,53,73,106,134,146,41,136,177,193,70,155,167
[ 61] Received message from  57: 1|0,12,15,19,83,132,153,1,161,117,125,128,185,98,13,69,104,169,45,127,138,140,160,149,184,122,74,96,116,42,176,35,54,56,99,174,186,135,4,24,119,121,166,190,10,57,78,112,61,95,151,199
[177] Received message from  31: 1|12,15,19,83,132,153,1,5,66,92,148,173,84,29,80,118,175,3,43,86,129,144,162,55,60,71,126,152,182,67,81,89,64,107,158,39,115,50,52,72,77,94,102,124,130,171,183,20,30,68,101,31,53,73,106,134,136,146,177
[177] Received message from 146: 1|12,15,19,83,132,153,1,5,66,92,148,173,84,29,80,118,175,3,43,86,129,144,162,55,60,71,126,152,182,67,81,89,64,107,158,39,115,50,52,72,77,94,102,124,130,171,183,20,30,68,101,31,53,73,106,134,146,41,136,177,193
[ 78] Received message from 121: 1|0,12,15,19,83,132,153,1,161,117,125,128,185,98,13,69,104,169,45,127,138,140,160,149,184,122,74,96,116,42,176,35,54,56,99,174,186,135,4,24,119,121,166,190,6,10,27,57,78,112
[ 70] Received message from 200: 1|12,15,19,83,132,153,1,5,66,92,148,173,84,29,80,118,175,3,43,86,129,144,162,55,60,71,126,152,182,67,81,89,64,107,158,39,115,50,52,72,77,94,102,124,130,171,183,20,30,68,101,31,53,73,106,134,136,146,177,143,193,188,200,70,97,120,167
[193] Received message from 136: 1|12,15,19,83,132,153,1,5,66,92,148,173,84,29,80,118,175,3,43,86,129,144,162,55,60,71,126,152,182,67,81,89,64,107,158,39,115,50,52,72,77,94,102,124,130,171,183,20,30,68,101,31,53,73,106,134,136,146,177,41,193
[ 78] Received message from 166: 1|0,12,15,19,83,132,153,1,161,117,125,128,185,98,13,69,104,169,45,127,138,140,160,149,184,122,74,96,116,42,176,35,54,56,99,174,186,135,4,24,119,121,166,190,10,57,78,112
[143] Received message from 177: 1|12,15,19,83,132,153,1,5,66,92,148,173,84,29,80,118,175,3,43,86,129,144,162,55,60,71,126,152,182,67,81,89,64,107,158,39,115,50,52,72,77,94,102,124,130,171,183,20,30,68,101,31,53,73,106,134,136,146,177,143,193
[188] Received message from  97: 1|12,15,19,83,132,153,1,5,66,92,148,173,84,29,80,118,175,3,43,86,129,144,162,55,60,71,126,152,182,67,81,89,64,107,158,39,115,50,52,72,77,94,102,124,130,171,183,20,30,68,101,31,53,73,106,134,146,41,136,177,193,70,155,167,97,200,120,188
[190] Sent Broadcast: 1|0,12,15,19,83,132,153,1,161,117,125,128,185,98,13,69,104,169,45,127,138,140,160,149,184,122,74,96,116,42,176,35,54,56,99,174,186,135,4,24,119,121,166,190,6
[188] Sent Broadcast: 1|12,15,19,83,132,153,1,5,66,92,148,173,84,29,80,118,175,3,43,86,129,144,162,55,60,71,126,152,182,67,81,89,64,107,158,39,115,50,52,72,77,94,102,124,130,171,183,20,30,68,101,31,53,73,106,134,136,146,177,143,193,188,200,97,120
[ 14] Received message from  78: 1|0,12,15,19,83,132,153,1,161,117,125,128,185,98,13,69,104,169,45,127,138,140,160,149,184,122,74,96,116,42,176,35,54,56,99,174,186,135,4,24,119,121,166,190,6,10,27,57,78,112,14,61,95,151
[154] Sent Broadcast: 1|12,15,19,83,132,153,1,5,66,92,148,173,84,29,80,118,175,3,43,86,129,144,162,55,60,71,126,152,182,67,81,89,64,107,158,82,115,154,163,37,93,141,147,172
[106] Sent Broadcast: 1|12,15,19,83,132,153,1,5,66,92,148,173,84,29,80,118,175,3,43,86,129,144,162,55,60,71,126,152,182,67,81,89,64,107,158,39,115,50,52,72,77,94,102,124,130,171,183,20,30,68,101,31,53,73,106,136,146
[ 70] Sent Broadcast: 1|12,15,19,83,132,153,1,5,66,92,148,173,84,29,80,118,175,3,43,86,129,144,162,55,60,71,126,152,182,67,81,89,64,107,158,39,115,50,52,72,77,94,102,124,130,171,183,20,30,68,101,31,53,73,106,134,146,41,136,177,193,70,155,167,97,200
[ 31] Sent Broadcast: 1|12,15,19,83,132,153,1,5,66,92,148,173,84,29,80,118,175,3,43,86,129,144,162,55,60,71,126,152,182,67,81,89,64,107,158,39,115,50,52,72,77,94,102,124,130,171,183,20,30,68,101,31,53,73,106,134,136,146,177
[136] Sent Broadcast: 1|12,15,19,83,132,153,1,5,66,92,148,173,84,29,80,118,175,3,43,86,129,144,162,55,60,71,126,152,182,67,81,89,64,107,158,39,115,50,52,72,77,94,102,124,130,171,183,20,30,68,101,31,53,73,106,134,136,146,177,41,193
[172] Received message from 141: 1|12,15,19,83,132,153,1,5,66,92,148,173,84,29,80,118,175,3,43,86,129,144,162,55,60,71,126,152,182,67,81,89,64,107,158,39,115,82,102,141,154,37,91,93,147,163,172
[ 97] Sent Broadcast: 1|12,15,19,83,132,153,1,5,66,92,148,173,84,29,80,118,175,3,43,86,129,144,162,55,60,71,126,152,182,67,81,89,64,107,158,39,115,50,52,72,77,94,102,124,130,171,183,20,30,68,101,31,53,73,106,134,146,41,136,177,193,70,155,167,97,200,120,188
[145] Received message from 195: 1|0,12,15,19,83,132,153,1,161,117,125,128,185,98,13,69,104,169,45,127,138,140,160,149,184,122,74,96,116,42,176,35,54,56,99,174,186,135,4,24,119,121,166,190,108,75,6,17,79,27,180,111,114,195,85,139,145
[ 94] Received message from 102: 1|12,15,19,83,132,153,1,5,66,92,148,173,84,29,80,118,175,3,43,86,129,144,162,55,60,71,126,152,182,67,81,89,64,107,158,39,115,82,102,141,154,20,30,50,52,68,72,77,94,124,183
[193] Received message from 177: 1|12,15,19,83,132,153,1,5,66,92,148,173,84,29,80,118,175,3,43,86,129,144,162,55,60,71,126,152,182,67,81,89,64,107,158,39,115,50,52,72,77,94,102,124,130,171,183,20,30,68,101,31,53,73,106,134,136,146,177,143,193
[141] Sent Broadcast: 1|12,15,19,83,132,153,1,5,66,92,148,173,84,29,80,118,175,3,43,86,129,144,162,55,60,71,126,152,182,67,81,89,64,107,158,39,115,82,102,141,154,37,91,93,147,163,172
[195] Sent Broadcast: 1|0,12,15,19,83,132,153,1,161,117,125,128,185,98,13,69,104,169,45,127,138,140,160,149,184,122,74,96,116,42,176,35,54,56,99,174,186,135,4,24,119,121,166,190,108,75,6,17,79,27,180,111,114,195,85,139,145
[177] Sent Broadcast: 1|12,15,19,83,132,153,1,5,66,92,148,173,84,29,80,118,175,3,43,86,129,144,162,55,60,71,126,152,182,67,81,89,64,107,158,39,115,50,52,72,77,94,102,124,130,171,183,20,30,68,101,31,53,73,106,134,136,146,177,143,193
[ 61] Received message from  78: 1|0,12,15,19,83,132,153,1,161,117,125,128,185,98,13,69,104,169,45,127,138,140,160,149,184,122,74,96,116,42,176,35,54,56,99,174,186,135,4,24,119,121,166,190,6,10,27,57,78,112,14,61,95,151
[ 95] Received message from  57: 1|0,12,15,19,83,132,153,1,161,117,125,128,185,98,13,69,104,169,45,127,138,140,160,149,184,122,74,96,116,42,176,35,54,56,99,174,186,135,4,24,119,121,166,190,10,57,78,112,61,95,151,199
[124] Received message from 102: 1|12,15,19,83,132,153,1,5,66,92,148,173,84,29,80,118,175,3,43,86,129,144,162,55,60,71,126,152,182,67,81,89,64,107,158,39,115,82,102,141,154,20,30,50,52,68,72,77,94,124,183
[ 97] Received message from 200: 1|12,15,19,83,132,153,1,5,66,92,148,173,84,29,80,118,175,3,43,86,129,144,162,55,60,71,126,152,182,67,81,89,64,107,158,39,115,50,52,72,77,94,102,124,130,171,183,20,30,68,101,31,53,73,106,134,136,146,177,143,193,188,200,70,97,120,167
[197] Received message from 155: 1|12,15,19,83,132,153,1,5,66,92,148,173,84,29,80,118,175,3,43,86,129,144,162,55,60,71,126,152,182,67,81,89,64,107,158,39,115,50,52,72,77,94,102,124,130,171,183,20,30,68,101,31,53,73,106,134,146,41,136,177,193,70,155,167,197
[ 95] Received message from  10: 1|0,12,15,19,83,132,153,1,161,117,125,128,185,98,13,69,104,169,45,127,138,140,160,149,184,122,74,96,116,42,176,35,54,56,99,174,186,135,4,24,119,121,166,190,6,10,27,57,78,112,14,61,95,151,199
[112] Received message from 121: 1|0,12,15,19,83,132,153,1,161,117,125,128,185,98,13,69,104,169,45,127,138,140,160,149,184,122,74,96,116,42,176,35,54,56,99,174,186,135,4,24,119,121,166,190,6,10,27,57,78,112
[155] Sent Broadcast: 1|12,15,19,83,132,153,1,5,66,92,148,173,84,29,80,118,175,3,43,86,129,144,162,55,60,71,126,152,182,67,81,89,64,107,158,39,115,50,52,72,77,94,102,124,130,171,183,20,30,68,101,31,53,73,106,134,146,41,136,177,193,70,155,167,197
[ 95] Received message from  78: 1|0,12,15,19,83,132,153,1,161,117,125,128,185,98,13,69,104,169,45,127,138,140,160,149,184,122,74,96,116,42,176,35,54,56,99,174,186,135,4,24,119,121,166,190,6,10,27,57,78,112,14,61,95,151
[120] Received message from 200: 1|12,15,19,83,132,153,1,5,66,92,148,173,84,29,80,118,175,3,43,86,129,144,162,55,60,71,126,152,182,67,81,89,64,107,158,39,115,50,52,72,77,94,102,124,130,171,183,20,30,68,101,31,53,73,106,134,136,146,177,143,193,188,200,70,97,120,167
[112] Received message from 166: 1|0,12,15,19,83,132,153,1,161,117,125,128,185,98,13,69,104,169,45,127,138,140,160,149,184,122,74,96,116,42,176,35,54,56,99,174,186,135,4,24,119,121,166,190,10,57,78,112
[121] Sent Broadcast: 1|0,12,15,19,83,132,153,1,161,117,125,128,185,98,13,69,104,169,45,127,138,140,160,149,184,122,74,96,116,42,176,35,54,56,99,174,186,135,4,24,119,121,166,190,6,10,27,57,78,112
[167] Received message from  41: 1|12,15,19,83,132,153,1,5,66,92,148,173,84,29,80,118,175,3,43,86,129,144,162,55,60,71,126,152,182,67,81,89,64,107,158,39,115,50,52,72,77,94,102,124,130,171,183,20,30,68,101,31,53,73,106,134,146,41,136,177,193,70,155,167
[ 14] Received message from 112: 1|0,12,15,19,83,132,153,1,161,117,125,128,185,98,13,69,104,169,45,127,138,140,160,149,184,122,74,96,116,42,176,35,54,56,99,174,186,135,4,24,119,121,166,190,6,10,27,57,78,112,14,61,95,151
[193] Received message from 146: 1|12,15,19,83,132,153,1,5,66,92,148,173,84,29,80,118,175,3,43,86,129,144,162,55,60,71,126,152,182,67,81,89,64,107,158,39,115,50,52,72,77,94,102,124,130,171,183,20,30,68,101,31,53,73,106,134,146,41,136,177,193
[151] Received message from  57: 1|0,12,15,19,83,132,153,1,161,117,125,128,185,98,13,69,104,169,45,127,138,140,160,149,184,122,74,96,116,42,176,35,54,56,99,174,186,135,4,24,119,121,166,190,10,57,78,112,61,95,151,199
[146] Sent Broadcast: 1|12,15,19,83,132,153,1,5,66,92,148,173,84,29,80,118,175,3,43,86,129,144,162,55,60,71,126,152,182,67,81,89,64,107,158,39,115,50,52,72,77,94,102,124,130,171,183,20,30,68,101,31,53,73,106,134,146,41,136,177,193
[166] Sent Broadcast: 1|0,12,15,19,83,132,153,1,161,117,125,128,185,98,13,69,104,169,45,127,138,140,160,149,184,122,74,96,116,42,176,35,54,56,99,174,186,135,4,24,119,121,166,190,10,57,78,112
[ 41] Sent Broadcast: 1|12,15,19,83,132,153,1,5,66,92,148,173,84,29,80,118,175,3,43,86,129,144,162,55,60,71,126,152,182,67,81,89,64,107,158,39,115,50,52,72,77,94,102,124,130,171,183,20,30,68,101,31,53,73,106,134,146,41,136,177,193,70,155,167
[183] Received message from 102: 1|12,15,19,83,132,153,1,5,66,92,148,173,84,29,80,118,175,3,43,86,129,144,162,55,60,71,126,152,182,67,81,89,64,107,158,39,115,82,102,141,154,20,30,50,52,68,72,77,94,124,183
[151] Received message from  10: 1|0,12,15,19,83,132,153,1,161,117,125,128,185,98,13,69,104,169,45,127,138,140,160,149,184,122,74,96,116,42,176,35,54,56,99,174,186,135,4,24,119,121,166,190,6,10,27,57,78,112,14,61,95,151,199
[167] Received message from 200: 1|12,15,19,83,132,153,1,5,66,92,148,173,84,29,80,118,175,3,43,86,129,144,162,55,60,71,126,152,182,67,81,89,64,107,158,39,115,50,52,72,77,94,102,124,130,171,183,20,30,68,101,31,53,73,106,134,136,146,177,143,193,188,200,70,97,120,167
[200] Sent Broadcast: 1|12,15,19,83,132,153,1,5,66,92,148,173,84,29,80,118,175,3,43,86,129,144,162,55,60,71,126,152,182,67,81,89,64,107,158,39,115,50,52,72,77,94,102,124,130,171,183,20,30,68,101,31,53,73,106,134,136,146,177,143,193,188,200,70,97,120,167
[102] Sent Broadcast: 1|12,15,19,83,132,153,1,5,66,92,148,173,84,29,80,118,175,3,43,86,129,144,162,55,60,71,126,152,182,67,81,89,64,107,158,39,115,82,102,141,154,20,30,50,52,68,72,77,94,124,183
[ 14] Received message from 151: 1|0,12,15,19,83,132,153,1,161,117,125,128,185,98,13,69,104,169,45,127,138,140,160,149,184,122,74,96,116,42,176,35,54,56,99,174,186,135,4,24,119,121,166,190,10,57,78,112,61,95,151,199,14
[151] Received message from  78: 1|0,12,15,19,83,132,153,1,161,117,125,128,185,98,13,69,104,169,45,127,138,140,160,149,184,122,74,96,116,42,176,35,54,56,99,174,186,135,4,24,119,121,166,190,6,10,27,57,78,112,14,61,95,151
[ 78] Sent Broadcast: 1|0,12,15,19,83,132,153,1,161,117,125,128,185,98,13,69,104,169,45,127,138,140,160,149,184,122,74,96,116,42,176,35,54,56,99,174,186,135,4,24,119,121,166,190,6,10,27,57,78,112,14,61,95,151
[151] Sent Broadcast: 1|0,12,15,19,83,132,153,1,161,117,125,128,185,98,13,69,104,169,45,127,138,140,160,149,184,122,74,96,116,42,176,35,54,56,99,174,186,135,4,24,119,121,166,190,10,57,78,112,61,95,151,199,14
[199] Received message from  57: 1|0,12,15,19,83,132,153,1,161,117,125,128,185,98,13,69,104,169,45,127,138,140,160,149,184,122,74,96,116,42,176,35,54,56,99,174,186,135,4,24,119,121,166,190,10,57,78,112,61,95,151,199
[197] Received message from 167: 1|12,15,19,83,132,153,1,5,66,92,148,173,84,29,80,118,175,3,43,86,129,144,162,55,60,71,126,152,182,67,81,89,64,107,158,39,115,50,52,72,77,94,102,124,130,171,183,20,30,68,101,31,53,73,106,134,146,41,136,177,193,70,155,167,197,200
[ 61] Received message from 112: 1|0,12,15,19,83,132,153,1,161,117,125,128,185,98,13,69,104,169,45,127,138,140,160,149,184,122,74,96,116,42,176,35,54,56,99,174,186,135,4,24,119,121,166,190,6,10,27,57,78,112,14,61,95,151
[ 57] Sent Broadcast: 1|0,12,15,19,83,132,153,1,161,117,125,128,185,98,13,69,104,169,45,127,138,140,160,149,184,122,74,96,116,42,176,35,54,56,99,174,186,135,4,24,119,121,166,190,10,57,78,112,61,95,151,199
[199] Received message from  10: 1|0,12,15,19,83,132,153,1,161,117,125,128,185,98,13,69,104,169,45,127,138,140,160,149,184,122,74,96,116,42,176,35,54,56,99,174,186,135,4,24,119,121,166,190,6,10,27,57,78,112,14,61,95,151,199
[200] Received message from 167: 1|12,15,19,83,132,153,1,5,66,92,148,173,84,29,80,118,175,3,43,86,129,144,162,55,60,71,126,152,182,67,81,89,64,107,158,39,115,50,52,72,77,94,102,124,130,171,183,20,30,68,101,31,53,73,106,134,146,41,136,177,193,70,155,167,197,200
[ 10] Sent Broadcast: 1|0,12,15,19,83,132,153,1,161,117,125,128,185,98,13,69,104,169,45,127,138,140,160,149,184,122,74,96,116,42,176,35,54,56,99,174,186,135,4,24,119,121,166,190,6,10,27,57,78,112,14,61,95,151,199
[167] Sent Broadcast: 1|12,15,19,83,132,153,1,5,66,92,148,173,84,29,80,118,175,3,43,86,129,144,162,55,60,71,126,152,182,67,81,89,64,107,158,39,115,50,52,72,77,94,102,124,130,171,183,20,30,68,101,31,53,73,106,134,146,41,136,177,193,70,155,167,197,200
[ 95] Received message from 112: 1|0,12,15,19,83,132,153,1,161,117,125,128,185,98,13,69,104,169,45,127,138,140,160,149,184,122,74,96,116,42,176,35,54,56,99,174,186,135,4,24,119,121,166,190,6,10,27,57,78,112,14,61,95,151
[151] Received message from 112: 1|0,12,15,19,83,132,153,1,161,117,125,128,185,98,13,69,104,169,45,127,138,140,160,149,184,122,74,96,116,42,176,35,54,56,99,174,186,135,4,24,119,121,166,190,6,10,27,57,78,112,14,61,95,151
[112] Sent Broadcast: 1|0,12,15,19,83,132,153,1,161,117,125,128,185,98,13,69,104,169,45,127,138,140,160,149,184,122,74,96,116,42,176,35,54,56,99,174,186,135,4,24,119,121,166,190,6,10,27,57,78,112,14,61,95,151
[196] Received message from 170: 170|0,196
[170] Sent Broadcast: 170|0,196
