[ 28] Received message from   1: 1|0,28,71,72,87,102,110,128,140,149,200
[ 42] Received message from  28: 1|0,28,71,72,87,102,110,128,140,149,200,1,42,63,153
[ 71] Received message from   1: 1|0,28,71,72,87,102,110,128,140,149,200
[ 63] Received message from  28: 1|0,28,71,72,87,102,110,128,140,149,200,1,42,63,153
[ 82] Received message from  42: 1|0,28,71,72,87,102,110,128,140,149,200,1,42,63,153,82,90,116
[ 42] Received message from  71: 1|0,28,71,72,87,102,110,128,140,149,200,1,42,63,153
[ 72] Received message from   1: 1|0,28,71,72,87,102,110,128,140,149,200
[ 82] Received message from  63: 1|0,28,71,72,87,102,110,128,140,149,200,1,42,63,153,82,90
[ 16] Received message from  82: 1|0,28,71,72,87,102,110,128,140,149,200,1,42,63,153,82,90,116,16,48,188
[ 87] Received message from   1: 1|0,28,71,72,87,102,110,128,140,149,200
[ 63] Received message from  71: 1|0,28,71,72,87,102,110,128,140,149,200,1,42,63,153
[153] Received message from  28: 1|0,28,71,72,87,102,110,128,140,149,200,1,42,63,153
[ 90] Received message from  42: 1|0,28,71,72,87,102,110,128,140,149,200,1,42,63,153,82,90,116
[ 63] Received message from  72: 1|0,28,71,72,87,102,110,128,140,149,200,1,63,153
[105] Received message from  16: 1|0,28,71,72,87,102,110,128,140,149,200,1,42,63,153,82,90,116,16,48,188,105
[102] Received message from   1: 1|0,28,71,72,87,102,110,128,140,149,200
[ 48] Received message from  82: 1|0,28,71,72,87,102,110,128,140,149,200,1,42,63,153,82,90,116,16,48,188
[106] Received message from  87: 1|0,28,71,72,87,102,110,128,140,149,200,1,106
[116] Received message from  42: 1|0,28,71,72,87,102,110,128,140,149,200,1,42,63,153,82,90,116
[ 90] Received message from  63: 1|0,28,71,72,87,102,110,128,140,149,200,1,42,63,153,82,90
[ 28] Sent Broadcast: 1|0,28,71,72,87,102,110,128,140,149,200,1,42,63,153
[ 16] Sent Broadcast: 1|0,28,71,72,87,102,110,128,140,149,200,1,42,63,153,82,90,116,16,48,188,105
[ 63] Sent Broadcast: 1|0,28,71,72,87,102,110,128,140,149,200,1,42,63,153,82,90
[ 87] Sent Broadcast: 1|0,28,71,72,87,102,110,128,140,149,200,1,106
[ 90] Received message from 153: 1|0,28,71,72,87,102,110,128,140,149,200,1,42,63,153,90
[153] Received message from  71: 1|0,28,71,72,87,102,110,128,140,149,200,1,42,63,153
[118] Received message from 105: 1|0,28,71,72,87,102,110,128,140,149,200,1,42,63,153,82,90,116,16,48,188,105,118,167
[ 15] Received message from 102: 1|0,28,71,72,87,102,110,128,140,149,200,1,15,42,63,136,153
[122] Received message from 106: 1|0,28,71,72,87,102,110,128,140,149,200,1,106,122,152,175
[156] Received message from  90: 1|0,28,71,72,87,102,110,128,140,149,200,1,42,63,153,82,90,116,156
[  8] Received message from  48: 1|0,28,71,72,87,102,110,128,140,149,200,1,42,63,153,82,90,116,16,48,188,8,45,94,105,167
[110] Received message from   1: 1|0,28,71,72,87,102,110,128,140,149,200
[ 42] Sent Broadcast: 1|0,28,71,72,87,102,110,128,140,149,200,1,42,63,153,82,90,116
[188] Received message from  82: 1|0,28,71,72,87,102,110,128,140,149,200,1,42,63,153,82,90,116,16,48,188
[153] Sent Broadcast: 1|0,28,71,72,87,102,110,128,140,149,200,1,42,63,153,90
[153] Received message from  72: 1|0,28,71,72,87,102,110,128,140,149,200,1,63,153
[ 45] Received message from 116: 1|0,28,71,72,87,102,110,128,140,149,200,1,42,63,153,82,90,116,45,156
[ 71] Sent Broadcast: 1|0,28,71,72,87,102,110,128,140,149,200,1,42,63,153
[ 82] Sent Broadcast: 1|0,28,71,72,87,102,110,128,140,149,200,1,42,63,153,82,90,116,16,48,188
[ 72] Sent Broadcast: 1|0,28,71,72,87,102,110,128,140,149,200,1,63,153
[ 90] Sent Broadcast: 1|0,28,71,72,87,102,110,128,140,149,200,1,42,63,153,82,90,116,156
[ 97] Received message from  15: 1|0,28,71,72,87,102,110,128,140,149,200,1,15,42,63,136,153,97,127,137,145
[  4] Received message from 118: 1|0,28,71,72,87,102,110,128,140,149,200,1,42,63,153,82,90,116,16,48,188,105,118,167,4,18,113,185
[ 12] Received message from   8: 1|0,28,71,72,87,102,110,128,140,149,200,1,42,63,153,82,90,116,16,48,188,8,45,94,105,167,12,67,93
[ 45] Received message from  48: 1|0,28,71,72,87,102,110,128,140,149,200,1,42,63,153,82,90,116,16,48,188,8,45,94,105,167
[ 15] Received message from 110: 1|0,28,71,72,87,102,110,128,140,149,200,1,15,152
[152] Received message from 106: 1|0,28,71,72,87,102,110,128,140,149,200,1,106,122,152,175
[128] Received message from   1: 1|0,28,71,72,87,102,110,128,140,149,200
[156] Received message from 116: 1|0,28,71,72,87,102,110,128,140,149,200,1,42,63,153,82,90,116,45,156
[ 42] Received message from 102: 1|0,28,71,72,87,102,110,128,140,149,200,1,15,42,63,136,153
[167] Received message from 105: 1|0,28,71,72,87,102,110,128,140,149,200,1,42,63,153,82,90,116,16,48,188,105,118,167
[  5] Received message from  45: 1|0,28,71,72,87,102,110,128,140,149,200,1,42,63,153,82,90,116,45,156,5,48,67,92,94,188
[105] Sent Broadcast: 1|0,28,71,72,87,102,110,128,140,149,200,1,42,63,153,82,90,116,16,48,188,105,118,167
[ 94] Received message from  48: 1|0,28,71,72,87,102,110,128,140,149,200,1,42,63,153,82,90,116,16,48,188,8,45,94,105,167
[  8] Received message from 188: 1|0,28,71,72,87,102,110,128,140,149,200,1,42,63,153,82,90,116,16,48,188,8,45,94,105,167
[ 18] Received message from 118: 1|0,28,71,72,87,102,110,128,140,149,200,1,42,63,153,82,90,116,16,48,188,105,118,167,4,18,113,185
[ 67] Received message from   8: 1|0,28,71,72,87,102,110,128,140,149,200,1,42,63,153,82,90,116,16,48,188,8,45,94,105,167,12,67,93
[133] Received message from  12: 1|0,28,71,72,87,102,110,128,140,149,200,1,42,63,153,82,90,116,16,48,188,8,45,94,105,167,12,67,93,133
[111] Received message from   4: 1|0,28,71,72,87,102,110,128,140,149,200,1,42,63,153,82,90,116,16,48,188,105,118,167,4,18,113,185,111,160
[127] Received message from  15: 1|0,28,71,72,87,102,110,128,140,149,200,1,15,42,63,136,153,97,127,137,145
[152] Received message from 110: 1|0,28,71,72,87,102,110,128,140,149,200,1,15,152
[ 64] Received message from  97: 1|0,28,71,72,87,102,110,128,140,149,200,1,15,42,63,136,153,97,127,137,145,64
[127] Received message from 152: 1|0,28,71,72,87,102,110,128,140,149,200,1,106,122,152,175,127,137,145
[116] Sent Broadcast: 1|0,28,71,72,87,102,110,128,140,149,200,1,42,63,153,82,90,116,45,156
[ 63] Received message from 102: 1|0,28,71,72,87,102,110,128,140,149,200,1,15,42,63,136,153
[110] Sent Broadcast: 1|0,28,71,72,87,102,110,128,140,149,200,1,15,152
[103] Received message from   5: 1|0,28,71,72,87,102,110,128,140,149,200,1,42,63,153,82,90,116,45,156,5,48,67,92,94,188,103
[  5] Received message from  94: 1|0,28,71,72,87,102,110,128,140,149,200,1,42,63,153,82,90,116,16,48,188,8,45,94,105,167,5,67,92
[105] Received message from  48: 1|0,28,71,72,87,102,110,128,140,149,200,1,42,63,153,82,90,116,16,48,188,8,45,94,105,167
[140] Received message from   1: 1|0,28,71,72,87,102,110,128,140,149,200
[ 60] Received message from 111: 1|28,71,72,87,102,110,128,140,149,200,1,42,63,153,82,90,116,16,48,188,105,118,167,4,18,113,185,111,160,60,139,195
[175] Received message from 106: 1|0,28,71,72,87,102,110,128,140,149,200,1,106,122,152,175
[ 64] Received message from 127: 1|0,28,71,72,87,102,110,128,140,149,200,1,15,42,63,136,153,97,127,137,145,64,152,175
[ 11] Received message from  18: 1|0,28,71,72,87,102,110,128,140,149,200,1,42,63,153,82,90,116,16,48,188,105,118,167,4,18,113,185,11,111,160
[ 12] Sent Broadcast: 1|0,28,71,72,87,102,110,128,140,149,200,1,42,63,153,82,90,116,16,48,188,8,45,94,105,167,12,67,93,133
[  5] Sent Broadcast: 1|0,28,71,72,87,102,110,128,140,149,200,1,42,63,153,82,90,116,45,156,5,48,67,92,94,188,103
[ 45] Received message from 188: 1|0,28,71,72,87,102,110,128,140,149,200,1,42,63,153,82,90,116,16,48,188,8,45,94,105,167
[136] Received message from 102: 1|0,28,71,72,87,102,110,128,140,149,200,1,15,42,63,136,153
[ 48] Received message from  45: 1|0,28,71,72,87,102,110,128,140,149,200,1,42,63,153,82,90,116,45,156,5,48,67,92,94,188
[  5] Received message from  67: 1|0,28,71,72,87,102,110,128,140,149,200,1,42,63,153,82,90,116,16,48,188,8,45,94,105,167,12,67,93,5,92
[ 97] Sent Broadcast: 1|0,28,71,72,87,102,110,128,140,149,200,1,15,42,63,136,153,97,127,137,145,64
[ 19] Received message from 133: 1|28,71,72,87,102,110,128,140,149,200,1,42,63,153,82,90,116,16,48,188,8,45,94,105,167,12,67,93,133,19,76,80,120,171
[104] Received message from  64: 1|0,28,71,72,87,102,110,128,140,149,200,1,15,42,63,136,153,97,127,137,145,64,104,112,117,193,196
[106] Sent Broadcast: 1|0,28,71,72,87,102,110,128,140,149,200,1,106,122,152,175
[113] Received message from 118: 1|0,28,71,72,87,102,110,128,140,149,200,1,42,63,153,82,90,116,16,48,188,105,118,167,4,18,113,185
[111] Received message from  18: 1|0,28,71,72,87,102,110,128,140,149,200,1,42,63,153,82,90,116,16,48,188,105,118,167,4,18,113,185,11,111,160
[ 15] Received message from 140: 1|0,28,71,72,87,102,110,128,140,149,200,1,15,97,127,137,145,152
[ 23] Received message from  60: 1|28,71,72,87,102,110,128,140,149,200,1,42,63,153,82,90,116,16,48,188,105,118,167,4,18,113,185,111,160,60,139,195,23,62,69
[ 93] Received message from   8: 1|0,28,71,72,87,102,110,128,140,149,200,1,42,63,153,82,90,116,16,48,188,8,45,94,105,167,12,67,93
[160] Received message from   4: 1|0,28,71,72,87,102,110,128,140,149,200,1,42,63,153,82,90,116,16,48,188,105,118,167,4,18,113,185,111,160
[ 76] Received message from 133: 1|28,71,72,87,102,110,128,140,149,200,1,42,63,153,82,90,116,16,48,188,8,45,94,105,167,12,67,93,133,19,76,80,120,171
[127] Received message from 175: 1|0,28,71,72,87,102,110,128,140,149,200,1,106,122,152,175,127
[ 92] Received message from  67: 1|0,28,71,72,87,102,110,128,140,149,200,1,42,63,153,82,90,116,16,48,188,8,45,94,105,167,12,67,93,5,92
[ 67] Received message from  94: 1|0,28,71,72,87,102,110,128,140,149,200,1,42,63,153,82,90,116,16,48,188,8,45,94,105,167,5,67,92
[ 34] Received message from 136: 1|0,28,71,72,87,102,110,128,140,149,200,1,15,42,63,136,153,34,97,137,145
[137] Received message from  15: 1|0,28,71,72,87,102,110,128,140,149,200,1,15,42,63,136,153,97,127,137,145
[167] Received message from  48: 1|0,28,71,72,87,102,110,128,140,149,200,1,42,63,153,82,90,116,16,48,188,8,45,94,105,167
[  8] Sent Broadcast: 1|0,28,71,72,87,102,110,128,140,149,200,1,42,63,153,82,90,116,16,48,188,8,45,94,105,167,12,67,93
[149] Received message from   1: 1|0,28,71,72,87,102,110,128,140,149,200
[  4] Sent Broadcast: 1|0,28,71,72,87,102,110,128,140,149,200,1,42,63,153,82,90,116,16,48,188,105,118,167,4,18,113,185,111,160
[ 67] Received message from  45: 1|0,28,71,72,87,102,110,128,140,149,200,1,42,63,153,82,90,116,45,156,5,48,67,92,94,188
[108] Received message from 104: 1|0,28,71,72,87,102,110,128,140,149,200,1,15,42,63,136,153,97,127,137,145,64,104,112,117,193,196,108
[ 94] Received message from 188: 1|0,28,71,72,87,102,110,128,140,149,200,1,42,63,153,82,90,116,16,48,188,8,45,94,105,167
[112] Received message from  11: 1|0,28,71,72,87,102,110,128,140,149,200,1,42,63,153,82,90,116,16,48,188,105,118,167,4,18,113,185,11,111,160,112,117
[137] Received message from 152: 1|0,28,71,72,87,102,110,128,140,149,200,1,106,122,152,175,127,137,145
[153] Received message from 102: 1|0,28,71,72,87,102,110,128,140,149,200,1,15,42,63,136,153
[152] Received message from 127: 1|0,28,71,72,87,102,110,128,140,149,200,1,15,42,63,136,153,97,127,137,145,64,152,175
[139] Received message from 111: 1|28,71,72,87,102,110,128,140,149,200,1,42,63,153,82,90,116,16,48,188,105,118,167,4,18,113,185,111,160,60,139,195
[ 62] Received message from  60: 1|28,71,72,87,102,110,128,140,149,200,1,42,63,153,82,90,116,16,48,188,105,118,167,4,18,113,185,111,160,60,139,195,23,62,69
[ 43] Received message from 113: 1|0,28,71,72,87,102,110,128,140,149,200,1,42,63,153,82,90,116,16,48,188,105,118,167,4,18,113,185,43,111,144
[175] Sent Broadcast: 1|0,28,71,72,87,102,110,128,140,149,200,1,106,122,152,175,127
[ 67] Sent Broadcast: 1|0,28,71,72,87,102,110,128,140,149,200,1,42,63,153,82,90,116,16,48,188,8,45,94,105,167,12,67,93,5,92
[ 75] Received message from  23: 1|28,71,72,87,102,110,128,140,149,200,1,42,63,153,82,90,116,16,48,188,105,118,167,4,18,113,185,111,160,60,139,195,23,62,69,75,78,141,154,180
[ 48] Sent Broadcast: 1|0,28,71,72,87,102,110,128,140,149,200,1,42,63,153,82,90,116,16,48,188,8,45,94,105,167
[112] Received message from  64: 1|0,28,71,72,87,102,110,128,140,149,200,1,15,42,63,136,153,97,127,137,145,64,104,112,117,193,196
[ 11] Received message from 160: 1|28,71,72,87,102,110,128,140,149,200,1,42,63,153,82,90,116,16,48,188,105,118,167,4,18,113,185,111,160,11,60,195
[148] Received message from  93: 1|0,28,71,72,87,102,110,128,140,149,200,1,42,63,153,82,90,116,16,48,188,8,45,94,105,167,12,67,93,148
[160] Received message from  18: 1|0,28,71,72,87,102,110,128,140,149,200,1,42,63,153,82,90,116,16,48,188,105,118,167,4,18,113,185,11,111,160
[185] Received message from 118: 1|0,28,71,72,87,102,110,128,140,149,200,1,42,63,153,82,90,116,16,48,188,105,118,167,4,18,113,185
[145] Received message from  15: 1|0,28,71,72,87,102,110,128,140,149,200,1,15,42,63,136,153,97,127,137,145
[ 97] Received message from 140: 1|0,28,71,72,87,102,110,128,140,149,200,1,15,97,127,137,145,152
[104] Sent Broadcast: 1|0,28,71,72,87,102,110,128,140,149,200,1,15,42,63,136,153,97,127,137,145,64,104,112,117,193,196,108
[ 69] Received message from  60: 1|28,71,72,87,102,110,128,140,149,200,1,42,63,153,82,90,116,16,48,188,105,118,167,4,18,113,185,111,160,60,139,195,23,62,69
[ 64] Received message from 137: 1|0,28,71,72,87,102,110,128,140,149,200,1,15,42,63,136,153,97,127,137,145,64,152
[103] Received message from  92: 1|0,28,71,72,87,102,110,128,140,149,200,1,42,63,153,82,90,116,16,48,188,8,45,94,105,167,12,67,93,5,92,103
[200] Received message from   1: 1|0,28,71,72,87,102,110,128,140,149,200
[ 21] Received message from 139: 1|28,71,72,87,102,110,128,140,149,200,1,42,63,153,82,90,116,16,48,188,105,118,167,4,18,113,185,111,160,60,139,195,21,36,43,69,123,144,189
[ 80] Received message from 133: 1|28,71,72,87,102,110,128,140,149,200,1,42,63,153,82,90,116,16,48,188,8,45,94,105,167,12,67,93,133,19,76,80,120,171
[ 92] Received message from  94: 1|0,28,71,72,87,102,110,128,140,149,200,1,42,63,153,82,90,116,16,48,188,8,45,94,105,167,5,67,92
[ 79] Received message from  76: 1|28,71,72,87,102,110,128,140,149,200,1,42,63,153,82,90,116,16,48,188,8,45,94,105,167,12,67,93,133,19,76,80,120,171,79,179
[153] Received message from 149: 1|0,28,71,72,87,102,110,128,140,149,200,1,153
[ 98] Received message from 108: 1|0,28,71,72,87,102,110,128,140,149,200,1,15,42,63,136,153,97,127,137,145,64,104,112,117,193,196,108,98,124,151
[ 64] Received message from 112: 1|0,28,71,72,87,102,110,128,140,149,200,1,42,63,153,82,90,116,16,48,188,105,118,167,4,18,113,185,11,111,160,112,117,64,104,108,193
[ 14] Received message from  43: 1|0,28,71,72,87,102,110,128,140,149,200,1,42,63,153,82,90,116,16,48,188,105,118,167,4,18,113,185,43,111,144,14,21,36,139,148,189
[ 75] Received message from  62: 1|28,71,72,87,102,110,128,140,149,200,1,42,63,153,82,90,116,16,48,188,105,118,167,4,18,113,185,111,160,60,139,195,23,62,69,75,115,123,147
[105] Received message from 188: 1|0,28,71,72,87,102,110,128,140,149,200,1,42,63,153,82,90,116,16,48,188,8,45,94,105,167
[ 97] Received message from 136: 1|0,28,71,72,87,102,110,128,140,149,200,1,15,42,63,136,153,34,97,137,145
[ 14] Received message from 148: 1|28,71,72,87,102,110,128,140,149,200,1,42,63,153,82,90,116,16,48,188,8,45,94,105,167,12,67,93,148,14,43,144,185
[ 78] Received message from  23: 1|28,71,72,87,102,110,128,140,149,200,1,42,63,153,82,90,116,16,48,188,105,118,167,4,18,113,185,111,160,60,139,195,23,62,69,75,78,141,154,180
[102] Sent Broadcast: 1|0,28,71,72,87,102,110,128,140,149,200,1,15,42,63,136,153
[ 93] Sent Broadcast: 1|0,28,71,72,87,102,110,128,140,149,200,1,42,63,153,82,90,116,16,48,188,8,45,94,105,167,12,67,93,148
[ 18] Sent Broadcast: 1|0,28,71,72,87,102,110,128,140,149,200,1,42,63,153,82,90,116,16,48,188,105,118,167,4,18,113,185,11,111,160
[118] Sent Broadcast: 1|0,28,71,72,87,102,110,128,140,149,200,1,42,63,153,82,90,116,16,48,188,105,118,167,4,18,113,185
[  1] Sent Broadcast: 1|0,28,71,72,87,102,110,128,140,149,200
[ 92] Received message from  45: 1|0,28,71,72,87,102,110,128,140,149,200,1,42,63,153,82,90,116,45,156,5,48,67,92,94,188
[ 64] Received message from 145: 1|0,28,71,72,87,102,110,128,140,149,200,1,15,42,63,136,153,97,127,137,145,64,104,152
[ 15] Sent Broadcast: 1|0,28,71,72,87,102,110,128,140,149,200,1,15,42,63,136,153,97,127,137,145
[ 92] Sent Broadcast: 1|0,28,71,72,87,102,110,128,140,149,200,1,42,63,153,82,90,116,16,48,188,8,45,94,105,167,12,67,93,5,92,103
[ 60] Sent Broadcast: 1|28,71,72,87,102,110,128,140,149,200,1,42,63,153,82,90,116,16,48,188,105,118,167,4,18,113,185,111,160,60,139,195,23,62,69
[175] Received message from 127: 1|0,28,71,72,87,102,110,128,140,149,200,1,15,42,63,136,153,97,127,137,145,64,152,175
[127] Received message from 140: 1|0,28,71,72,87,102,110,128,140,149,200,1,15,97,127,137,145,152
[115] Received message from  75: 1|28,71,72,87,102,110,128,140,149,200,1,42,63,153,82,90,116,16,48,188,105,118,167,4,18,113,185,111,160,60,139,195,23,62,69,75,78,141,154,180,115,147,174
[ 15] Received message from 200: 1|0,28,71,72,87,102,110,128,140,149,200,1,15,97,136,137
[ 43] Received message from 185: 1|0,28,71,72,87,102,110,128,140,149,200,1,42,63,153,82,90,116,16,48,188,105,118,167,4,18,113,185,43,144,148
[ 94] Sent Broadcast: 1|0,28,71,72,87,102,110,128,140,149,200,1,42,63,153,82,90,116,16,48,188,8,45,94,105,167,5,67,92
[149] Sent Broadcast: 1|0,28,71,72,87,102,110,128,140,149,200,1,153
[ 75] Received message from  69: 1|28,71,72,87,102,110,128,140,149,200,1,42,63,153,82,90,116,16,48,188,105,118,167,4,18,113,185,111,160,60,139,195,23,62,69,75,115,123,147
[117] Received message from  11: 1|0,28,71,72,87,102,110,128,140,149,200,1,42,63,153,82,90,116,16,48,188,105,118,167,4,18,113,185,11,111,160,112,117
[ 60] Received message from 160: 1|28,71,72,87,102,110,128,140,149,200,1,42,63,153,82,90,116,16,48,188,105,118,167,4,18,113,185,111,160,11,60,195
[104] Received message from 112: 1|0,28,71,72,87,102,110,128,140,149,200,1,42,63,153,82,90,116,16,48,188,105,118,167,4,18,113,185,11,111,160,112,117,64,104,108,193
[ 46] Received message from  79: 1|28,71,72,87,102,110,128,140,149,200,1,42,63,153,82,90,116,16,48,188,8,45,94,105,167,12,67,93,133,19,76,80,120,171,79,179,46,59
[ 36] Received message from 139: 1|28,71,72,87,102,110,128,140,149,200,1,42,63,153,82,90,116,16,48,188,105,118,167,4,18,113,185,111,160,60,139,195,21,36,43,69,123,144,189
[127] Sent Broadcast: 1|0,28,71,72,87,102,110,128,140,149,200,1,15,42,63,136,153,97,127,137,145,64,152,175
[195] Received message from 111: 1|28,71,72,87,102,110,128,140,149,200,1,42,63,153,82,90,116,16,48,188,105,118,167,4,18,113,185,111,160,60,139,195
[111] Received message from 113: 1|0,28,71,72,87,102,110,128,140,149,200,1,42,63,153,82,90,116,16,48,188,105,118,167,4,18,113,185,43,111,144
[137] Received message from 140: 1|0,28,71,72,87,102,110,128,140,149,200,1,15,97,127,137,145,152
[ 33] Received message from  14: 1|28,71,72,87,102,110,128,140,149,200,1,42,63,153,82,90,116,16,48,188,8,45,94,105,167,12,67,93,148,14,43,144,185,33
[152] Received message from 137: 1|0,28,71,72,87,102,110,128,140,149,200,1,15,42,63,136,153,97,127,137,145,64,152
[145] Received message from 152: 1|0,28,71,72,87,102,110,128,140,149,200,1,106,122,152,175,127,137,145
[120] Received message from 133: 1|28,71,72,87,102,110,128,140,149,200,1,42,63,153,82,90,116,16,48,188,8,45,94,105,167,12,67,93,133,19,76,80,120,171
[141] Received message from  23: 1|28,71,72,87,102,110,128,140,149,200,1,42,63,153,82,90,116,16,48,188,105,118,167,4,18,113,185,111,160,60,139,195,23,62,69,75,78,141,154,180
[ 54] Received message from  98: 1|0,28,71,72,87,102,110,128,140,149,200,1,15,42,63,136,153,97,127,137,145,64,104,112,117,193,196,108,98,124,151,54,70,130
[137] Received message from 136: 1|0,28,71,72,87,102,110,128,140,149,200,1,15,42,63,136,153,34,97,137,145
[ 14] Sent Broadcast: 1|28,71,72,87,102,110,128,140,149,200,1,42,63,153,82,90,116,16,48,188,8,45,94,105,167,12,67,93,148,14,43,144,185,33
[ 11] Sent Broadcast: 1|0,28,71,72,87,102,110,128,140,149,200,1,42,63,153,82,90,116,16,48,188,105,118,167,4,18,113,185,11,111,160,112,117
[ 21] Received message from  43: 1|0,28,71,72,87,102,110,128,140,149,200,1,42,63,153,82,90,116,16,48,188,105,118,167,4,18,113,185,43,111,144,14,21,36,139,148,189
[ 94] Received message from  45: 1|0,28,71,72,87,102,110,128,140,149,200,1,42,63,153,82,90,116,45,156,5,48,67,92,94,188
[ 24] Received message from  78: 1|28,71,72,87,102,110,128,140,149,200,1,42,63,153,82,90,116,16,48,188,105,118,167,4,18,113,185,111,160,60,139,195,23,62,69,75,78,141,154,180,24,26,83,89,138
[104] Received message from 145: 1|0,28,71,72,87,102,110,128,140,149,200,1,15,42,63,136,153,97,127,137,145,64,104,152
[124] Received message from 108: 1|0,28,71,72,87,102,110,128,140,149,200,1,15,42,63,136,153,97,127,137,145,64,104,112,117,193,196,108,98,124,151
[147] Received message from  75: 1|28,71,72,87,102,110,128,140,149,200,1,42,63,153,82,90,116,16,48,188,105,118,167,4,18,113,185,111,160,60,139,195,23,62,69,75,78,141,154,180,115,147,174
[167] Received message from 188: 1|0,28,71,72,87,102,110,128,140,149,200,1,42,63,153,82,90,116,16,48,188,8,45,94,105,167
[ 43] Received message from 148: 1|28,71,72,87,102,110,128,140,149,200,1,42,63,153,82,90,116,16,48,188,8,45,94,105,167,12,67,93,148,14,43,144,185
[117] Received message from  64: 1|0,28,71,72,87,102,110,128,140,149,200,1,15,42,63,136,153,97,127,137,145,64,104,112,117,193,196
[111] Sent Broadcast: 1|28,71,72,87,102,110,128,140,149,200,1,42,63,153,82,90,116,16,48,188,105,118,167,4,18,113,185,111,160,60,139,195
[115] Received message from  62: 1|28,71,72,87,102,110,128,140,149,200,1,42,63,153,82,90,116,16,48,188,105,118,167,4,18,113,185,111,160,60,139,195,23,62,69,75,115,123,147
[179] Received message from  76: 1|28,71,72,87,102,110,128,140,149,200,1,42,63,153,82,90,116,16,48,188,8,45,94,105,167,12,67,93,133,19,76,80,120,171,79,179
[115] Received message from  69: 1|28,71,72,87,102,110,128,140,149,200,1,42,63,153,82,90,116,16,48,188,105,118,167,4,18,113,185,111,160,60,139,195,23,62,69,75,115,123,147
[ 39] Received message from  46: 1|28,71,72,87,102,110,128,140,149,200,1,42,63,153,82,90,116,16,48,188,8,45,94,105,167,12,67,93,133,19,76,80,120,171,79,179,46,59,39
[ 64] Received message from 117: 1|0,28,71,72,87,102,110,128,140,149,200,1,42,63,153,82,90,116,16,48,188,105,118,167,4,18,113,185,11,111,160,112,117,64,104,108,193
[108] Received message from 112: 1|0,28,71,72,87,102,110,128,140,149,200,1,42,63,153,82,90,116,16,48,188,105,118,167,4,18,113,185,11,111,160,112,117,64,104,108,193
[144] Received message from 185: 1|0,28,71,72,87,102,110,128,140,149,200,1,42,63,153,82,90,116,16,48,188,105,118,167,4,18,113,185,43,144,148
[ 97] Received message from 200: 1|0,28,71,72,87,102,110,128,140,149,200,1,15,97,136,137
[195] Received message from 160: 1|28,71,72,87,102,110,128,140,149,200,1,42,63,153,82,90,116,16,48,188,105,118,167,4,18,113,185,111,160,11,60,195
[ 33] Received message from  36: 1|28,71,72,87,102,110,128,140,149,200,1,42,63,153,82,90,116,16,48,188,105,118,167,4,18,113,185,111,160,60,139,195,21,36,43,69,123,144,189,33,163
[137] Sent Broadcast: 1|0,28,71,72,87,102,110,128,140,149,200,1,15,42,63,136,153,97,127,137,145,64,152
[152] Sent Broadcast: 1|0,28,71,72,87,102,110,128,140,149,200,1,106,122,152,175,127,137,145
[ 59] Received message from  79: 1|28,71,72,87,102,110,128,140,149,200,1,42,63,153,82,90,116,16,48,188,8,45,94,105,167,12,67,93,133,19,76,80,120,171,79,179,46,59
[ 23] Received message from 195: 1|28,71,72,87,102,110,128,140,149,200,1,42,63,153,82,90,116,16,48,188,105,118,167,4,18,113,185,111,160,60,139,195,23,62,69
[ 43] Received message from 139: 1|28,71,72,87,102,110,128,140,149,200,1,42,63,153,82,90,116,16,48,188,105,118,167,4,18,113,185,111,160,60,139,195,21,36,43,69,123,144,189
[ 36] Received message from  33: 1|28,71,72,87,102,110,128,140,149,200,1,42,63,153,82,90,116,16,48,188,8,45,94,105,167,12,67,93,148,14,43,144,185,33,36,49,163,164
[ 54] Received message from 124: 1|0,28,71,72,87,102,110,128,140,149,200,1,15,42,63,136,153,97,127,137,145,64,104,112,117,193,196,108,98,124,151,54,70,130
[104] Received message from 117: 1|0,28,71,72,87,102,110,128,140,149,200,1,42,63,153,82,90,116,16,48,188,105,118,167,4,18,113,185,11,111,160,112,117,64,104,108,193
[ 44] Received message from 147: 1|28,71,72,87,102,110,128,140,149,200,1,42,63,153,82,90,116,16,48,188,105,118,167,4,18,113,185,111,160,60,139,195,23,62,69,75,78,141,154,180,115,147,174,44,47,123
[188] Sent Broadcast: 1|0,28,71,72,87,102,110,128,140,149,200,1,42,63,153,82,90,116,16,48,188,8,45,94,105,167
[ 76] Sent Broadcast: 1|28,71,72,87,102,110,128,140,149,200,1,42,63,153,82,90,116,16,48,188,8,45,94,105,167,12,67,93,133,19,76,80,120,171,79,179
[ 39] Received message from 179: 1|28,71,72,87,102,110,128,140,149,200,1,42,63,153,82,90,116,16,48,188,8,45,94,105,167,12,67,93,133,19,76,80,120,171,79,179,39,46,59
[ 55] Received message from 141: 1|28,71,72,87,102,110,128,140,149,200,1,42,63,153,82,90,116,16,48,188,105,118,167,4,18,113,185,111,160,60,139,195,23,62,69,75,78,141,154,180,55,83,89,138,157
[145] Received message from 140: 1|0,28,71,72,87,102,110,128,140,149,200,1,15,97,127,137,145,152
[123] Received message from  62: 1|28,71,72,87,102,110,128,140,149,200,1,42,63,153,82,90,116,16,48,188,105,118,167,4,18,113,185,111,160,60,139,195,23,62,69,75,115,123,147
[ 73] Received message from  54: 1|0,28,71,72,87,102,110,128,140,149,200,1,15,42,63,136,153,97,127,137,145,64,104,112,117,193,196,108,98,124,151,54,70,130,73,126,186
[144] Received message from 113: 1|0,28,71,72,87,102,110,128,140,149,200,1,42,63,153,82,90,116,16,48,188,105,118,167,4,18,113,185,43,111,144
[ 46] Sent Broadcast: 1|28,71,72,87,102,110,128,140,149,200,1,42,63,153,82,90,116,16,48,188,8,45,94,105,167,12,67,93,133,19,76,80,120,171,79,179,46,59,39
[ 73] Received message from  24: 1|28,71,72,87,102,110,128,140,149,200,1,42,63,153,82,90,116,16,48,188,105,118,167,4,18,113,185,111,160,60,139,195,23,62,69,75,78,141,154,180,24,26,83,89,138,73,126,142,151,186
[160] Sent Broadcast: 1|28,71,72,87,102,110,128,140,149,200,1,42,63,153,82,90,116,16,48,188,105,118,167,4,18,113,185,111,160,11,60,195
[ 79] Sent Broadcast: 1|28,71,72,87,102,110,128,140,149,200,1,42,63,153,82,90,116,16,48,188,8,45,94,105,167,12,67,93,133,19,76,80,120,171,79,179,46,59
[113] Sent Broadcast: 1|0,28,71,72,87,102,110,128,140,149,200,1,42,63,153,82,90,116,16,48,188,105,118,167,4,18,113,185,43,111,144
[ 14] Received message from 144: 1|0,28,71,72,87,102,110,128,140,149,200,1,42,63,153,82,90,116,16,48,188,105,118,167,4,18,113,185,43,144,148,14,21,36,139,189
[188] Received message from  45: 1|0,28,71,72,87,102,110,128,140,149,200,1,42,63,153,82,90,116,45,156,5,48,67,92,94,188
[163] Received message from  36: 1|28,71,72,87,102,110,128,140,149,200,1,42,63,153,82,90,116,16,48,188,105,118,167,4,18,113,185,111,160,60,139,195,21,36,43,69,123,144,189,33,163
[144] Received message from 148: 1|28,71,72,87,102,110,128,140,149,200,1,42,63,153,82,90,116,16,48,188,8,45,94,105,167,12,67,93,148,14,43,144,185
[145] Received message from 136: 1|0,28,71,72,87,102,110,128,140,149,200,1,15,42,63,136,153,34,97,137,145
[ 70] Received message from  98: 1|0,28,71,72,87,102,110,128,140,149,200,1,15,42,63,136,153,97,127,137,145,64,104,112,117,193,196,108,98,124,151,54,70,130
[154] Received message from  23: 1|28,71,72,87,102,110,128,140,149,200,1,42,63,153,82,90,116,16,48,188,105,118,167,4,18,113,185,111,160,60,139,195,23,62,69,75,78,141,154,180
[ 36] Received message from  43: 1|0,28,71,72,87,102,110,128,140,149,200,1,42,63,153,82,90,116,16,48,188,105,118,167,4,18,113,185,43,111,144,14,21,36,139,148,189
[174] Received message from  75: 1|28,71,72,87,102,110,128,140,149,200,1,42,63,153,82,90,116,16,48,188,105,118,167,4,18,113,185,111,160,60,139,195,23,62,69,75,78,141,154,180,115,147,174
[123] Received message from  69: 1|28,71,72,87,102,110,128,140,149,200,1,42,63,153,82,90,116,16,48,188,105,118,167,4,18,113,185,111,160,60,139,195,23,62,69,75,115,123,147
[171] Received message from 133: 1|28,71,72,87,102,110,128,140,149,200,1,42,63,153,82,90,116,16,48,188,8,45,94,105,167,12,67,93,133,19,76,80,120,171
[ 62] Received message from 195: 1|28,71,72,87,102,110,128,140,149,200,1,42,63,153,82,90,116,16,48,188,105,118,167,4,18,113,185,111,160,60,139,195,23,62,69
[193] Received message from  64: 1|0,28,71,72,87,102,110,128,140,149,200,1,15,42,63,136,153,97,127,137,145,64,104,112,117,193,196
[ 45] Sent Broadcast: 1|0,28,71,72,87,102,110,128,140,149,200,1,42,63,153,82,90,116,45,156,5,48,67,92,94,188
[ 69] Received message from 139: 1|28,71,72,87,102,110,128,140,149,200,1,42,63,153,82,90,116,16,48,188,105,118,167,4,18,113,185,111,160,60,139,195,21,36,43,69,123,144,189
[ 26] Received message from  78: 1|28,71,72,87,102,110,128,140,149,200,1,42,63,153,82,90,116,16,48,188,105,118,167,4,18,113,185,111,160,60,139,195,23,62,69,75,78,141,154,180,24,26,83,89,138
[ 46] Received message from 179: 1|28,71,72,87,102,110,128,140,149,200,1,42,63,153,82,90,116,16,48,188,8,45,94,105,167,12,67,93,133,19,76,80,120,171,79,179,39,46,59
[ 83] Received message from 141: 1|28,71,72,87,102,110,128,140,149,200,1,42,63,153,82,90,116,16,48,188,105,118,167,4,18,113,185,111,160,60,139,195,23,62,69,75,78,141,154,180,55,83,89,138,157
[ 47] Received message from 147: 1|28,71,72,87,102,110,128,140,149,200,1,42,63,153,82,90,116,16,48,188,105,118,167,4,18,113,185,111,160,60,139,195,23,62,69,75,78,141,154,180,115,147,174,44,47,123
[108] Received message from 117: 1|0,28,71,72,87,102,110,128,140,149,200,1,42,63,153,82,90,116,16,48,188,105,118,167,4,18,113,185,11,111,160,112,117,64,104,108,193
[ 57] Received message from  39: 1|28,71,72,87,102,110,128,140,149,200,1,42,63,153,82,90,116,16,48,188,8,45,94,105,167,12,67,93,133,19,76,80,120,171,79,179,46,59,39,57,74,77,181
[151] Received message from 108: 1|0,28,71,72,87,102,110,128,140,149,200,1,15,42,63,136,153,97,127,137,145,64,104,112,117,193,196,108,98,124,151
[152] Received message from 145: 1|0,28,71,72,87,102,110,128,140,149,200,1,15,42,63,136,153,97,127,137,145,64,104,152
[136] Received message from 200: 1|0,28,71,72,87,102,110,128,140,149,200,1,15,97,136,137
[ 49] Received message from  33: 1|28,71,72,87,102,110,128,140,149,200,1,42,63,153,82,90,116,16,48,188,8,45,94,105,167,12,67,93,148,14,43,144,185,33,36,49,163,164
[147] Received message from  62: 1|28,71,72,87,102,110,128,140,149,200,1,42,63,153,82,90,116,16,48,188,105,118,167,4,18,113,185,111,160,60,139,195,23,62,69,75,115,123,147
[148] Received message from 185: 1|0,28,71,72,87,102,110,128,140,149,200,1,42,63,153,82,90,116,16,48,188,105,118,167,4,18,113,185,43,144,148
[ 70] Received message from 124: 1|0,28,71,72,87,102,110,128,140,149,200,1,15,42,63,136,153,97,127,137,145,64,104,112,117,193,196,108,98,124,151,54,70,130
[ 21] Received message from 123: 1|28,71,72,87,102,110,128,140,149,200,1,42,63,153,82,90,116,16,48,188,105,118,167,4,18,113,185,111,160,60,139,195,23,62,69,75,115,123,147,21,36,44,47,189
[139] Received message from  43: 1|0,28,71,72,87,102,110,128,140,149,200,1,42,63,153,82,90,116,16,48,188,105,118,167,4,18,113,185,43,111,144,14,21,36,139,148,189
[ 24] Received message from  73: 1|0,28,71,72,87,102,110,128,140,149,200,1,15,42,63,136,153,97,127,137,145,64,104,112,117,193,196,108,98,124,151,54,70,130,73,126,186,24,142
[126] Received message from  54: 1|0,28,71,72,87,102,110,128,140,149,200,1,15,42,63,136,153,97,127,137,145,64,104,112,117,193,196,108,98,124,151,54,70,130,73,126,186
[152] Received message from 140: 1|0,28,71,72,87,102,110,128,140,149,200,1,15,97,127,137,145,152
[ 36] Sent Broadcast: 1|28,71,72,87,102,110,128,140,149,200,1,42,63,153,82,90,116,16,48,188,105,118,167,4,18,113,185,111,160,60,139,195,21,36,43,69,123,144,189,33,163
[193] Received message from 112: 1|0,28,71,72,87,102,110,128,140,149,200,1,42,63,153,82,90,116,16,48,188,105,118,167,4,18,113,185,11,111,160,112,117,64,104,108,193
[112] Sent Broadcast: 1|0,28,71,72,87,102,110,128,140,149,200,1,42,63,153,82,90,116,16,48,188,105,118,167,4,18,113,185,11,111,160,112,117,64,104,108,193
[ 75] Sent Broadcast: 1|28,71,72,87,102,110,128,140,149,200,1,42,63,153,82,90,116,16,48,188,105,118,167,4,18,113,185,111,160,60,139,195,23,62,69,75,78,141,154,180,115,147,174
[133] Sent Broadcast: 1|28,71,72,87,102,110,128,140,149,200,1,42,63,153,82,90,116,16,48,188,8,45,94,105,167,12,67,93,133,19,76,80,120,171
[136] Sent Broadcast: 1|0,28,71,72,87,102,110,128,140,149,200,1,15,42,63,136,153,34,97,137,145
[ 55] Received message from 154: 1|28,71,72,87,102,110,128,140,149,200,1,42,63,153,82,90,116,16,48,188,105,118,167,4,18,113,185,111,160,60,139,195,23,62,69,75,78,141,154,180,55,83,89,138,157
[145] Sent Broadcast: 1|0,28,71,72,87,102,110,128,140,149,200,1,15,42,63,136,153,97,127,137,145,64,104,152
[108] Sent Broadcast: 1|0,28,71,72,87,102,110,128,140,149,200,1,15,42,63,136,153,97,127,137,145,64,104,112,117,193,196,108,98,124,151
[ 21] Received message from 144: 1|0,28,71,72,87,102,110,128,140,149,200,1,42,63,153,82,90,116,16,48,188,105,118,167,4,18,113,185,43,144,148,14,21,36,139,189
[ 47] Received message from 163: 1|28,71,72,87,102,110,128,140,149,200,1,42,63,153,82,90,116,16,48,188,105,118,167,4,18,113,185,111,160,60,139,195,21,36,43,69,123,144,189,33,163,47
[147] Received message from  69: 1|28,71,72,87,102,110,128,140,149,200,1,42,63,153,82,90,116,16,48,188,105,118,167,4,18,113,185,111,160,60,139,195,23,62,69,75,115,123,147
[126] Received message from  24: 1|28,71,72,87,102,110,128,140,149,200,1,42,63,153,82,90,116,16,48,188,105,118,167,4,18,113,185,111,160,60,139,195,23,62,69,75,78,141,154,180,24,26,83,89,138,73,126,142,151,186
[185] Received message from 148: 1|28,71,72,87,102,110,128,140,149,200,1,42,63,153,82,90,116,16,48,188,8,45,94,105,167,12,67,93,148,14,43,144,185
[135] Received message from 174: 1|28,71,72,87,102,110,128,140,149,200,1,42,63,153,82,90,116,16,48,188,105,118,167,4,18,113,185,111,160,60,139,195,23,62,69,75,78,141,154,180,115,147,174,135,157
[196] Received message from  64: 1|0,28,71,72,87,102,110,128,140,149,200,1,15,42,63,136,153,97,127,137,145,64,104,112,117,193,196
[180] Received message from  23: 1|28,71,72,87,102,110,128,140,149,200,1,42,63,153,82,90,116,16,48,188,105,118,167,4,18,113,185,111,160,60,139,195,23,62,69,75,78,141,154,180
[107] Received message from  57: 1|28,71,72,87,102,110,128,140,149,200,1,42,63,153,82,90,116,16,48,188,8,45,94,105,167,12,67,93,133,19,76,80,120,171,79,179,46,59,39,57,74,77,181,107,184
[ 62] Sent Broadcast: 1|28,71,72,87,102,110,128,140,149,200,1,42,63,153,82,90,116,16,48,188,105,118,167,4,18,113,185,111,160,60,139,195,23,62,69,75,115,123,147
[185] Sent Broadcast: 1|0,28,71,72,87,102,110,128,140,149,200,1,42,63,153,82,90,116,16,48,188,105,118,167,4,18,113,185,43,144,148
[ 69] Sent Broadcast: 1|28,71,72,87,102,110,128,140,149,200,1,42,63,153,82,90,116,16,48,188,105,118,167,4,18,113,185,111,160,60,139,195,23,62,69,75,115,123,147
[140] Sent Broadcast: 1|0,28,71,72,87,102,110,128,140,149,200,1,15,97,127,137,145,152
[163] Sent Broadcast: 1|28,71,72,87,102,110,128,140,149,200,1,42,63,153,82,90,116,16,48,188,105,118,167,4,18,113,185,111,160,60,139,195,21,36,43,69,123,144,189,33,163,47
[ 24] Received message from  83: 1|28,71,72,87,102,110,128,140,149,200,1,42,63,153,82,90,116,16,48,188,105,118,167,4,18,113,185,111,160,60,139,195,23,62,69,75,78,141,154,180,55,83,89,138,157,24,26
[108] Received message from 193: 1|0,28,71,72,87,102,110,128,140,149,200,1,15,42,63,136,153,97,127,137,145,64,104,112,117,193,196,108
[123] Received message from 139: 1|28,71,72,87,102,110,128,140,149,200,1,42,63,153,82,90,116,16,48,188,105,118,167,4,18,113,185,111,160,60,139,195,21,36,43,69,123,144,189
[130] Received message from  98: 1|0,28,71,72,87,102,110,128,140,149,200,1,15,42,63,136,153,97,127,137,145,64,104,112,117,193,196,108,98,124,151,54,70,130
[142] Received message from  73: 1|0,28,71,72,87,102,110,128,140,149,200,1,15,42,63,136,153,97,127,137,145,64,104,112,117,193,196,108,98,124,151,54,70,130,73,126,186,24,142
[ 83] Received message from  78: 1|28,71,72,87,102,110,128,140,149,200,1,42,63,153,82,90,116,16,48,188,105,118,167,4,18,113,185,111,160,60,139,195,23,62,69,75,78,141,154,180,24,26,83,89,138
[ 29] Received message from  47: 1|28,71,72,87,102,110,128,140,149,200,1,42,63,153,82,90,116,16,48,188,105,118,167,4,18,113,185,111,160,60,139,195,23,62,69,75,78,141,154,180,115,147,174,44,47,123,29,37,163
[ 69] Received message from 195: 1|28,71,72,87,102,110,128,140,149,200,1,42,63,153,82,90,116,16,48,188,105,118,167,4,18,113,185,111,160,60,139,195,23,62,69
[ 86] Received message from  49: 1|28,71,72,87,102,110,128,140,149,200,1,42,63,153,82,90,116,16,48,188,8,45,94,105,167,12,67,93,148,14,43,144,185,33,36,49,163,164,86
[163] Received message from  33: 1|28,71,72,87,102,110,128,140,149,200,1,42,63,153,82,90,116,16,48,188,8,45,94,105,167,12,67,93,148,14,43,144,185,33,36,49,163,164
[ 59] Received message from 179: 1|28,71,72,87,102,110,128,140,149,200,1,42,63,153,82,90,116,16,48,188,8,45,94,105,167,12,67,93,133,19,76,80,120,171,79,179,39,46,59
[193] Received message from 117: 1|0,28,71,72,87,102,110,128,140,149,200,1,42,63,153,82,90,116,16,48,188,105,118,167,4,18,113,185,11,111,160,112,117,64,104,108,193
[ 74] Received message from  39: 1|28,71,72,87,102,110,128,140,149,200,1,42,63,153,82,90,116,16,48,188,8,45,94,105,167,12,67,93,133,19,76,80,120,171,79,179,46,59,39,57,74,77,181
[148] Received message from  43: 1|0,28,71,72,87,102,110,128,140,149,200,1,42,63,153,82,90,116,16,48,188,105,118,167,4,18,113,185,43,111,144,14,21,36,139,148,189
[148] Sent Broadcast: 1|28,71,72,87,102,110,128,140,149,200,1,42,63,153,82,90,116,16,48,188,8,45,94,105,167,12,67,93,148,14,43,144,185
[ 98] Sent Broadcast: 1|0,28,71,72,87,102,110,128,140,149,200,1,15,42,63,136,153,97,127,137,145,64,104,112,117,193,196,108,98,124,151,54,70,130
[137] Received message from 200: 1|0,28,71,72,87,102,110,128,140,149,200,1,15,97,136,137
[ 89] Received message from 141: 1|28,71,72,87,102,110,128,140,149,200,1,42,63,153,82,90,116,16,48,188,105,118,167,4,18,113,185,111,160,60,139,195,23,62,69,75,78,141,154,180,55,83,89,138,157
[142] Received message from  24: 1|28,71,72,87,102,110,128,140,149,200,1,42,63,153,82,90,116,16,48,188,105,118,167,4,18,113,185,111,160,60,139,195,23,62,69,75,78,141,154,180,24,26,83,89,138,73,126,142,151,186
[ 83] Received message from 154: 1|28,71,72,87,102,110,128,140,149,200,1,42,63,153,82,90,116,16,48,188,105,118,167,4,18,113,185,111,160,60,139,195,23,62,69,75,78,141,154,180,55,83,89,138,157
[ 64] Sent Broadcast: 1|0,28,71,72,87,102,110,128,140,149,200,1,15,42,63,136,153,97,127,137,145,64,104,112,117,193,196
[123] Received message from 147: 1|28,71,72,87,102,110,128,140,149,200,1,42,63,153,82,90,116,16,48,188,105,118,167,4,18,113,185,111,160,60,139,195,23,62,69,75,78,141,154,180,115,147,174,44,47,123
[ 24] Received message from 151: 1|0,28,71,72,87,102,110,128,140,149,200,1,15,42,63,136,153,97,127,137,145,64,104,112,117,193,196,108,98,124,151,24,54,73,126,186
[200] Sent Broadcast: 1|0,28,71,72,87,102,110,128,140,149,200,1,15,97,136,137
[ 36] Received message from 144: 1|0,28,71,72,87,102,110,128,140,149,200,1,42,63,153,82,90,116,16,48,188,105,118,167,4,18,113,185,43,144,148,14,21,36,139,189
[130] Received message from 124: 1|0,28,71,72,87,102,110,128,140,149,200,1,15,42,63,136,153,97,127,137,145,64,104,112,117,193,196,108,98,124,151,54,70,130
[ 26] Received message from  83: 1|28,71,72,87,102,110,128,140,149,200,1,42,63,153,82,90,116,16,48,188,105,118,167,4,18,113,185,111,160,60,139,195,23,62,69,75,78,141,154,180,55,83,89,138,157,24,26
[186] Received message from  54: 1|0,28,71,72,87,102,110,128,140,149,200,1,15,42,63,136,153,97,127,137,145,64,104,112,117,193,196,108,98,124,151,54,70,130,73,126,186
[ 73] Sent Broadcast: 1|0,28,71,72,87,102,110,128,140,149,200,1,15,42,63,136,153,97,127,137,145,64,104,112,117,193,196,108,98,124,151,54,70,130,73,126,186,24,142
[193] Sent Broadcast: 1|0,28,71,72,87,102,110,128,140,149,200,1,15,42,63,136,153,97,127,137,145,64,104,112,117,193,196,108
[ 23] Sent Broadcast: 1|28,71,72,87,102,110,128,140,149,200,1,42,63,153,82,90,116,16,48,188,105,118,167,4,18,113,185,111,160,60,139,195,23,62,69,75,78,141,154,180
[147] Sent Broadcast: 1|28,71,72,87,102,110,128,140,149,200,1,42,63,153,82,90,116,16,48,188,105,118,167,4,18,113,185,111,160,60,139,195,23,62,69,75,78,141,154,180,115,147,174,44,47,123
[195] Sent Broadcast: 1|28,71,72,87,102,110,128,140,149,200,1,42,63,153,82,90,116,16,48,188,105,118,167,4,18,113,185,111,160,60,139,195,23,62,69
[ 49] Sent Broadcast: 1|28,71,72,87,102,110,128,140,149,200,1,42,63,153,82,90,116,16,48,188,8,45,94,105,167,12,67,93,148,14,43,144,185,33,36,49,163,164,86
[ 41] Received message from 142: 1|0,28,71,72,87,102,110,128,140,149,200,1,15,42,63,136,153,97,127,137,145,64,104,112,117,193,196,108,98,124,151,54,70,130,73,126,186,24,142,41,162
[  3] Received message from 135: 1|28,71,72,87,102,110,128,140,149,200,1,42,63,153,82,90,116,16,48,188,105,118,167,4,18,113,185,111,160,60,139,195,23,62,69,75,78,141,154,180,115,147,174,135,157,3,58,172
[  6] Received message from  86: 1|28,71,72,87,102,110,128,140,149,200,1,42,63,153,82,90,116,16,48,188,8,45,94,105,167,12,67,93,148,14,43,144,185,33,36,49,163,164,86,6,20,61
[117] Sent Broadcast: 1|0,28,71,72,87,102,110,128,140,149,200,1,42,63,153,82,90,116,16,48,188,105,118,167,4,18,113,185,11,111,160,112,117,64,104,108,193
[ 26] Received message from 180: 1|28,71,72,87,102,110,128,140,149,200,1,42,63,153,82,90,116,16,48,188,105,118,167,4,18,113,185,111,160,60,139,195,23,62,69,75,78,141,154,180,26,55,83,89,138,157
[179] Sent Broadcast: 1|28,71,72,87,102,110,128,140,149,200,1,42,63,153,82,90,116,16,48,188,8,45,94,105,167,12,67,93,133,19,76,80,120,171,79,179,39,46,59
[ 24] Received message from 126: 1|0,28,71,72,87,102,110,128,140,149,200,1,15,42,63,136,153,97,127,137,145,64,104,112,117,193,196,108,98,124,151,54,70,130,73,126,186,24,41,142,162
[ 70] Received message from 196: 1|0,28,71,72,87,102,110,128,140,149,200,1,15,42,63,136,153,97,127,137,145,64,104,112,117,193,196,70,98,108,124,130
[ 36] Received message from 123: 1|28,71,72,87,102,110,128,140,149,200,1,42,63,153,82,90,116,16,48,188,105,118,167,4,18,113,185,111,160,60,139,195,23,62,69,75,115,123,147,21,36,44,47,189
[157] Received message from 174: 1|28,71,72,87,102,110,128,140,149,200,1,42,63,153,82,90,116,16,48,188,105,118,167,4,18,113,185,111,160,60,139,195,23,62,69,75,78,141,154,180,115,147,174,135,157
[ 17] Received message from  29: 1|28,71,72,87,102,110,128,140,149,200,1,42,63,153,82,90,116,16,48,188,105,118,167,4,18,113,185,111,160,60,139,195,23,62,69,75,78,141,154,180,115,147,174,44,47,123,29,37,163,17,30,109,190
[ 26] Received message from  89: 1|28,71,72,87,102,110,128,140,149,200,1,42,63,153,82,90,116,16,48,188,105,118,167,4,18,113,185,111,160,60,139,195,23,62,69,75,78,141,154,180,55,83,89,138,157,26
[ 89] Received message from  78: 1|28,71,72,87,102,110,128,140,149,200,1,42,63,153,82,90,116,16,48,188,105,118,167,4,18,113,185,111,160,60,139,195,23,62,69,75,78,141,154,180,24,26,83,89,138
[124] Sent Broadcast: 1|0,28,71,72,87,102,110,128,140,149,200,1,15,42,63,136,153,97,127,137,145,64,104,112,117,193,196,108,98,124,151,54,70,130
[ 83] Sent Broadcast: 1|28,71,72,87,102,110,128,140,149,200,1,42,63,153,82,90,116,16,48,188,105,118,167,4,18,113,185,111,160,60,139,195,23,62,69,75,78,141,154,180,55,83,89,138,157,24,26
[ 54] Sent Broadcast: 1|0,28,71,72,87,102,110,128,140,149,200,1,15,42,63,136,153,97,127,137,145,64,104,112,117,193,196,108,98,124,151,54,70,130,73,126,186
[ 37] Received message from  47: 1|28,71,72,87,102,110,128,140,149,200,1,42,63,153,82,90,116,16,48,188,105,118,167,4,18,113,185,111,160,60,139,195,23,62,69,75,78,141,154,180,115,147,174,44,47,123,29,37,163
[ 54] Received message from 151: 1|0,28,71,72,87,102,110,128,140,149,200,1,15,42,63,136,153,97,127,137,145,64,104,112,117,193,196,108,98,124,151,24,54,73,126,186
[144] Received message from 139: 1|28,71,72,87,102,110,128,140,149,200,1,42,63,153,82,90,116,16,48,188,105,118,167,4,18,113,185,111,160,60,139,195,21,36,43,69,123,144,189
[ 77] Received message from  39: 1|28,71,72,87,102,110,128,140,149,200,1,42,63,153,82,90,116,16,48,188,8,45,94,105,167,12,67,93,133,19,76,80,120,171,79,179,46,59,39,57,74,77,181
[184] Received message from  57: 1|28,71,72,87,102,110,128,140,149,200,1,42,63,153,82,90,116,16,48,188,8,45,94,105,167,12,67,93,133,19,76,80,120,171,79,179,46,59,39,57,74,77,181,107,184
[151] Received message from  24: 1|28,71,72,87,102,110,128,140,149,200,1,42,63,153,82,90,116,16,48,188,105,118,167,4,18,113,185,111,160,60,139,195,23,62,69,75,78,141,154,180,24,26,83,89,138,73,126,142,151,186
[174] Sent Broadcast: 1|28,71,72,87,102,110,128,140,149,200,1,42,63,153,82,90,116,16,48,188,105,118,167,4,18,113,185,111,160,60,139,195,23,62,69,75,78,141,154,180,115,147,174,135,157
[164] Received message from  33: 1|28,71,72,87,102,110,128,140,149,200,1,42,63,153,82,90,116,16,48,188,8,45,94,105,167,12,67,93,148,14,43,144,185,33,36,49,163,164
[107] Received message from  74: 1|28,71,72,87,102,110,128,140,149,200,1,42,63,153,82,90,116,16,48,188,8,45,94,105,167,12,67,93,133,19,76,80,120,171,79,179,46,59,39,57,74,77,181,107
[ 20] Received message from  86: 1|28,71,72,87,102,110,128,140,149,200,1,42,63,153,82,90,116,16,48,188,8,45,94,105,167,12,67,93,148,14,43,144,185,33,36,49,163,164,86,6,20,61
[139] Received message from 144: 1|0,28,71,72,87,102,110,128,140,149,200,1,42,63,153,82,90,116,16,48,188,105,118,167,4,18,113,185,43,144,148,14,21,36,139,189
[ 24] Received message from 186: 1|0,28,71,72,87,102,110,128,140,149,200,1,15,42,63,136,153,97,127,137,145,64,104,112,117,193,196,108,98,124,151,54,70,130,73,126,186,24,41,142
[ 22] Received message from  41: 1|0,28,71,72,87,102,110,128,140,149,200,1,15,42,63,136,153,97,127,137,145,64,104,112,117,193,196,108,98,124,151,54,70,130,73,126,186,24,142,41,162,22,194
[ 89] Received message from 154: 1|28,71,72,87,102,110,128,140,149,200,1,42,63,153,82,90,116,16,48,188,105,118,167,4,18,113,185,111,160,60,139,195,23,62,69,75,78,141,154,180,55,83,89,138,157
[ 44] Received message from 123: 1|28,71,72,87,102,110,128,140,149,200,1,42,63,153,82,90,116,16,48,188,105,118,167,4,18,113,185,111,160,60,139,195,23,62,69,75,115,123,147,21,36,44,47,189
[ 33] Sent Broadcast: 1|28,71,72,87,102,110,128,140,149,200,1,42,63,153,82,90,116,16,48,188,8,45,94,105,167,12,67,93,148,14,43,144,185,33,36,49,163,164
[ 89] Sent Broadcast: 1|28,71,72,87,102,110,128,140,149,200,1,42,63,153,82,90,116,16,48,188,105,118,167,4,18,113,185,111,160,60,139,195,23,62,69,75,78,141,154,180,55,83,89,138,157,26
[119] Received message from  17: 1|28,71,72,87,102,110,128,140,149,200,1,42,63,153,82,90,116,16,48,188,105,118,167,4,18,113,185,111,160,60,139,195,23,62,69,75,78,141,154,180,115,147,174,44,47,123,29,37,163,17,30,109,190,119,146,150
[ 57] Sent Broadcast: 1|28,71,72,87,102,110,128,140,149,200,1,42,63,153,82,90,116,16,48,188,8,45,94,105,167,12,67,93,133,19,76,80,120,171,79,179,46,59,39,57,74,77,181,107,184
[189] Received message from  43: 1|0,28,71,72,87,102,110,128,140,149,200,1,42,63,153,82,90,116,16,48,188,105,118,167,4,18,113,185,43,111,144,14,21,36,139,148,189
[138] Received message from 141: 1|28,71,72,87,102,110,128,140,149,200,1,42,63,153,82,90,116,16,48,188,105,118,167,4,18,113,185,111,160,60,139,195,23,62,69,75,78,141,154,180,55,83,89,138,157
[ 58] Received message from 135: 1|28,71,72,87,102,110,128,140,149,200,1,42,63,153,82,90,116,16,48,188,105,118,167,4,18,113,185,111,160,60,139,195,23,62,69,75,78,141,154,180,115,147,174,135,157,3,58,172
[163] Received message from  47: 1|28,71,72,87,102,110,128,140,149,200,1,42,63,153,82,90,116,16,48,188,105,118,167,4,18,113,185,111,160,60,139,195,23,62,69,75,78,141,154,180,115,147,174,44,47,123,29,37,163
[ 41] Received message from 126: 1|0,28,71,72,87,102,110,128,140,149,200,1,15,42,63,136,153,97,127,137,145,64,104,112,117,193,196,108,98,124,151,54,70,130,73,126,186,24,41,142,162
[162] Received message from 142: 1|0,28,71,72,87,102,110,128,140,149,200,1,15,42,63,136,153,97,127,137,145,64,104,112,117,193,196,108,98,124,151,54,70,130,73,126,186,24,142,41,162
[ 43] Sent Broadcast: 1|0,28,71,72,87,102,110,128,140,149,200,1,42,63,153,82,90,116,16,48,188,105,118,167,4,18,113,185,43,111,144,14,21,36,139,148,189
[ 74] Sent Broadcast: 1|28,71,72,87,102,110,128,140,149,200,1,42,63,153,82,90,116,16,48,188,8,45,94,105,167,12,67,93,133,19,76,80,120,171,79,179,46,59,39,57,74,77,181,107
[ 98] Received message from 196: 1|0,28,71,72,87,102,110,128,140,149,200,1,15,42,63,136,153,97,127,137,145,64,104,112,117,193,196,70,98,108,124,130
[142] Sent Broadcast: 1|0,28,71,72,87,102,110,128,140,149,200,1,15,42,63,136,153,97,127,137,145,64,104,112,117,193,196,108,98,124,151,54,70,130,73,126,186,24,142,41,162
[107] Received message from  77: 1|28,71,72,87,102,110,128,140,149,200,1,42,63,153,82,90,116,16,48,188,8,45,94,105,167,12,67,93,133,19,76,80,120,171,79,179,46,59,39,57,74,77,181,107
[ 55] Received message from 157: 1|28,71,72,87,102,110,128,140,149,200,1,42,63,153,82,90,116,16,48,188,105,118,167,4,18,113,185,111,160,60,139,195,23,62,69,75,78,141,154,180,115,147,174,135,157,55,89
[ 20] Received message from 164: 1|28,71,72,87,102,110,128,140,149,200,1,42,63,153,82,90,116,16,48,188,8,45,94,105,167,12,67,93,148,14,43,144,185,33,36,49,163,164,20,86
[189] Received message from 139: 1|28,71,72,87,102,110,128,140,149,200,1,42,63,153,82,90,116,16,48,188,105,118,167,4,18,113,185,111,160,60,139,195,21,36,43,69,123,144,189
[194] Received message from  41: 1|0,28,71,72,87,102,110,128,140,149,200,1,15,42,63,136,153,97,127,137,145,64,104,112,117,193,196,108,98,124,151,54,70,130,73,126,186,24,142,41,162,22,194
[181] Received message from  39: 1|28,71,72,87,102,110,128,140,149,200,1,42,63,153,82,90,116,16,48,188,8,45,94,105,167,12,67,93,133,19,76,80,120,171,79,179,46,59,39,57,74,77,181
[186] Received message from  24: 1|28,71,72,87,102,110,128,140,149,200,1,42,63,153,82,90,116,16,48,188,105,118,167,4,18,113,185,111,160,60,139,195,23,62,69,75,78,141,154,180,24,26,83,89,138,73,126,142,151,186
[ 73] Received message from 151: 1|0,28,71,72,87,102,110,128,140,149,200,1,15,42,63,136,153,97,127,137,145,64,104,112,117,193,196,108,98,124,151,24,54,73,126,186
[183] Received message from  22: 1|0,28,71,72,87,102,110,128,140,149,200,1,15,42,63,136,153,97,127,137,145,64,104,112,117,193,196,108,98,124,151,54,70,130,73,126,186,24,142,41,162,22,194,183,199
[ 41] Received message from 186: 1|0,28,71,72,87,102,110,128,140,149,200,1,15,42,63,136,153,97,127,137,145,64,104,112,117,193,196,108,98,124,151,54,70,130,73,126,186,24,41,142
[ 55] Received message from 180: 1|28,71,72,87,102,110,128,140,149,200,1,42,63,153,82,90,116,16,48,188,105,118,167,4,18,113,185,111,160,60,139,195,23,62,69,75,78,141,154,180,26,55,83,89,138,157
[ 30] Received message from  29: 1|28,71,72,87,102,110,128,140,149,200,1,42,63,153,82,90,116,16,48,188,105,118,167,4,18,113,185,111,160,60,139,195,23,62,69,75,78,141,154,180,115,147,174,44,47,123,29,37,163,17,30,109,190
[ 17] Received message from  37: 1|28,71,72,87,102,110,128,140,149,200,1,42,63,153,82,90,116,16,48,188,105,118,167,4,18,113,185,111,160,60,139,195,23,62,69,75,78,141,154,180,115,147,174,44,47,123,29,37,163,17,30,109,190
[ 47] Sent Broadcast: 1|28,71,72,87,102,110,128,140,149,200,1,42,63,153,82,90,116,16,48,188,105,118,167,4,18,113,185,111,160,60,139,195,23,62,69,75,78,141,154,180,115,147,174,44,47,123,29,37,163
[ 31] Received message from 119: 1|28,71,72,87,102,110,128,140,149,200,1,42,63,153,82,90,116,16,48,188,105,118,167,4,18,113,185,111,160,60,139,195,23,62,69,75,78,141,154,180,115,147,174,44,47,123,29,37,163,17,30,109,190,119,146,150,31,114,159,161
[ 61] Received message from  86: 1|28,71,72,87,102,110,128,140,149,200,1,42,63,153,82,90,116,16,48,188,8,45,94,105,167,12,67,93,148,14,43,144,185,33,36,49,163,164,86,6,20,61
[ 77] Sent Broadcast: 1|28,71,72,87,102,110,128,140,149,200,1,42,63,153,82,90,116,16,48,188,8,45,94,105,167,12,67,93,133,19,76,80,120,171,79,179,46,59,39,57,74,77,181,107
[123] Received message from 189: 1|0,28,71,72,87,102,110,128,140,149,200,1,42,63,153,82,90,116,16,48,188,105,118,167,4,18,113,185,43,111,144,14,21,36,139,148,189,123
[ 86] Sent Broadcast: 1|28,71,72,87,102,110,128,140,149,200,1,42,63,153,82,90,116,16,48,188,8,45,94,105,167,12,67,93,148,14,43,144,185,33,36,49,163,164,86,6,20,61
[108] Received message from 196: 1|0,28,71,72,87,102,110,128,140,149,200,1,15,42,63,136,153,97,127,137,145,64,104,112,117,193,196,70,98,108,124,130
[138] Received message from  78: 1|28,71,72,87,102,110,128,140,149,200,1,42,63,153,82,90,116,16,48,188,105,118,167,4,18,113,185,111,160,60,139,195,23,62,69,75,78,141,154,180,24,26,83,89,138
[189] Received message from 144: 1|0,28,71,72,87,102,110,128,140,149,200,1,42,63,153,82,90,116,16,48,188,105,118,167,4,18,113,185,43,144,148,14,21,36,139,189
[146] Received message from  17: 1|28,71,72,87,102,110,128,140,149,200,1,42,63,153,82,90,116,16,48,188,105,118,167,4,18,113,185,111,160,60,139,195,23,62,69,75,78,141,154,180,115,147,174,44,47,123,29,37,163,17,30,109,190,119,146,150
[ 24] Received message from 138: 1|28,71,72,87,102,110,128,140,149,200,1,42,63,153,82,90,116,16,48,188,105,118,167,4,18,113,185,111,160,60,139,195,23,62,69,75,78,141,154,180,55,83,89,138,157,24,26
[139] Sent Broadcast: 1|28,71,72,87,102,110,128,140,149,200,1,42,63,153,82,90,116,16,48,188,105,118,167,4,18,113,185,111,160,60,139,195,21,36,43,69,123,144,189
[ 41] Sent Broadcast: 1|0,28,71,72,87,102,110,128,140,149,200,1,15,42,63,136,153,97,127,137,145,64,104,112,117,193,196,108,98,124,151,54,70,130,73,126,186,24,142,41,162,22,194
[ 39] Sent Broadcast: 1|28,71,72,87,102,110,128,140,149,200,1,42,63,153,82,90,116,16,48,188,8,45,94,105,167,12,67,93,133,19,76,80,120,171,79,179,46,59,39,57,74,77,181
[144] Sent Broadcast: 1|0,28,71,72,87,102,110,128,140,149,200,1,42,63,153,82,90,116,16,48,188,105,118,167,4,18,113,185,43,144,148,14,21,36,139,189
[ 24] Sent Broadcast: 1|28,71,72,87,102,110,128,140,149,200,1,42,63,153,82,90,116,16,48,188,105,118,167,4,18,113,185,111,160,60,139,195,23,62,69,75,78,141,154,180,24,26,83,89,138,73,126,142,151,186
[ 47] Received message from 123: 1|28,71,72,87,102,110,128,140,149,200,1,42,63,153,82,90,116,16,48,188,105,118,167,4,18,113,185,111,160,60,139,195,23,62,69,75,115,123,147,21,36,44,47,189
[138] Received message from 154: 1|28,71,72,87,102,110,128,140,149,200,1,42,63,153,82,90,116,16,48,188,105,118,167,4,18,113,185,111,160,60,139,195,23,62,69,75,78,141,154,180,55,83,89,138,157
[ 89] Received message from 157: 1|28,71,72,87,102,110,128,140,149,200,1,42,63,153,82,90,116,16,48,188,105,118,167,4,18,113,185,111,160,60,139,195,23,62,69,75,78,141,154,180,115,147,174,135,157,55,89
[157] Received message from 141: 1|28,71,72,87,102,110,128,140,149,200,1,42,63,153,82,90,116,16,48,188,105,118,167,4,18,113,185,111,160,60,139,195,23,62,69,75,78,141,154,180,55,83,89,138,157
[172] Received message from 135: 1|28,71,72,87,102,110,128,140,149,200,1,42,63,153,82,90,116,16,48,188,105,118,167,4,18,113,185,111,160,60,139,195,23,62,69,75,78,141,154,180,115,147,174,135,157,3,58,172
[126] Received message from 151: 1|0,28,71,72,87,102,110,128,140,149,200,1,15,42,63,136,153,97,127,137,145,64,104,112,117,193,196,108,98,124,151,24,54,73,126,186
[142] Received message from 126: 1|0,28,71,72,87,102,110,128,140,149,200,1,15,42,63,136,153,97,127,137,145,64,104,112,117,193,196,108,98,124,151,54,70,130,73,126,186,24,41,142,162
[132] Received message from  58: 1|28,71,72,87,102,110,128,140,149,200,1,42,63,153,82,90,116,16,48,188,105,118,167,4,18,113,185,111,160,60,139,195,23,62,69,75,78,141,154,180,115,147,174,135,157,3,58,172,132,197
[ 10] Received message from   2: 2|0,10,81,96,121,132,143,166,172
[107] Received message from 181: 1|28,71,72,87,102,110,128,140,149,200,1,42,63,153,82,90,116,16,48,188,8,45,94,105,167,12,67,93,133,19,76,80,120,171,79,179,46,59,39,57,74,77,181,107,184
[ 78] Sent Broadcast: 1|28,71,72,87,102,110,128,140,149,200,1,42,63,153,82,90,116,16,48,188,105,118,167,4,18,113,185,111,160,60,139,195,23,62,69,75,78,141,154,180,24,26,83,89,138
[189] Sent Broadcast: 1|0,28,71,72,87,102,110,128,140,149,200,1,42,63,153,82,90,116,16,48,188,105,118,167,4,18,113,185,43,111,144,14,21,36,139,148,189,123
[100] Received message from 183: 1|0,28,71,72,87,102,110,128,140,149,200,1,15,42,63,136,153,97,127,137,145,64,104,112,117,193,196,108,98,124,151,54,70,130,73,126,186,24,142,41,162,22,194,183,199,100,169
[124] Received message from 196: 1|0,28,71,72,87,102,110,128,140,149,200,1,15,42,63,136,153,97,127,137,145,64,104,112,117,193,196,70,98,108,124,130
[ 86] Received message from 164: 1|28,71,72,87,102,110,128,140,149,200,1,42,63,153,82,90,116,16,48,188,8,45,94,105,167,12,67,93,148,14,43,144,185,33,36,49,163,164,20,86
[129] Received message from  31: 1|28,71,72,87,102,110,128,140,149,200,1,42,63,153,82,90,116,16,48,188,105,118,167,4,18,113,185,111,160,60,139,195,23,62,69,75,78,141,154,180,115,147,174,44,47,123,29,37,163,17,30,109,190,119,146,150,31,114,159,161,129,134
[ 30] Received message from  37: 1|28,71,72,87,102,110,128,140,149,200,1,42,63,153,82,90,116,16,48,188,105,118,167,4,18,113,185,111,160,60,139,195,23,62,69,75,78,141,154,180,115,147,174,44,47,123,29,37,163,17,30,109,190
[141] Sent Broadcast: 1|28,71,72,87,102,110,128,140,149,200,1,42,63,153,82,90,116,16,48,188,105,118,167,4,18,113,185,111,160,60,139,195,23,62,69,75,78,141,154,180,55,83,89,138,157
[135] Sent Broadcast: 1|28,71,72,87,102,110,128,140,149,200,1,42,63,153,82,90,116,16,48,188,105,118,167,4,18,113,185,111,160,60,139,195,23,62,69,75,78,141,154,180,115,147,174,135,157,3,58,172
[142] Received message from 186: 1|0,28,71,72,87,102,110,128,140,149,200,1,15,42,63,136,153,97,127,137,145,64,104,112,117,193,196,108,98,124,151,54,70,130,73,126,186,24,41,142
[ 83] Received message from 180: 1|28,71,72,87,102,110,128,140,149,200,1,42,63,153,82,90,116,16,48,188,105,118,167,4,18,113,185,111,160,60,139,195,23,62,69,75,78,141,154,180,26,55,83,89,138,157
[157] Sent Broadcast: 1|28,71,72,87,102,110,128,140,149,200,1,42,63,153,82,90,116,16,48,188,105,118,167,4,18,113,185,111,160,60,139,195,23,62,69,75,78,141,154,180,115,147,174,135,157,55,89
[199] Received message from  22: 1|0,28,71,72,87,102,110,128,140,149,200,1,15,42,63,136,153,97,127,137,145,64,104,112,117,193,196,108,98,124,151,54,70,130,73,126,186,24,142,41,162,22,194,183,199
[189] Received message from 123: 1|28,71,72,87,102,110,128,140,149,200,1,42,63,153,82,90,116,16,48,188,105,118,167,4,18,113,185,111,160,60,139,195,23,62,69,75,115,123,147,21,36,44,47,189
[ 22] Sent Broadcast: 1|0,28,71,72,87,102,110,128,140,149,200,1,15,42,63,136,153,97,127,137,145,64,104,112,117,193,196,108,98,124,151,54,70,130,73,126,186,24,142,41,162,22,194,183,199
[119] Received message from  30: 1|28,71,72,87,102,110,128,140,149,200,1,42,63,153,82,90,116,16,48,188,105,118,167,4,18,113,185,111,160,60,139,195,23,62,69,75,78,141,154,180,115,147,174,44,47,123,29,37,163,17,30,109,190,119,146,150
[109] Received message from  29: 1|28,71,72,87,102,110,128,140,149,200,1,42,63,153,82,90,116,16,48,188,105,118,167,4,18,113,185,111,160,60,139,195,23,62,69,75,78,141,154,180,115,147,174,44,47,123,29,37,163,17,30,109,190
[164] Sent Broadcast: 1|28,71,72,87,102,110,128,140,149,200,1,42,63,153,82,90,116,16,48,188,8,45,94,105,167,12,67,93,148,14,43,144,185,33,36,49,163,164,20,86
[ 85] Received message from  10: 2|0,10,81,96,121,132,143,166,172,2,85
[184] Received message from 181: 1|28,71,72,87,102,110,128,140,149,200,1,42,63,153,82,90,116,16,48,188,8,45,94,105,167,12,67,93,133,19,76,80,120,171,79,179,46,59,39,57,74,77,181,107,184
[ 26] Received message from 138: 1|28,71,72,87,102,110,128,140,149,200,1,42,63,153,82,90,116,16,48,188,105,118,167,4,18,113,185,111,160,60,139,195,23,62,69,75,78,141,154,180,55,83,89,138,157,24,26
[109] Received message from  37: 1|28,71,72,87,102,110,128,140,149,200,1,42,63,153,82,90,116,16,48,188,105,118,167,4,18,113,185,111,160,60,139,195,23,62,69,75,78,141,154,180,115,147,174,44,47,123,29,37,163,17,30,109,190
[101] Received message from 146: 1|28,71,72,87,102,110,128,140,149,200,1,42,63,153,82,90,116,16,48,188,105,118,167,4,18,113,185,111,160,60,139,195,23,62,69,75,78,141,154,180,115,147,174,44,47,123,29,37,163,17,30,109,190,119,146,150,101,159
[  2] Received message from 172: 1|28,71,72,87,102,110,128,140,149,200,1,42,63,153,82,90,116,16,48,188,105,118,167,4,18,113,185,111,160,60,139,195,23,62,69,75,78,141,154,180,115,147,174,135,157,3,58,172,2,10,27,81,96,121,132,143,166,197
[150] Received message from  17: 1|28,71,72,87,102,110,128,140,149,200,1,42,63,153,82,90,116,16,48,188,105,118,167,4,18,113,185,111,160,60,139,195,23,62,69,75,78,141,154,180,115,147,174,44,47,123,29,37,163,17,30,109,190,119,146,150
[177] Received message from 100: 1|0,28,71,72,87,102,110,128,140,149,200,1,15,42,63,136,153,97,127,137,145,64,104,112,117,193,196,108,98,124,151,54,70,130,73,126,186,24,142,41,162,22,194,183,199,100,169,177
[114] Received message from 119: 1|28,71,72,87,102,110,128,140,149,200,1,42,63,153,82,90,116,16,48,188,105,118,167,4,18,113,185,111,160,60,139,195,23,62,69,75,78,141,154,180,115,147,174,44,47,123,29,37,163,17,30,109,190,119,146,150,31,114,159,161
[ 38] Received message from 129: 1|28,71,72,87,102,110,128,140,149,200,1,42,63,153,82,90,116,16,48,188,105,118,167,4,18,113,185,111,160,60,139,195,23,62,69,75,78,141,154,180,115,147,174,44,47,123,29,37,163,17,30,109,190,119,146,150,31,114,159,161,129,134,38,88,131,155,182
[162] Received message from 126: 1|0,28,71,72,87,102,110,128,140,149,200,1,15,42,63,136,153,97,127,137,145,64,104,112,117,193,196,108,98,124,151,54,70,130,73,126,186,24,41,142,162
[ 81] Received message from   2: 2|0,10,81,96,121,132,143,166,172
[  2] Received message from 132: 1|28,71,72,87,102,110,128,140,149,200,1,42,63,153,82,90,116,16,48,188,105,118,167,4,18,113,185,111,160,60,139,195,23,62,69,75,78,141,154,180,115,147,174,135,157,3,58,172,132,197,2,10,27,81,96,121,143,166
[197] Received message from  58: 1|28,71,72,87,102,110,128,140,149,200,1,42,63,153,82,90,116,16,48,188,105,118,167,4,18,113,185,111,160,60,139,195,23,62,69,75,78,141,154,180,115,147,174,135,157,3,58,172,132,197
[100] Sent Broadcast: 1|0,28,71,72,87,102,110,128,140,149,200,1,15,42,63,136,153,97,127,137,145,64,104,112,117,193,196,108,98,124,151,54,70,130,73,126,186,24,142,41,162,22,194,183,199,100,169,177
[ 58] Sent Broadcast: 1|28,71,72,87,102,110,128,140,149,200,1,42,63,153,82,90,116,16,48,188,105,118,167,4,18,113,185,111,160,60,139,195,23,62,69,75,78,141,154,180,115,147,174,135,157,3,58,172,132,197
[186] Received message from 151: 1|0,28,71,72,87,102,110,128,140,149,200,1,15,42,63,136,153,97,127,137,145,64,104,112,117,193,196,108,98,124,151,24,54,73,126,186
[123] Sent Broadcast: 1|28,71,72,87,102,110,128,140,149,200,1,42,63,153,82,90,116,16,48,188,105,118,167,4,18,113,185,111,160,60,139,195,23,62,69,75,115,123,147,21,36,44,47,189
[181] Sent Broadcast: 1|28,71,72,87,102,110,128,140,149,200,1,42,63,153,82,90,116,16,48,188,8,45,94,105,167,12,67,93,133,19,76,80,120,171,79,179,46,59,39,57,74,77,181,107,184
[169] Received message from 183: 1|0,28,71,72,87,102,110,128,140,149,200,1,15,42,63,136,153,97,127,137,145,64,104,112,117,193,196,108,98,124,151,54,70,130,73,126,186,24,142,41,162,22,194,183,199,100,169
[146] Received message from  30: 1|28,71,72,87,102,110,128,140,149,200,1,42,63,153,82,90,116,16,48,188,105,118,167,4,18,113,185,111,160,60,139,195,23,62,69,75,78,141,154,180,115,147,174,44,47,123,29,37,163,17,30,109,190,119,146,150
[130] Received message from 196: 1|0,28,71,72,87,102,110,128,140,149,200,1,15,42,63,136,153,97,127,137,145,64,104,112,117,193,196,70,98,108,124,130
[157] Received message from 154: 1|28,71,72,87,102,110,128,140,149,200,1,42,63,153,82,90,116,16,48,188,105,118,167,4,18,113,185,111,160,60,139,195,23,62,69,75,78,141,154,180,55,83,89,138,157
[186] Sent Broadcast: 1|0,28,71,72,87,102,110,128,140,149,200,1,15,42,63,136,153,97,127,137,145,64,104,112,117,193,196,108,98,124,151,54,70,130,73,126,186,24,41,142
[ 56] Received message from 199: 1|0,28,71,72,87,102,110,128,140,149,200,1,15,42,63,136,153,97,127,137,145,64,104,112,117,193,196,108,98,124,151,54,70,130,73,126,186,24,142,41,162,22,194,183,199,56,187
[134] Received message from  31: 1|28,71,72,87,102,110,128,140,149,200,1,42,63,153,82,90,116,16,48,188,105,118,167,4,18,113,185,111,160,60,139,195,23,62,69,75,78,141,154,180,115,147,174,44,47,123,29,37,163,17,30,109,190,119,146,150,31,114,159,161,129,134
[119] Received message from 109: 1|28,71,72,87,102,110,128,140,149,200,1,42,63,153,82,90,116,16,48,188,105,118,167,4,18,113,185,111,160,60,139,195,23,62,69,75,78,141,154,180,115,147,174,44,47,123,29,37,163,17,30,109,190,119,146,150
[  9] Received message from  85: 2|0,10,81,96,121,132,143,166,172,2,85,9,51,68
[138] Sent Broadcast: 1|28,71,72,87,102,110,128,140,149,200,1,42,63,153,82,90,116,16,48,188,105,118,167,4,18,113,185,111,160,60,139,195,23,62,69,75,78,141,154,180,55,83,89,138,157,24,26
[183] Sent Broadcast: 1|0,28,71,72,87,102,110,128,140,149,200,1,15,42,63,136,153,97,127,137,145,64,104,112,117,193,196,108,98,124,151,54,70,130,73,126,186,24,142,41,162,22,194,183,199,100,169
[ 10] Sent Broadcast: 2|0,10,81,96,121,132,143,166,172,2,85
[ 89] Received message from 180: 1|28,71,72,87,102,110,128,140,149,200,1,42,63,153,82,90,116,16,48,188,105,118,167,4,18,113,185,111,160,60,139,195,23,62,69,75,78,141,154,180,26,55,83,89,138,157
[176] Received message from 197: 1|28,71,72,87,102,110,128,140,149,200,1,42,63,153,82,90,116,16,48,188,105,118,167,4,18,113,185,111,160,60,139,195,23,62,69,75,78,141,154,180,115,147,174,135,157,3,58,172,132,197,176,191
[ 17] Sent Broadcast: 1|28,71,72,87,102,110,128,140,149,200,1,42,63,153,82,90,116,16,48,188,105,118,167,4,18,113,185,111,160,60,139,195,23,62,69,75,78,141,154,180,115,147,174,44,47,123,29,37,163,17,30,109,190,119,146,150
[126] Sent Broadcast: 1|0,28,71,72,87,102,110,128,140,149,200,1,15,42,63,136,153,97,127,137,145,64,104,112,117,193,196,108,98,124,151,54,70,130,73,126,186,24,41,142,162
[196] Sent Broadcast: 1|0,28,71,72,87,102,110,128,140,149,200,1,15,42,63,136,153,97,127,137,145,64,104,112,117,193,196,70,98,108,124,130
[151] Sent Broadcast: 1|0,28,71,72,87,102,110,128,140,149,200,1,15,42,63,136,153,97,127,137,145,64,104,112,117,193,196,108,98,124,151,24,54,73,126,186
[154] Sent Broadcast: 1|28,71,72,87,102,110,128,140,149,200,1,42,63,153,82,90,116,16,48,188,105,118,167,4,18,113,185,111,160,60,139,195,23,62,69,75,78,141,154,180,55,83,89,138,157
[190] Received message from  29: 1|28,71,72,87,102,110,128,140,149,200,1,42,63,153,82,90,116,16,48,188,105,118,167,4,18,113,185,111,160,60,139,195,23,62,69,75,78,141,154,180,115,147,174,44,47,123,29,37,163,17,30,109,190
[ 31] Sent Broadcast: 1|28,71,72,87,102,110,128,140,149,200,1,42,63,153,82,90,116,16,48,188,105,118,167,4,18,113,185,111,160,60,139,195,23,62,69,75,78,141,154,180,115,147,174,44,47,123,29,37,163,17,30,109,190,119,146,150,31,114,159,161,129,134
[129] Received message from 114: 1|28,71,72,87,102,110,128,140,149,200,1,42,63,153,82,90,116,16,48,188,105,118,167,4,18,113,185,111,160,60,139,195,23,62,69,75,78,141,154,180,115,147,174,44,47,123,29,37,163,17,30,109,190,119,146,150,31,114,159,161,129
[ 95] Received message from  38: 1|28,71,72,87,102,110,128,140,149,200,1,42,63,153,82,90,116,16,48,188,105,118,167,4,18,113,185,111,160,60,139,195,23,62,69,75,78,141,154,180,115,147,174,44,47,123,29,37,163,17,30,109,190,119,146,150,31,114,159,161,129,134,38,88,131,155,182,95,158,165
[ 27] Received message from  81: 2|0,10,81,96,121,132,143,166,172,2,27,65
[ 31] Received message from 150: 1|28,71,72,87,102,110,128,140,149,200,1,42,63,153,82,90,116,16,48,188,105,118,167,4,18,113,185,111,160,60,139,195,23,62,69,75,78,141,154,180,115,147,174,44,47,123,29,37,163,17,30,109,190,119,146,150,31,114,159,161,176
[ 29] Sent Broadcast: 1|28,71,72,87,102,110,128,140,149,200,1,42,63,153,82,90,116,16,48,188,105,118,167,4,18,113,185,111,160,60,139,195,23,62,69,75,78,141,154,180,115,147,174,44,47,123,29,37,163,17,30,109,190
[146] Received message from 109: 1|28,71,72,87,102,110,128,140,149,200,1,42,63,153,82,90,116,16,48,188,105,118,167,4,18,113,185,111,160,60,139,195,23,62,69,75,78,141,154,180,115,147,174,44,47,123,29,37,163,17,30,109,190,119,146,150
[114] Sent Broadcast: 1|28,71,72,87,102,110,128,140,149,200,1,42,63,153,82,90,116,16,48,188,105,118,167,4,18,113,185,111,160,60,139,195,23,62,69,75,78,141,154,180,115,147,174,44,47,123,29,37,163,17,30,109,190,119,146,150,31,114,159,161,129
[ 51] Received message from  85: 2|0,10,81,96,121,132,143,166,172,2,85,9,51,68
[ 88] Received message from 129: 1|28,71,72,87,102,110,128,140,149,200,1,42,63,153,82,90,116,16,48,188,105,118,167,4,18,113,185,111,160,60,139,195,23,62,69,75,78,141,154,180,115,147,174,44,47,123,29,37,163,17,30,109,190,119,146,150,31,114,159,161,129,134,38,88,131,155,182
[159] Received message from 146: 1|28,71,72,87,102,110,128,140,149,200,1,42,63,153,82,90,116,16,48,188,105,118,167,4,18,113,185,111,160,60,139,195,23,62,69,75,78,141,154,180,115,147,174,44,47,123,29,37,163,17,30,109,190,119,146,150,101,159
[ 52] Received message from  56: 1|0,28,71,72,87,102,110,128,140,149,200,1,15,42,63,136,153,97,127,137,145,64,104,112,117,193,196,108,98,124,151,54,70,130,73,126,186,24,142,41,162,22,194,183,199,56,187,52,53
[ 10] Received message from 172: 1|28,71,72,87,102,110,128,140,149,200,1,42,63,153,82,90,116,16,48,188,105,118,167,4,18,113,185,111,160,60,139,195,23,62,69,75,78,141,154,180,115,147,174,135,157,3,58,172,2,10,27,81,96,121,132,143,166,197
[187] Received message from 199: 1|0,28,71,72,87,102,110,128,140,149,200,1,15,42,63,136,153,97,127,137,145,64,104,112,117,193,196,108,98,124,151,54,70,130,73,126,186,24,142,41,162,22,194,183,199,56,187
[ 10] Received message from 132: 1|28,71,72,87,102,110,128,140,149,200,1,42,63,153,82,90,116,16,48,188,105,118,167,4,18,113,185,111,160,60,139,195,23,62,69,75,78,141,154,180,115,147,174,135,157,3,58,172,132,197,2,10,27,81,96,121,143,166
[190] Received message from  37: 1|28,71,72,87,102,110,128,140,149,200,1,42,63,153,82,90,116,16,48,188,105,118,167,4,18,113,185,111,160,60,139,195,23,62,69,75,78,141,154,180,115,147,174,44,47,123,29,37,163,17,30,109,190
[ 37] Sent Broadcast: 1|28,71,72,87,102,110,128,140,149,200,1,42,63,153,82,90,116,16,48,188,105,118,167,4,18,113,185,111,160,60,139,195,23,62,69,75,78,141,154,180,115,147,174,44,47,123,29,37,163,17,30,109,190
[ 38] Received message from 134: 1|28,71,72,87,102,110,128,140,149,200,1,42,63,153,82,90,116,16,48,188,105,118,167,4,18,113,185,111,160,60,139,195,23,62,69,75,78,141,154,180,115,147,174,44,47,123,29,37,163,17,30,109,190,119,146,150,31,114,159,161,129,134,38,88,95,131,155,165
[ 96] Received message from   2: 2|0,10,81,96,121,132,143,166,172
[119] Received message from 190: 1|28,71,72,87,102,110,128,140,149,200,1,42,63,153,82,90,116,16,48,188,105,118,167,4,18,113,185,111,160,60,139,195,23,62,69,75,78,141,154,180,115,147,174,44,47,123,29,37,163,17,30,109,190,119,146,150
[146] Sent Broadcast: 1|28,71,72,87,102,110,128,140,149,200,1,42,63,153,82,90,116,16,48,188,105,118,167,4,18,113,185,111,160,60,139,195,23,62,69,75,78,141,154,180,115,147,174,44,47,123,29,37,163,17,30,109,190,119,146,150,101,159
[ 88] Received message from   9: 2|0,10,81,96,121,132,143,166,172,2,85,9,51,68,88
[150] Received message from  30: 1|28,71,72,87,102,110,128,140,149,200,1,42,63,153,82,90,116,16,48,188,105,118,167,4,18,113,185,111,160,60,139,195,23,62,69,75,78,141,154,180,115,147,174,44,47,123,29,37,163,17,30,109,190,119,146,150
[138] Received message from 180: 1|28,71,72,87,102,110,128,140,149,200,1,42,63,153,82,90,116,16,48,188,105,118,167,4,18,113,185,111,160,60,139,195,23,62,69,75,78,141,154,180,26,55,83,89,138,157
[114] Received message from 150: 1|28,71,72,87,102,110,128,140,149,200,1,42,63,153,82,90,116,16,48,188,105,118,167,4,18,113,185,111,160,60,139,195,23,62,69,75,78,141,154,180,115,147,174,44,47,123,29,37,163,17,30,109,190,119,146,150,31,114,159,161,176
[  9] Sent Broadcast: 2|0,10,81,96,121,132,143,166,172,2,85,9,51,68,88
[159] Received message from 119: 1|28,71,72,87,102,110,128,140,149,200,1,42,63,153,82,90,116,16,48,188,105,118,167,4,18,113,185,111,160,60,139,195,23,62,69,75,78,141,154,180,115,147,174,44,47,123,29,37,163,17,30,109,190,119,146,150,31,114,159,161
[199] Sent Broadcast: 1|0,28,71,72,87,102,110,128,140,149,200,1,15,42,63,136,153,97,127,137,145,64,104,112,117,193,196,108,98,124,151,54,70,130,73,126,186,24,142,41,162,22,194,183,199,56,187
[ 65] Received message from  81: 2|0,10,81,96,121,132,143,166,172,2,27,65
[158] Received message from  38: 1|28,71,72,87,102,110,128,140,149,200,1,42,63,153,82,90,116,16,48,188,105,118,167,4,18,113,185,111,160,60,139,195,23,62,69,75,78,141,154,180,115,147,174,44,47,123,29,37,163,17,30,109,190,119,146,150,31,114,159,161,129,134,38,88,131,155,182,95,158,165
[ 27] Received message from 172: 1|28,71,72,87,102,110,128,140,149,200,1,42,63,153,82,90,116,16,48,188,105,118,167,4,18,113,185,111,160,60,139,195,23,62,69,75,78,141,154,180,115,147,174,135,157,3,58,172,2,10,27,81,96,121,132,143,166,197
[191] Received message from 197: 1|28,71,72,87,102,110,128,140,149,200,1,42,63,153,82,90,116,16,48,188,105,118,167,4,18,113,185,111,160,60,139,195,23,62,69,75,78,141,154,180,115,147,174,135,157,3,58,172,132,197,176,191
[131] Received message from 129: 1|28,71,72,87,102,110,128,140,149,200,1,42,63,153,82,90,116,16,48,188,105,118,167,4,18,113,185,111,160,60,139,195,23,62,69,75,78,141,154,180,115,147,174,44,47,123,29,37,163,17,30,109,190,119,146,150,31,114,159,161,129,134,38,88,131,155,182
[ 68] Received message from  85: 2|0,10,81,96,121,132,143,166,172,2,85,9,51,68
[  9] Received message from  88: 1|28,71,72,87,102,110,128,140,149,200,1,42,63,153,82,90,116,16,48,188,105,118,167,4,18,113,185,111,160,60,139,195,23,62,69,75,78,141,154,180,115,147,174,44,47,123,29,37,163,17,30,109,190,119,146,150,31,114,159,161,129,134,38,88,131,155,182,9,68,95
[ 52] Received message from 187: 1|0,28,71,72,87,102,110,128,140,149,200,1,15,42,63,136,153,97,127,137,145,64,104,112,117,193,196,108,98,124,151,54,70,130,73,126,186,24,142,41,162,22,194,183,199,56,187,52,53,192
[ 81] Sent Broadcast: 2|0,10,81,96,121,132,143,166,172,2,27,65
[ 31] Received message from 159: 1|28,71,72,87,102,110,128,140,149,200,1,42,63,153,82,90,116,16,48,188,105,118,167,4,18,113,185,111,160,60,139,195,23,62,69,75,78,141,154,180,115,147,174,44,47,123,29,37,163,17,30,109,190,119,146,150,101,159,31,114,129,161
[ 30] Sent Broadcast: 1|28,71,72,87,102,110,128,140,149,200,1,42,63,153,82,90,116,16,48,188,105,118,167,4,18,113,185,111,160,60,139,195,23,62,69,75,78,141,154,180,115,147,174,44,47,123,29,37,163,17,30,109,190,119,146,150
[159] Received message from 150: 1|28,71,72,87,102,110,128,140,149,200,1,42,63,153,82,90,116,16,48,188,105,118,167,4,18,113,185,111,160,60,139,195,23,62,69,75,78,141,154,180,115,147,174,44,47,123,29,37,163,17,30,109,190,119,146,150,31,114,159,161,176
[150] Received message from 109: 1|28,71,72,87,102,110,128,140,149,200,1,42,63,153,82,90,116,16,48,188,105,118,167,4,18,113,185,111,160,60,139,195,23,62,69,75,78,141,154,180,115,147,174,44,47,123,29,37,163,17,30,109,190,119,146,150
[ 53] Received message from  56: 1|0,28,71,72,87,102,110,128,140,149,200,1,15,42,63,136,153,97,127,137,145,64,104,112,117,193,196,108,98,124,151,54,70,130,73,126,186,24,142,41,162,22,194,183,199,56,187,52,53
[ 88] Received message from 134: 1|28,71,72,87,102,110,128,140,149,200,1,42,63,153,82,90,116,16,48,188,105,118,167,4,18,113,185,111,160,60,139,195,23,62,69,75,78,141,154,180,115,147,174,44,47,123,29,37,163,17,30,109,190,119,146,150,31,114,159,161,129,134,38,88,95,131,155,165
[157] Received message from 180: 1|28,71,72,87,102,110,128,140,149,200,1,42,63,153,82,90,116,16,48,188,105,118,167,4,18,113,185,111,160,60,139,195,23,62,69,75,78,141,154,180,26,55,83,89,138,157
[ 65] Received message from  52: 1|0,28,71,72,87,102,110,128,140,149,200,1,15,42,63,136,153,97,127,137,145,64,104,112,117,193,196,108,98,124,151,54,70,130,73,126,186,24,142,41,162,22,194,183,199,56,187,52,53,65,91,168,192
[150] Received message from 176: 1|28,71,72,87,102,110,128,140,149,200,1,42,63,153,82,90,116,16,48,188,105,118,167,4,18,113,185,111,160,60,139,195,23,62,69,75,78,141,154,180,115,147,174,135,157,3,58,172,132,197,176,191,150
[ 88] Received message from  68: 2|0,10,81,96,121,132,143,166,172,2,85,9,51,68,88,191
[ 27] Received message from  96: 2|0,10,81,96,121,132,143,166,172,2,27
[121] Received message from   2: 2|0,10,81,96,121,132,143,166,172
[114] Received message from 159: 1|28,71,72,87,102,110,128,140,149,200,1,42,63,153,82,90,116,16,48,188,105,118,167,4,18,113,185,111,160,60,139,195,23,62,69,75,78,141,154,180,115,147,174,44,47,123,29,37,163,17,30,109,190,119,146,150,101,159,31,114,129,161
[ 13] Received message from 131: 1|28,71,72,87,102,110,128,140,149,200,1,42,63,153,82,90,116,16,48,188,105,118,167,4,18,113,185,111,160,60,139,195,23,62,69,75,78,141,154,180,115,147,174,44,47,123,29,37,163,17,30,109,190,119,146,150,31,114,159,161,129,134,38,88,131,155,182,13,158,165
[  7] Received message from 158: 1|28,71,72,87,102,110,128,140,149,200,1,42,63,153,82,90,116,16,48,188,105,118,167,4,18,113,185,111,160,60,139,195,23,62,69,75,78,141,154,180,115,147,174,44,47,123,29,37,163,17,30,109,190,119,146,150,31,114,159,161,129,134,38,88,131,155,182,95,158,165,7
[197] Sent Broadcast: 1|28,71,72,87,102,110,128,140,149,200,1,42,63,153,82,90,116,16,48,188,105,118,167,4,18,113,185,111,160,60,139,195,23,62,69,75,78,141,154,180,115,147,174,135,157,3,58,172,132,197,176,191
[ 85] Sent Broadcast: 2|0,10,81,96,121,132,143,166,172,2,85,9,51,68
[ 68] Received message from 191: 1|28,71,72,87,102,110,128,140,149,200,1,42,63,153,82,90,116,16,48,188,105,118,167,4,18,113,185,111,160,60,139,195,23,62,69,75,78,141,154,180,115,147,174,135,157,3,58,172,132,197,176,191,68
[146] Received message from 190: 1|28,71,72,87,102,110,128,140,149,200,1,42,63,153,82,90,116,16,48,188,105,118,167,4,18,113,185,111,160,60,139,195,23,62,69,75,78,141,154,180,115,147,174,44,47,123,29,37,163,17,30,109,190,119,146,150
[ 25] Received message from  65: 2|0,10,81,96,121,132,143,166,172,2,27,65,25,52,53,91,168,192
[ 91] Received message from  52: 1|0,28,71,72,87,102,110,128,140,149,200,1,15,42,63,136,153,97,127,137,145,64,104,112,117,193,196,108,98,124,151,54,70,130,73,126,186,24,142,41,162,22,194,183,199,56,187,52,53,65,91,168,192
[ 56] Sent Broadcast: 1|0,28,71,72,87,102,110,128,140,149,200,1,15,42,63,136,153,97,127,137,145,64,104,112,117,193,196,108,98,124,151,54,70,130,73,126,186,24,142,41,162,22,194,183,199,56,187,52,53
[109] Sent Broadcast: 1|28,71,72,87,102,110,128,140,149,200,1,42,63,153,82,90,116,16,48,188,105,118,167,4,18,113,185,111,160,60,139,195,23,62,69,75,78,141,154,180,115,147,174,44,47,123,29,37,163,17,30,109,190,119,146,150
[ 27] Received message from 132: 1|28,71,72,87,102,110,128,140,149,200,1,42,63,153,82,90,116,16,48,188,105,118,167,4,18,113,185,111,160,60,139,195,23,62,69,75,78,141,154,180,115,147,174,135,157,3,58,172,132,197,2,10,27,81,96,121,143,166
[165] Received message from  38: 1|28,71,72,87,102,110,128,140,149,200,1,42,63,153,82,90,116,16,48,188,105,118,167,4,18,113,185,111,160,60,139,195,23,62,69,75,78,141,154,180,115,147,174,44,47,123,29,37,163,17,30,109,190,119,146,150,31,114,159,161,129,134,38,88,131,155,182,95,158,165
[ 65] Received message from  53: 1|0,28,71,72,87,102,110,128,140,149,200,1,15,42,63,136,153,97,127,137,145,64,104,112,117,193,196,108,98,124,151,54,70,130,73,126,186,24,142,41,162,22,194,183,199,56,187,52,53,65,91,168,192
[ 81] Received message from 172: 1|28,71,72,87,102,110,128,140,149,200,1,42,63,153,82,90,116,16,48,188,105,118,167,4,18,113,185,111,160,60,139,195,23,62,69,75,78,141,154,180,115,147,174,135,157,3,58,172,2,10,27,81,96,121,132,143,166,197
[161] Received message from 119: 1|28,71,72,87,102,110,128,140,149,200,1,42,63,153,82,90,116,16,48,188,105,118,167,4,18,113,185,111,160,60,139,195,23,62,69,75,78,141,154,180,115,147,174,44,47,123,29,37,163,17,30,109,190,119,146,150,31,114,159,161
[180] Sent Broadcast: 1|28,71,72,87,102,110,128,140,149,200,1,42,63,153,82,90,116,16,48,188,105,118,167,4,18,113,185,111,160,60,139,195,23,62,69,75,78,141,154,180,26,55,83,89,138,157
[ 96] Sent Broadcast: 2|0,10,81,96,121,132,143,166,172,2,27
[ 53] Received message from 187: 1|0,28,71,72,87,102,110,128,140,149,200,1,15,42,63,136,153,97,127,137,145,64,104,112,117,193,196,108,98,124,151,54,70,130,73,126,186,24,142,41,162,22,194,183,199,56,187,52,53,192
[ 68] Received message from  88: 1|28,71,72,87,102,110,128,140,149,200,1,42,63,153,82,90,116,16,48,188,105,118,167,4,18,113,185,111,160,60,139,195,23,62,69,75,78,141,154,180,115,147,174,44,47,123,29,37,163,17,30,109,190,119,146,150,31,114,159,161,129,134,38,88,131,155,182,9,68,95
[ 95] Received message from 134: 1|28,71,72,87,102,110,128,140,149,200,1,42,63,153,82,90,116,16,48,188,105,118,167,4,18,113,185,111,160,60,139,195,23,62,69,75,78,141,154,180,115,147,174,44,47,123,29,37,163,17,30,109,190,119,146,150,31,114,159,161,129,134,38,88,95,131,155,165
[191] Received message from  68: 2|0,10,81,96,121,132,143,166,172,2,85,9,51,68,88,191
[155] Received message from 129: 1|28,71,72,87,102,110,128,140,149,200,1,42,63,153,82,90,116,16,48,188,105,118,167,4,18,113,185,111,160,60,139,195,23,62,69,75,78,141,154,180,115,147,174,44,47,123,29,37,163,17,30,109,190,119,146,150,31,114,159,161,129,134,38,88,131,155,182
[ 27] Received message from 121: 2|0,10,81,96,121,132,143,166,172,2,27
[150] Received message from 190: 1|28,71,72,87,102,110,128,140,149,200,1,42,63,153,82,90,116,16,48,188,105,118,167,4,18,113,185,111,160,60,139,195,23,62,69,75,78,141,154,180,115,147,174,44,47,123,29,37,163,17,30,109,190,119,146,150
[191] Sent Broadcast: 1|28,71,72,87,102,110,128,140,149,200,1,42,63,153,82,90,116,16,48,188,105,118,167,4,18,113,185,111,160,60,139,195,23,62,69,75,78,141,154,180,115,147,174,135,157,3,58,172,132,197,176,191,68
[176] Sent Broadcast: 1|28,71,72,87,102,110,128,140,149,200,1,42,63,153,82,90,116,16,48,188,105,118,167,4,18,113,185,111,160,60,139,195,23,62,69,75,78,141,154,180,115,147,174,135,157,3,58,172,132,197,176,191,150
[ 38] Sent Broadcast: 1|28,71,72,87,102,110,128,140,149,200,1,42,63,153,82,90,116,16,48,188,105,118,167,4,18,113,185,111,160,60,139,195,23,62,69,75,78,141,154,180,115,147,174,44,47,123,29,37,163,17,30,109,190,119,146,150,31,114,159,161,129,134,38,88,131,155,182,95,158,165
[158] Sent Broadcast: 1|28,71,72,87,102,110,128,140,149,200,1,42,63,153,82,90,116,16,48,188,105,118,167,4,18,113,185,111,160,60,139,195,23,62,69,75,78,141,154,180,115,147,174,44,47,123,29,37,163,17,30,109,190,119,146,150,31,114,159,161,129,134,38,88,131,155,182,95,158,165,7
[161] Received message from 150: 1|28,71,72,87,102,110,128,140,149,200,1,42,63,153,82,90,116,16,48,188,105,118,167,4,18,113,185,111,160,60,139,195,23,62,69,75,78,141,154,180,115,147,174,44,47,123,29,37,163,17,30,109,190,119,146,150,31,114,159,161,176
[168] Received message from  52: 1|0,28,71,72,87,102,110,128,140,149,200,1,15,42,63,136,153,97,127,137,145,64,104,112,117,193,196,108,98,124,151,54,70,130,73,126,186,24,142,41,162,22,194,183,199,56,187,52,53,65,91,168,192
[190] Sent Broadcast: 1|28,71,72,87,102,110,128,140,149,200,1,42,63,153,82,90,116,16,48,188,105,118,167,4,18,113,185,111,160,60,139,195,23,62,69,75,78,141,154,180,115,147,174,44,47,123,29,37,163,17,30,109,190,119,146,150
[178] Received message from  25: 2|0,10,81,96,121,132,143,166,172,2,27,65,25,52,53,91,168,192,178
[ 35] Received message from  13: 1|28,71,72,87,102,110,128,140,149,200,1,42,63,153,82,90,116,16,48,188,105,118,167,4,18,113,185,111,160,60,139,195,23,62,69,75,78,141,154,180,115,147,174,44,47,123,29,37,163,17,30,109,190,119,146,150,31,114,159,161,129,134,38,88,131,155,182,13,158,165,35,66,99,198
[129] Received message from 159: 1|28,71,72,87,102,110,128,140,149,200,1,42,63,153,82,90,116,16,48,188,105,118,167,4,18,113,185,111,160,60,139,195,23,62,69,75,78,141,154,180,115,147,174,44,47,123,29,37,163,17,30,109,190,119,146,150,101,159,31,114,129,161
[ 81] Received message from 132: 1|28,71,72,87,102,110,128,140,149,200,1,42,63,153,82,90,116,16,48,188,105,118,167,4,18,113,185,111,160,60,139,195,23,62,69,75,78,141,154,180,115,147,174,135,157,3,58,172,132,197,2,10,27,81,96,121,143,166
[158] Received message from 131: 1|28,71,72,87,102,110,128,140,149,200,1,42,63,153,82,90,116,16,48,188,105,118,167,4,18,113,185,111,160,60,139,195,23,62,69,75,78,141,154,180,115,147,174,44,47,123,29,37,163,17,30,109,190,119,146,150,31,114,159,161,129,134,38,88,131,155,182,13,158,165
[132] Received message from   2: 2|0,10,81,96,121,132,143,166,172
[192] Received message from 187: 1|0,28,71,72,87,102,110,128,140,149,200,1,15,42,63,136,153,97,127,137,145,64,104,112,117,193,196,108,98,124,151,54,70,130,73,126,186,24,142,41,162,22,194,183,199,56,187,52,53,192
[119] Sent Broadcast: 1|28,71,72,87,102,110,128,140,149,200,1,42,63,153,82,90,116,16,48,188,105,118,167,4,18,113,185,111,160,60,139,195,23,62,69,75,78,141,154,180,115,147,174,44,47,123,29,37,163,17,30,109,190,119,146,150,31,114,159,161
[ 91] Received message from  53: 1|0,28,71,72,87,102,110,128,140,149,200,1,15,42,63,136,153,97,127,137,145,64,104,112,117,193,196,108,98,124,151,54,70,130,73,126,186,24,142,41,162,22,194,183,199,56,187,52,53,65,91,168,192
[121] Sent Broadcast: 2|0,10,81,96,121,132,143,166,172,2,27
[ 68] Sent Broadcast: 2|0,10,81,96,121,132,143,166,172,2,85,9,51,68,88,191
[ 25] Sent Broadcast: 2|0,10,81,96,121,132,143,166,172,2,27,65,25,52,53,91,168,192,178
[ 52] Received message from  65: 2|0,10,81,96,121,132,143,166,172,2,27,65,25,52,53,91,168,192
[129] Received message from 161: 1|28,71,72,87,102,110,128,140,149,200,1,42,63,153,82,90,116,16,48,188,105,118,167,4,18,113,185,111,160,60,139,195,23,62,69,75,78,141,154,180,115,147,174,44,47,123,29,37,163,17,30,109,190,119,146,150,31,114,159,161,129
[ 25] Received message from  91: 1|0,28,71,72,87,102,110,128,140,149,200,1,15,42,63,136,153,97,127,137,145,64,104,112,117,193,196,108,98,124,151,54,70,130,73,126,186,24,142,41,162,22,194,183,199,56,187,52,53,65,91,168,192,25,178
[187] Sent Broadcast: 1|0,28,71,72,87,102,110,128,140,149,200,1,15,42,63,136,153,97,127,137,145,64,104,112,117,193,196,108,98,124,151,54,70,130,73,126,186,24,142,41,162,22,194,183,199,56,187,52,53,192
[192] Received message from  52: 1|0,28,71,72,87,102,110,128,140,149,200,1,15,42,63,136,153,97,127,137,145,64,104,112,117,193,196,108,98,124,151,54,70,130,73,126,186,24,142,41,162,22,194,183,199,56,187,52,53,65,91,168,192
[ 95] Received message from  88: 1|28,71,72,87,102,110,128,140,149,200,1,42,63,153,82,90,116,16,48,188,105,118,167,4,18,113,185,111,160,60,139,195,23,62,69,75,78,141,154,180,115,147,174,44,47,123,29,37,163,17,30,109,190,119,146,150,31,114,159,161,129,134,38,88,131,155,182,9,68,95
[131] Received message from 134: 1|28,71,72,87,102,110,128,140,149,200,1,42,63,153,82,90,116,16,48,188,105,118,167,4,18,113,185,111,160,60,139,195,23,62,69,75,78,141,154,180,115,147,174,44,47,123,29,37,163,17,30,109,190,119,146,150,31,114,159,161,129,134,38,88,95,131,155,165
[165] Received message from 131: 1|28,71,72,87,102,110,128,140,149,200,1,42,63,153,82,90,116,16,48,188,105,118,167,4,18,113,185,111,160,60,139,195,23,62,69,75,78,141,154,180,115,147,174,44,47,123,29,37,163,17,30,109,190,119,146,150,31,114,159,161,129,134,38,88,131,155,182,13,158,165
[ 66] Received message from  13: 1|28,71,72,87,102,110,128,140,149,200,1,42,63,153,82,90,116,16,48,188,105,118,167,4,18,113,185,111,160,60,139,195,23,62,69,75,78,141,154,180,115,147,174,44,47,123,29,37,163,17,30,109,190,119,146,150,31,114,159,161,129,134,38,88,131,155,182,13,158,165,35,66,99,198
[ 52] Sent Broadcast: 1|0,28,71,72,87,102,110,128,140,149,200,1,15,42,63,136,153,97,127,137,145,64,104,112,117,193,196,108,98,124,151,54,70,130,73,126,186,24,142,41,162,22,194,183,199,56,187,52,53,65,91,168,192
[143] Received message from   2: 2|0,10,81,96,121,132,143,166,172
[ 96] Received message from 172: 1|28,71,72,87,102,110,128,140,149,200,1,42,63,153,82,90,116,16,48,188,105,118,167,4,18,113,185,111,160,60,139,195,23,62,69,75,78,141,154,180,115,147,174,135,157,3,58,172,2,10,27,81,96,121,132,143,166,197
[ 25] Received message from 168: 1|0,28,71,72,87,102,110,128,140,149,200,1,15,42,63,136,153,97,127,137,145,64,104,112,117,193,196,108,98,124,151,54,70,130,73,126,186,24,142,41,162,22,194,183,199,56,187,52,53,65,91,168,192,25
[161] Received message from 159: 1|28,71,72,87,102,110,128,140,149,200,1,42,63,153,82,90,116,16,48,188,105,118,167,4,18,113,185,111,160,60,139,195,23,62,69,75,78,141,154,180,115,147,174,44,47,123,29,37,163,17,30,109,190,119,146,150,101,159,31,114,129,161
[182] Received message from 129: 1|28,71,72,87,102,110,128,140,149,200,1,42,63,153,82,90,116,16,48,188,105,118,167,4,18,113,185,111,160,60,139,195,23,62,69,75,78,141,154,180,115,147,174,44,47,123,29,37,163,17,30,109,190,119,146,150,31,114,159,161,129,134,38,88,131,155,182
[176] Received message from 150: 1|28,71,72,87,102,110,128,140,149,200,1,42,63,153,82,90,116,16,48,188,105,118,167,4,18,113,185,111,160,60,139,195,23,62,69,75,78,141,154,180,115,147,174,44,47,123,29,37,163,17,30,109,190,119,146,150,31,114,159,161,176
[159] Sent Broadcast: 1|28,71,72,87,102,110,128,140,149,200,1,42,63,153,82,90,116,16,48,188,105,118,167,4,18,113,185,111,160,60,139,195,23,62,69,75,78,141,154,180,115,147,174,44,47,123,29,37,163,17,30,109,190,119,146,150,101,159,31,114,129,161
[161] Sent Broadcast: 1|28,71,72,87,102,110,128,140,149,200,1,42,63,153,82,90,116,16,48,188,105,118,167,4,18,113,185,111,160,60,139,195,23,62,69,75,78,141,154,180,115,147,174,44,47,123,29,37,163,17,30,109,190,119,146,150,31,114,159,161,129
[ 88] Sent Broadcast: 1|28,71,72,87,102,110,128,140,149,200,1,42,63,153,82,90,116,16,48,188,105,118,167,4,18,113,185,111,160,60,139,195,23,62,69,75,78,141,154,180,115,147,174,44,47,123,29,37,163,17,30,109,190,119,146,150,31,114,159,161,129,134,38,88,131,155,182,9,68,95
[131] Sent Broadcast: 1|28,71,72,87,102,110,128,140,149,200,1,42,63,153,82,90,116,16,48,188,105,118,167,4,18,113,185,111,160,60,139,195,23,62,69,75,78,141,154,180,115,147,174,44,47,123,29,37,163,17,30,109,190,119,146,150,31,114,159,161,129,134,38,88,131,155,182,13,158,165
[168] Sent Broadcast: 1|0,28,71,72,87,102,110,128,140,149,200,1,15,42,63,136,153,97,127,137,145,64,104,112,117,193,196,108,98,124,151,54,70,130,73,126,186,24,142,41,162,22,194,183,199,56,187,52,53,65,91,168,192,25
[ 95] Received message from 155: 1|28,71,72,87,102,110,128,140,149,200,1,42,63,153,82,90,116,16,48,188,105,118,167,4,18,113,185,111,160,60,139,195,23,62,69,75,78,141,154,180,115,147,174,44,47,123,29,37,163,17,30,109,190,119,146,150,31,114,159,161,129,134,38,88,131,155,182,95,165
[ 65] Received message from 192: 1|0,28,71,72,87,102,110,128,140,149,200,1,15,42,63,136,153,97,127,137,145,64,104,112,117,193,196,108,98,124,151,54,70,130,73,126,186,24,142,41,162,22,194,183,199,56,187,52,53,192,65
[168] Received message from  53: 1|0,28,71,72,87,102,110,128,140,149,200,1,15,42,63,136,153,97,127,137,145,64,104,112,117,193,196,108,98,124,151,54,70,130,73,126,186,24,142,41,162,22,194,183,199,56,187,52,53,65,91,168,192
[ 96] Received message from 132: 1|28,71,72,87,102,110,128,140,149,200,1,42,63,153,82,90,116,16,48,188,105,118,167,4,18,113,185,111,160,60,139,195,23,62,69,75,78,141,154,180,115,147,174,135,157,3,58,172,132,197,2,10,27,81,96,121,143,166
[192] Sent Broadcast: 1|0,28,71,72,87,102,110,128,140,149,200,1,15,42,63,136,153,97,127,137,145,64,104,112,117,193,196,108,98,124,151,54,70,130,73,126,186,24,142,41,162,22,194,183,199,56,187,52,53,192,65
[121] Received message from 172: 1|28,71,72,87,102,110,128,140,149,200,1,42,63,153,82,90,116,16,48,188,105,118,167,4,18,113,185,111,160,60,139,195,23,62,69,75,78,141,154,180,115,147,174,135,157,3,58,172,2,10,27,81,96,121,132,143,166,197
[ 53] Received message from  65: 2|0,10,81,96,121,132,143,166,172,2,27,65,25,52,53,91,168,192
[178] Received message from  91: 1|0,28,71,72,87,102,110,128,140,149,200,1,15,42,63,136,153,97,127,137,145,64,104,112,117,193,196,108,98,124,151,54,70,130,73,126,186,24,142,41,162,22,194,183,199,56,187,52,53,65,91,168,192,25,178
[ 27] Received message from 143: 2|0,10,81,96,121,132,143,166,172,2,27
[150] Sent Broadcast: 1|28,71,72,87,102,110,128,140,149,200,1,42,63,153,82,90,116,16,48,188,105,118,167,4,18,113,185,111,160,60,139,195,23,62,69,75,78,141,154,180,115,147,174,44,47,123,29,37,163,17,30,109,190,119,146,150,31,114,159,161,176
[129] Sent Broadcast: 1|28,71,72,87,102,110,128,140,149,200,1,42,63,153,82,90,116,16,48,188,105,118,167,4,18,113,185,111,160,60,139,195,23,62,69,75,78,141,154,180,115,147,174,44,47,123,29,37,163,17,30,109,190,119,146,150,31,114,159,161,129,134,38,88,131,155,182
[ 99] Received message from  13: 1|28,71,72,87,102,110,128,140,149,200,1,42,63,153,82,90,116,16,48,188,105,118,167,4,18,113,185,111,160,60,139,195,23,62,69,75,78,141,154,180,115,147,174,44,47,123,29,37,163,17,30,109,190,119,146,150,31,114,159,161,129,134,38,88,131,155,182,13,158,165,35,66,99,198
[166] Received message from   2: 2|0,10,81,96,121,132,143,166,172
[ 13] Received message from 182: 1|28,71,72,87,102,110,128,140,149,200,1,42,63,153,82,90,116,16,48,188,105,118,167,4,18,113,185,111,160,60,139,195,23,62,69,75,78,141,154,180,115,147,174,44,47,123,29,37,163,17,30,109,190,119,146,150,31,114,159,161,129,134,38,88,131,155,182,13,158
[155] Received message from 134: 1|28,71,72,87,102,110,128,140,149,200,1,42,63,153,82,90,116,16,48,188,105,118,167,4,18,113,185,111,160,60,139,195,23,62,69,75,78,141,154,180,115,147,174,44,47,123,29,37,163,17,30,109,190,119,146,150,31,114,159,161,129,134,38,88,95,131,155,165
[ 91] Sent Broadcast: 1|0,28,71,72,87,102,110,128,140,149,200,1,15,42,63,136,153,97,127,137,145,64,104,112,117,193,196,108,98,124,151,54,70,130,73,126,186,24,142,41,162,22,194,183,199,56,187,52,53,65,91,168,192,25,178
[143] Sent Broadcast: 2|0,10,81,96,121,132,143,166,172,2,27
[165] Received message from 155: 1|28,71,72,87,102,110,128,140,149,200,1,42,63,153,82,90,116,16,48,188,105,118,167,4,18,113,185,111,160,60,139,195,23,62,69,75,78,141,154,180,115,147,174,44,47,123,29,37,163,17,30,109,190,119,146,150,31,114,159,161,129,134,38,88,131,155,182,95,165
[155] Sent Broadcast: 1|28,71,72,87,102,110,128,140,149,200,1,42,63,153,82,90,116,16,48,188,105,118,167,4,18,113,185,111,160,60,139,195,23,62,69,75,78,141,154,180,115,147,174,44,47,123,29,37,163,17,30,109,190,119,146,150,31,114,159,161,129,134,38,88,131,155,182,95,165
[198] Received message from  13: 1|28,71,72,87,102,110,128,140,149,200,1,42,63,153,82,90,116,16,48,188,105,118,167,4,18,113,185,111,160,60,139,195,23,62,69,75,78,141,154,180,115,147,174,44,47,123,29,37,163,17,30,109,190,119,146,150,31,114,159,161,129,134,38,88,131,155,182,13,158,165,35,66,99,198
[121] Received message from 132: 1|28,71,72,87,102,110,128,140,149,200,1,42,63,153,82,90,116,16,48,188,105,118,167,4,18,113,185,111,160,60,139,195,23,62,69,75,78,141,154,180,115,147,174,135,157,3,58,172,132,197,2,10,27,81,96,121,143,166
[192] Received message from  53: 1|0,28,71,72,87,102,110,128,140,149,200,1,15,42,63,136,153,97,127,137,145,64,104,112,117,193,196,108,98,124,151,54,70,130,73,126,186,24,142,41,162,22,194,183,199,56,187,52,53,65,91,168,192
[ 91] Received message from  65: 2|0,10,81,96,121,132,143,166,172,2,27,65,25,52,53,91,168,192
[132] Received message from 172: 1|28,71,72,87,102,110,128,140,149,200,1,42,63,153,82,90,116,16,48,188,105,118,167,4,18,113,185,111,160,60,139,195,23,62,69,75,78,141,154,180,115,147,174,135,157,3,58,172,2,10,27,81,96,121,132,143,166,197
[172] Received message from   2: 2|0,10,81,96,121,132,143,166,172
[ 27] Received message from 166: 2|0,10,81,96,121,132,143,166,172,2,27
[165] Received message from 134: 1|28,71,72,87,102,110,128,140,149,200,1,42,63,153,82,90,116,16,48,188,105,118,167,4,18,113,185,111,160,60,139,195,23,62,69,75,78,141,154,180,115,147,174,44,47,123,29,37,163,17,30,109,190,119,146,150,31,114,159,161,129,134,38,88,95,131,155,165
[ 53] Sent Broadcast: 1|0,28,71,72,87,102,110,128,140,149,200,1,15,42,63,136,153,97,127,137,145,64,104,112,117,193,196,108,98,124,151,54,70,130,73,126,186,24,142,41,162,22,194,183,199,56,187,52,53,65,91,168,192
[ 13] Sent Broadcast: 1|28,71,72,87,102,110,128,140,149,200,1,42,63,153,82,90,116,16,48,188,105,118,167,4,18,113,185,111,160,60,139,195,23,62,69,75,78,141,154,180,115,147,174,44,47,123,29,37,163,17,30,109,190,119,146,150,31,114,159,161,129,134,38,88,131,155,182,13,158,165,35,66,99,198
[158] Received message from 182: 1|28,71,72,87,102,110,128,140,149,200,1,42,63,153,82,90,116,16,48,188,105,118,167,4,18,113,185,111,160,60,139,195,23,62,69,75,78,141,154,180,115,147,174,44,47,123,29,37,163,17,30,109,190,119,146,150,31,114,159,161,129,134,38,88,131,155,182,13,158
[168] Received message from  65: 2|0,10,81,96,121,132,143,166,172,2,27,65,25,52,53,91,168,192
[134] Sent Broadcast: 1|28,71,72,87,102,110,128,140,149,200,1,42,63,153,82,90,116,16,48,188,105,118,167,4,18,113,185,111,160,60,139,195,23,62,69,75,78,141,154,180,115,147,174,44,47,123,29,37,163,17,30,109,190,119,146,150,31,114,159,161,129,134,38,88,95,131,155,165
[  2] Sent Broadcast: 2|0,10,81,96,121,132,143,166,172
[166] Sent Broadcast: 2|0,10,81,96,121,132,143,166,172,2,27
[182] Sent Broadcast: 1|28,71,72,87,102,110,128,140,149,200,1,42,63,153,82,90,116,16,48,188,105,118,167,4,18,113,185,111,160,60,139,195,23,62,69,75,78,141,154,180,115,147,174,44,47,123,29,37,163,17,30,109,190,119,146,150,31,114,159,161,129,134,38,88,131,155,182,13,158
[143] Received message from 132: 1|28,71,72,87,102,110,128,140,149,200,1,42,63,153,82,90,116,16,48,188,105,118,167,4,18,113,185,111,160,60,139,195,23,62,69,75,78,141,154,180,115,147,174,135,157,3,58,172,132,197,2,10,27,81,96,121,143,166
[192] Received message from  65: 2|0,10,81,96,121,132,143,166,172,2,27,65,25,52,53,91,168,192
[143] Received message from 172: 1|28,71,72,87,102,110,128,140,149,200,1,42,63,153,82,90,116,16,48,188,105,118,167,4,18,113,185,111,160,60,139,195,23,62,69,75,78,141,154,180,115,147,174,135,157,3,58,172,2,10,27,81,96,121,132,143,166,197
[ 65] Sent Broadcast: 2|0,10,81,96,121,132,143,166,172,2,27,65,25,52,53,91,168,192
[166] Received message from 132: 1|28,71,72,87,102,110,128,140,149,200,1,42,63,153,82,90,116,16,48,188,105,118,167,4,18,113,185,111,160,60,139,195,23,62,69,75,78,141,154,180,115,147,174,135,157,3,58,172,132,197,2,10,27,81,96,121,143,166
[132] Sent Broadcast: 1|28,71,72,87,102,110,128,140,149,200,1,42,63,153,82,90,116,16,48,188,105,118,167,4,18,113,185,111,160,60,139,195,23,62,69,75,78,141,154,180,115,147,174,135,157,3,58,172,132,197,2,10,27,81,96,121,143,166
[166] Received message from 172: 1|28,71,72,87,102,110,128,140,149,200,1,42,63,153,82,90,116,16,48,188,105,118,167,4,18,113,185,111,160,60,139,195,23,62,69,75,78,141,154,180,115,147,174,135,157,3,58,172,2,10,27,81,96,121,132,143,166,197
[197] Received message from 172: 1|28,71,72,87,102,110,128,140,149,200,1,42,63,153,82,90,116,16,48,188,105,118,167,4,18,113,185,111,160,60,139,195,23,62,69,75,78,141,154,180,115,147,174,135,157,3,58,172,2,10,27,81,96,121,132,143,166,197
[172] Sent Broadcast: 1|28,71,72,87,102,110,128,140,149,200,1,42,63,153,82,90,116,16,48,188,105,118,167,4,18,113,185,111,160,60,139,195,23,62,69,75,78,141,154,180,115,147,174,135,157,3,58,172,2,10,27,81,96,121,132,143,166,197
[ 50] Received message from  32: 32|0,50,84
[ 84] Received message from  32: 32|0,50,84
[ 32] Sent Broadcast: 32|0,50,84
[173] Received message from  50: 32|0,50,84,32,173
[ 50] Sent Broadcast: 32|0,50,84,32,173
[125] Received message from  84: 32|0,50,84,32,125,173
[173] Received message from  84: 32|0,50,84,32,125,173
[ 84] Sent Broadcast: 32|0,50,84,32,125,173
[125] Received message from 173: 32|0,50,84,32,173,125
[173] Sent Broadcast: 32|0,50,84,32,173,125
[ 40] Received message from 125: 32|0,50,84,32,125,173,40
[125] Sent Broadcast: 32|0,50,84,32,125,173,40
[170] Received message from  40: 32|0,50,84,32,125,173,40,170
[ 40] Sent Broadcast: 32|0,50,84,32,125,173,40,170
