[  9] Received message from   1: 1|0,9,12,96,115,135
[ 16] Received message from   9: 1|0,9,12,96,115,135,1,16,78,90,104,149
[ 12] Received message from   1: 1|0,9,12,96,115,135
[ 78] Received message from   9: 1|0,9,12,96,115,135,1,16,78,90,104,149
[ 96] Received message from   1: 1|0,9,12,96,115,135
[ 74] Received message from  12: 1|0,9,12,96,115,135,1,74,87,106,121,122
[ 59] Received message from  16: 1|0,9,12,96,115,135,1,16,78,90,104,149,59
[ 90] Received message from   9: 1|0,9,12,96,115,135,1,16,78,90,104,149
[ 16] Sent Broadcast: 1|0,9,12,96,115,135,1,16,78,90,104,149,59
[115] Received message from   1: 1|0,9,12,96,115,135
[104] Received message from   9: 1|0,9,12,96,115,135,1,16,78,90,104,149
[ 21] Received message from  59: 1|0,9,12,96,115,135,1,16,78,90,104,149,59,21,55
[ 87] Received message from  12: 1|0,9,12,96,115,135,1,74,87,106,121,122
[ 59] Received message from 104: 1|0,9,12,96,115,135,1,16,78,90,104,149,59,117
[135] Received message from   1: 1|0,9,12,96,115,135
[ 78] Received message from 115: 1|0,9,12,96,115,135,1,78,90,121
[106] Received message from  12: 1|0,9,12,96,115,135,1,74,87,106,121,122
[ 36] Received message from  21: 1|0,9,12,96,115,135,1,16,78,90,104,149,59,21,55,36,57
[ 55] Received message from  59: 1|0,9,12,96,115,135,1,16,78,90,104,149,59,21,55
[149] Received message from   9: 1|0,9,12,96,115,135,1,16,78,90,104,149
[  1] Sent Broadcast: 1|0,9,12,96,115,135
[ 90] Received message from 115: 1|0,9,12,96,115,135,1,78,90,121
[117] Received message from 104: 1|0,9,12,96,115,135,1,16,78,90,104,149,59,117
[ 59] Sent Broadcast: 1|0,9,12,96,115,135,1,16,78,90,104,149,59,21,55
[  9] Sent Broadcast: 1|0,9,12,96,115,135,1,16,78,90,104,149
[104] Sent Broadcast: 1|0,9,12,96,115,135,1,16,78,90,104,149,59,117
[121] Received message from  12: 1|0,9,12,96,115,135,1,74,87,106,121,122
[ 57] Received message from  21: 1|0,9,12,96,115,135,1,16,78,90,104,149,59,21,55,36,57
[117] Received message from  55: 1|0,9,12,96,115,135,1,16,78,90,104,149,59,21,55,117,126,139
[ 59] Received message from 149: 1|0,9,12,96,115,135,1,16,78,90,104,149,59,117
[121] Received message from 115: 1|0,9,12,96,115,135,1,78,90,121
[ 21] Sent Broadcast: 1|0,9,12,96,115,135,1,16,78,90,104,149,59,21,55,36,57
[115] Sent Broadcast: 1|0,9,12,96,115,135,1,78,90,121
[122] Received message from  12: 1|0,9,12,96,115,135,1,74,87,106,121,122
[126] Received message from  55: 1|0,9,12,96,115,135,1,16,78,90,104,149,59,21,55,117,126,139
[ 55] Received message from 117: 1|0,9,12,96,115,135,1,16,78,90,104,149,59,117,55,79,139
[117] Received message from 149: 1|0,9,12,96,115,135,1,16,78,90,104,149,59,117
[149] Sent Broadcast: 1|0,9,12,96,115,135,1,16,78,90,104,149,59,117
[ 12] Sent Broadcast: 1|0,9,12,96,115,135,1,74,87,106,121,122
[ 10] Received message from 121: 1|0,9,12,96,115,135,1,74,87,106,121,122,10
[121] Sent Broadcast: 1|0,9,12,96,115,135,1,74,87,106,121,122,10
[ 79] Received message from 117: 1|0,9,12,96,115,135,1,16,78,90,104,149,59,117,55,79,139
[139] Received message from  55: 1|0,9,12,96,115,135,1,16,78,90,104,149,59,21,55,117,126,139
[ 55] Sent Broadcast: 1|0,9,12,96,115,135,1,16,78,90,104,149,59,21,55,117,126,139
[139] Received message from 117: 1|0,9,12,96,115,135,1,16,78,90,104,149,59,117,55,79,139
[ 17] Received message from  79: 1|0,9,12,96,115,135,1,16,78,90,104,149,59,117,55,79,139,17,51,67
[117] Sent Broadcast: 1|0,9,12,96,115,135,1,16,78,90,104,149,59,117,55,79,139
[ 17] Received message from 139: 1|0,9,12,96,115,135,1,16,78,90,104,149,59,21,55,117,126,139,17,79
[ 79] Received message from 139: 1|0,9,12,96,115,135,1,16,78,90,104,149,59,21,55,117,126,139,17,79
[ 51] Received message from  79: 1|0,9,12,96,115,135,1,16,78,90,104,149,59,117,55,79,139,17,51,67
[139] Sent Broadcast: 1|0,9,12,96,115,135,1,16,78,90,104,149,59,21,55,117,126,139,17,79
[ 45] Received message from  17: 1|0,9,12,96,115,135,1,16,78,90,104,149,59,117,55,79,139,17,51,67,45
[ 17] Sent Broadcast: 1|0,9,12,96,115,135,1,16,78,90,104,149,59,117,55,79,139,17,51,67,45
[ 67] Received message from  79: 1|0,9,12,96,115,135,1,16,78,90,104,149,59,117,55,79,139,17,51,67
[ 45] Received message from  51: 1|0,9,12,96,115,135,1,16,78,90,104,149,59,117,55,79,139,17,51,67,45
[ 79] Sent Broadcast: 1|0,9,12,96,115,135,1,16,78,90,104,149,59,117,55,79,139,17,51,67
[ 51] Sent Broadcast: 1|0,9,12,96,115,135,1,16,78,90,104,149,59,117,55,79,139,17,51,67,45
[ 45] Received message from  67: 1|0,9,12,96,115,135,1,16,78,90,104,149,59,117,55,79,139,17,51,67,45
[ 67] Sent Broadcast: 1|0,9,12,96,115,135,1,16,78,90,104,149,59,117,55,79,139,17,51,67,45
[  5] Received message from   2: 2|0,5
[  2] Sent Broadcast: 2|0,5
[ 25] Received message from   3: 3|0,25,31,50,62
[ 31] Received message from   3: 3|0,25,31,50,62
[ 27] Received message from  25: 3|0,25,31,50,62,3,27
[ 50] Received message from   3: 3|0,25,31,50,62
[ 25] Sent Broadcast: 3|0,25,31,50,62,3,27
[ 81] Received message from  31: 3|0,25,31,50,62,3,81
[ 31] Sent Broadcast: 3|0,25,31,50,62,3,81
[ 26] Received message from  27: 3|0,25,31,50,62,3,27,26
[ 27] Sent Broadcast: 3|0,25,31,50,62,3,27,26
[ 27] Received message from  50: 3|0,25,31,50,62,3,27,110
[ 62] Received message from   3: 3|0,25,31,50,62
[  3] Sent Broadcast: 3|0,25,31,50,62
[ 81] Received message from  62: 3|0,25,31,50,62,3,81
[110] Received message from  50: 3|0,25,31,50,62,3,27,110
[ 62] Sent Broadcast: 3|0,25,31,50,62,3,81
[ 50] Sent Broadcast: 3|0,25,31,50,62,3,27,110
[ 28] Received message from   4: 4|0,28,30,40,63,68,70,80,114
[ 30] Received message from   4: 4|0,28,30,40,63,68,70,80,114
[ 40] Received message from   4: 4|0,28,30,40,63,68,70,80,114
[ 49] Received message from  30: 4|0,28,30,40,63,68,70,80,114,4,49
[ 30] Sent Broadcast: 4|0,28,30,40,63,68,70,80,114,4,49
[ 77] Received message from  40: 4|0,28,30,40,63,68,70,80,114,4,77
[ 40] Sent Broadcast: 4|0,28,30,40,63,68,70,80,114,4,77
[ 89] Received message from  49: 4|0,28,30,40,63,68,70,80,114,4,49,89
[ 49] Sent Broadcast: 4|0,28,30,40,63,68,70,80,114,4,49,89
[143] Received message from  89: 4|0,28,30,40,63,68,70,80,114,4,49,89,143
[ 89] Sent Broadcast: 4|0,28,30,40,63,68,70,80,114,4,49,89,143
[ 63] Received message from   4: 4|0,28,30,40,63,68,70,80,114
[105] Received message from  77: 4|0,28,30,40,63,68,70,80,114,4,77,105,111,127
[111] Received message from  77: 4|0,28,30,40,63,68,70,80,114,4,77,105,111,127
[ 49] Received message from  63: 4|0,28,30,40,63,68,70,80,114,4,49,66
[ 68] Received message from   4: 4|0,28,30,40,63,68,70,80,114
[127] Received message from  77: 4|0,28,30,40,63,68,70,80,114,4,77,105,111,127
[ 77] Sent Broadcast: 4|0,28,30,40,63,68,70,80,114,4,77,105,111,127
[ 66] Received message from  63: 4|0,28,30,40,63,68,70,80,114,4,49,66
[ 63] Sent Broadcast: 4|0,28,30,40,63,68,70,80,114,4,49,66
[ 70] Received message from   4: 4|0,28,30,40,63,68,70,80,114
[ 95] Received message from 111: 4|0,28,30,40,63,68,70,80,114,4,77,105,111,127,95
[ 49] Received message from  68: 4|0,28,30,40,63,68,70,80,114,4,49,66
[111] Sent Broadcast: 4|0,28,30,40,63,68,70,80,114,4,77,105,111,127,95
[ 80] Received message from   4: 4|0,28,30,40,63,68,70,80,114
[ 19] Received message from 127: 4|0,28,30,40,63,68,70,80,114,4,77,105,111,127,19,95
[ 66] Received message from  68: 4|0,28,30,40,63,68,70,80,114,4,49,66
[ 66] Received message from  95: 4|0,28,30,40,63,68,70,80,114,4,77,105,111,127,95,66
[114] Received message from   4: 4|0,28,30,40,63,68,70,80,114
[ 68] Sent Broadcast: 4|0,28,30,40,63,68,70,80,114,4,49,66
[ 95] Sent Broadcast: 4|0,28,30,40,63,68,70,80,114,4,77,105,111,127,95,66
[ 95] Received message from  66: 4|0,28,30,40,63,68,70,80,114,4,49,66,95
[ 66] Sent Broadcast: 4|0,28,30,40,63,68,70,80,114,4,49,66,95
[  4] Sent Broadcast: 4|0,28,30,40,63,68,70,80,114
[ 24] Received message from  19: 4|0,28,30,40,63,68,70,80,114,4,77,105,111,127,19,95,24,65,83
[ 33] Received message from  70: 4|0,28,30,40,63,68,70,80,114,4,33,137
[ 95] Received message from 127: 4|0,28,30,40,63,68,70,80,114,4,77,105,111,127,19,95
[127] Sent Broadcast: 4|0,28,30,40,63,68,70,80,114,4,77,105,111,127,19,95
[ 32] Received message from  80: 4|0,28,30,40,63,68,70,80,114,4,32,91,112,129
[137] Received message from  70: 4|0,28,30,40,63,68,70,80,114,4,33,137
[ 33] Received message from 114: 4|0,28,30,40,63,68,70,80,114,4,33,137
[ 70] Sent Broadcast: 4|0,28,30,40,63,68,70,80,114,4,33,137
[142] Received message from  24: 4|0,28,30,40,63,68,70,80,114,4,77,105,111,127,19,95,24,65,83,142
[137] Received message from 114: 4|0,28,30,40,63,68,70,80,114,4,33,137
[ 65] Received message from  19: 4|0,28,30,40,63,68,70,80,114,4,77,105,111,127,19,95,24,65,83
[ 24] Sent Broadcast: 4|0,28,30,40,63,68,70,80,114,4,77,105,111,127,19,95,24,65,83,142
[114] Sent Broadcast: 4|0,28,30,40,63,68,70,80,114,4,33,137
[ 83] Received message from  19: 4|0,28,30,40,63,68,70,80,114,4,77,105,111,127,19,95,24,65,83
[ 19] Sent Broadcast: 4|0,28,30,40,63,68,70,80,114,4,77,105,111,127,19,95,24,65,83
[144] Received message from 137: 4|0,28,30,40,63,68,70,80,114,4,33,137,144,145
[ 91] Received message from  80: 4|0,28,30,40,63,68,70,80,114,4,32,91,112,129
[ 61] Received message from  32: 4|0,28,30,40,63,68,70,80,114,4,32,91,112,129,61,102
[145] Received message from 137: 4|0,28,30,40,63,68,70,80,114,4,33,137,144,145
[137] Sent Broadcast: 4|0,28,30,40,63,68,70,80,114,4,33,137,144,145
[102] Received message from  32: 4|0,28,30,40,63,68,70,80,114,4,32,91,112,129,61,102
[112] Received message from  80: 4|0,28,30,40,63,68,70,80,114,4,32,91,112,129
[ 32] Sent Broadcast: 4|0,28,30,40,63,68,70,80,114,4,32,91,112,129,61,102
[ 11] Received message from  91: 4|0,28,30,40,63,68,70,80,114,4,32,91,112,129,11,58
[129] Received message from  80: 4|0,28,30,40,63,68,70,80,114,4,32,91,112,129
[ 80] Sent Broadcast: 4|0,28,30,40,63,68,70,80,114,4,32,91,112,129
[ 58] Received message from  91: 4|0,28,30,40,63,68,70,80,114,4,32,91,112,129,11,58
[ 61] Received message from 112: 4|0,28,30,40,63,68,70,80,114,4,32,91,112,129,61,102
[108] Received message from  11: 4|0,28,30,40,63,68,70,80,114,4,32,91,112,129,11,58,108
[ 91] Sent Broadcast: 4|0,28,30,40,63,68,70,80,114,4,32,91,112,129,11,58
[ 11] Sent Broadcast: 4|0,28,30,40,63,68,70,80,114,4,32,91,112,129,11,58,108
[ 61] Received message from 129: 4|0,28,30,40,63,68,70,80,114,4,32,91,112,129,61,102
[102] Received message from 112: 4|0,28,30,40,63,68,70,80,114,4,32,91,112,129,61,102
[112] Sent Broadcast: 4|0,28,30,40,63,68,70,80,114,4,32,91,112,129,61,102
[102] Received message from 129: 4|0,28,30,40,63,68,70,80,114,4,32,91,112,129,61,102
[108] Received message from  58: 4|0,28,30,40,63,68,70,80,114,4,32,91,112,129,11,58,108,116
[129] Sent Broadcast: 4|0,28,30,40,63,68,70,80,114,4,32,91,112,129,61,102
[116] Received message from 108: 4|0,28,30,40,63,68,70,80,114,4,32,91,112,129,11,58,108,116
[108] Sent Broadcast: 4|0,28,30,40,63,68,70,80,114,4,32,91,112,129,11,58,108,116
[ 43] Received message from 116: 4|0,28,30,40,63,68,70,80,114,4,32,91,112,129,11,58,108,116,43,93
[116] Received message from  58: 4|0,28,30,40,63,68,70,80,114,4,32,91,112,129,11,58,108,116
[ 58] Sent Broadcast: 4|0,28,30,40,63,68,70,80,114,4,32,91,112,129,11,58,108,116
[  8] Received message from  43: 4|0,28,30,40,63,68,70,80,114,4,32,91,112,129,11,58,108,116,43,93,8,48
[ 48] Received message from  43: 4|0,28,30,40,63,68,70,80,114,4,32,91,112,129,11,58,108,116,43,93,8,48
[ 43] Sent Broadcast: 4|0,28,30,40,63,68,70,80,114,4,32,91,112,129,11,58,108,116,43,93,8,48
[ 93] Received message from 116: 4|0,28,30,40,63,68,70,80,114,4,32,91,112,129,11,58,108,116,43,93
[116] Sent Broadcast: 4|0,28,30,40,63,68,70,80,114,4,32,91,112,129,11,58,108,116,43,93
[  8] Received message from  93: 4|0,28,30,40,63,68,70,80,114,4,32,91,112,129,11,58,108,116,43,93,8
[ 93] Sent Broadcast: 4|0,28,30,40,63,68,70,80,114,4,32,91,112,129,11,58,108,116,43,93,8
[ 37] Received message from   6: 6|0,37,98,140
[ 98] Received message from   6: 6|0,37,98,140
[140] Received message from   6: 6|0,37,98,140
[  6] Sent Broadcast: 6|0,37,98,140
[ 29] Received message from   7: 7|0,29,136
[136] Received message from   7: 7|0,29,136
[  7] Sent Broadcast: 7|0,29,136
[ 34] Received message from  13: 13|0,34,46,71,88
[ 46] Received message from  13: 13|0,34,46,71,88
[ 38] Received message from  34: 13|0,34,46,71,88,13,38,76,128
[ 71] Received message from  13: 13|0,34,46,71,88
[ 88] Received message from  13: 13|0,34,46,71,88
[ 76] Received message from  34: 13|0,34,46,71,88,13,38,76,128
[ 64] Received message from  38: 13|0,34,46,71,88,13,38,76,128,64,134
[ 13] Sent Broadcast: 13|0,34,46,71,88
[ 38] Received message from  71: 13|0,34,46,71,88,13,38,128,134
[128] Received message from  34: 13|0,34,46,71,88,13,38,76,128
[ 75] Received message from  64: 13|0,34,46,71,88,13,38,76,128,64,134,75
[ 34] Sent Broadcast: 13|0,34,46,71,88,13,38,76,128
[ 64] Sent Broadcast: 13|0,34,46,71,88,13,38,76,128,64,134,75
[ 72] Received message from  76: 13|0,34,46,71,88,13,38,76,128,72
[128] Received message from  71: 13|0,34,46,71,88,13,38,128,134
[134] Received message from  38: 13|0,34,46,71,88,13,38,76,128,64,134
[ 76] Sent Broadcast: 13|0,34,46,71,88,13,38,76,128,72
[ 38] Sent Broadcast: 13|0,34,46,71,88,13,38,76,128,64,134
[ 64] Received message from 128: 13|0,34,46,71,88,13,38,76,128,64
[128] Sent Broadcast: 13|0,34,46,71,88,13,38,76,128,64
[134] Received message from  88: 13|0,34,46,71,88,13,134
[ 88] Sent Broadcast: 13|0,34,46,71,88,13,134
[134] Received message from  71: 13|0,34,46,71,88,13,38,128,134
[ 71] Sent Broadcast: 13|0,34,46,71,88,13,38,128,134
[107] Received message from  14: 14|0,107
[ 14] Sent Broadcast: 14|0,107
[ 60] Received message from  15: 15|0,60,73,119,132,147
[ 73] Received message from  15: 15|0,60,73,119,132,147
[119] Received message from  15: 15|0,60,73,119,132,147
[132] Received message from  15: 15|0,60,73,119,132,147
[147] Received message from  15: 15|0,60,73,119,132,147
[ 15] Sent Broadcast: 15|0,60,73,119,132,147
[ 39] Received message from 119: 15|0,60,73,119,132,147,15,39
[ 47] Received message from 132: 15|0,60,73,119,132,147,15,47
[132] Sent Broadcast: 15|0,60,73,119,132,147,15,47
[119] Sent Broadcast: 15|0,60,73,119,132,147,15,39
[ 47] Received message from 147: 15|0,60,73,119,132,147,15,47
[147] Sent Broadcast: 15|0,60,73,119,132,147,15,47
[ 92] Received message from  39: 15|0,60,73,119,132,147,15,39,92,113,133,150
[113] Received message from  39: 15|0,60,73,119,132,147,15,39,92,113,133,150
[133] Received message from  39: 15|0,60,73,119,132,147,15,39,92,113,133,150
[150] Received message from  39: 15|0,60,73,119,132,147,15,39,92,113,133,150
[ 39] Sent Broadcast: 15|0,60,73,119,132,147,15,39,92,113,133,150
[ 42] Received message from  18: 18|0,42,82
[ 82] Received message from  18: 18|0,42,82
[ 18] Sent Broadcast: 18|0,42,82
[ 56] Received message from  20: 20|0,56,109
[109] Received message from  20: 20|0,56,109
[ 20] Sent Broadcast: 20|0,56,109
[141] Received message from  56: 20|0,56,109,20,141
[ 56] Sent Broadcast: 20|0,56,109,20,141
[141] Received message from 109: 20|0,56,109,20,141
[109] Sent Broadcast: 20|0,56,109,20,141
[ 53] Received message from  22: 22|0,53,86,101,148
[ 86] Received message from  22: 22|0,53,86,101,148
[101] Received message from  22: 22|0,53,86,101,148
[148] Received message from  22: 22|0,53,86,101,148
[ 52] Received message from 101: 22|0,53,86,101,148,22,52
[ 22] Sent Broadcast: 22|0,53,86,101,148
[101] Sent Broadcast: 22|0,53,86,101,148,22,52
[ 52] Received message from 148: 22|0,53,86,101,148,22,52,125
[ 69] Received message from  52: 22|0,53,86,101,148,22,52,69,85,125
[125] Received message from 148: 22|0,53,86,101,148,22,52,125
[ 85] Received message from  52: 22|0,53,86,101,148,22,52,69,85,125
[148] Sent Broadcast: 22|0,53,86,101,148,22,52,125
[118] Received message from  85: 22|0,53,86,101,148,22,52,69,85,125,118
[125] Received message from  52: 22|0,53,86,101,148,22,52,69,85,125
[ 52] Sent Broadcast: 22|0,53,86,101,148,22,52,69,85,125
[ 99] Received message from 125: 22|0,53,86,101,148,22,52,125,99,130
[ 85] Sent Broadcast: 22|0,53,86,101,148,22,52,69,85,125,118
[130] Received message from 125: 22|0,53,86,101,148,22,52,125,99,130
[125] Sent Broadcast: 22|0,53,86,101,148,22,52,125,99,130
[ 54] Received message from  23: 23|0,54,97,124
[120] Received message from  54: 23|0,54,97,124,23,120
[ 54] Sent Broadcast: 23|0,54,97,124,23,120
[ 97] Received message from  23: 23|0,54,97,124
[124] Received message from  23: 23|0,54,97,124
[ 23] Sent Broadcast: 23|0,54,97,124
[103] Received message from 120: 23|0,54,97,124,23,120,103
[120] Sent Broadcast: 23|0,54,97,124,23,120,103
[103] Received message from  97: 23|0,54,97,124,23,103,120
[120] Received message from  97: 23|0,54,97,124,23,103,120
[ 97] Sent Broadcast: 23|0,54,97,124,23,103,120
[ 94] Received message from 103: 23|0,54,97,124,23,120,103,94
[103] Sent Broadcast: 23|0,54,97,124,23,120,103,94
[123] Received message from  94: 23|0,54,97,124,23,120,103,94,123
[ 94] Sent Broadcast: 23|0,54,97,124,23,120,103,94,123
[ 84] Received message from 123: 23|0,54,97,124,23,120,103,94,123,84,131
[131] Received message from 123: 23|0,54,97,124,23,120,103,94,123,84,131
[123] Sent Broadcast: 23|0,54,97,124,23,120,103,94,123,84,131
[146] Received message from  84: 23|0,54,97,124,23,120,103,94,123,84,131,146
[ 84] Sent Broadcast: 23|0,54,97,124,23,120,103,94,123,84,131,146
[100] Received message from  35: 35|0,100
[ 35] Sent Broadcast: 35|0,100
[ 44] Received message from  41: 41|0,44,138
[138] Received message from  41: 41|0,44,138
[ 41] Sent Broadcast: 41|0,44,138
