[  5] Received message from   1: 1|0,5,23,133
[ 23] Received message from   1: 1|0,5,23,133
[133] Received message from   1: 1|0,5,23,133
[  1] Sent Broadcast: 1|0,5,23,133
[ 83] Received message from  23: 1|0,5,23,133,1,83,125
[ 83] Received message from 133: 1|0,5,23,133,1,83,91,125
[125] Received message from  23: 1|0,5,23,133,1,83,125
[ 23] Sent Broadcast: 1|0,5,23,133,1,83,125
[ 58] Received message from 125: 1|0,5,23,133,1,83,125,58,107
[ 91] Received message from 133: 1|0,5,23,133,1,83,91,125
[ 58] Received message from   5: 1|0,5,23,133,1,58,107,126
[125] Received message from 133: 1|0,5,23,133,1,83,91,125
[133] Sent Broadcast: 1|0,5,23,133,1,83,91,125
[107] Received message from 125: 1|0,5,23,133,1,83,125,58,107
[125] Sent Broadcast: 1|0,5,23,133,1,83,125,58,107
[107] Received message from   5: 1|0,5,23,133,1,58,107,126
[126] Received message from   5: 1|0,5,23,133,1,58,107,126
[  5] Sent Broadcast: 1|0,5,23,133,1,58,107,126
[ 34] Received message from 126: 1|0,5,23,133,1,58,107,126,34,96
[ 96] Received message from 126: 1|0,5,23,133,1,58,107,126,34,96
[126] Sent Broadcast: 1|0,5,23,133,1,58,107,126,34,96
[112] Received message from  34: 1|0,5,23,133,1,58,107,126,34,96,112
[ 34] Sent Broadcast: 1|0,5,23,133,1,58,107,126,34,96,112
[ 45] Received message from   2: 2|0,45,77,116
[139] Received message from  45: 2|0,45,77,116,2,139
[ 45] Sent Broadcast: 2|0,45,77,116,2,139
[ 77] Received message from   2: 2|0,45,77,116
[116] Received message from   2: 2|0,45,77,116
[139] Received message from  77: 2|0,45,77,116,2,139
[ 77] Sent Broadcast: 2|0,45,77,116,2,139
[  2] Sent Broadcast: 2|0,45,77,116
[139] Received message from 116: 2|0,45,77,116,2,139
[116] Sent Broadcast: 2|0,45,77,116,2,139
[ 20] Received message from   3: 3|0,20,84,111,119
[ 84] Received message from   3: 3|0,20,84,111,119
[ 50] Received message from  20: 3|0,20,84,111,119,3,50,76,102,103
[111] Received message from   3: 3|0,20,84,111,119
[119] Received message from   3: 3|0,20,84,111,119
[ 76] Received message from  20: 3|0,20,84,111,119,3,50,76,102,103
[ 52] Received message from  84: 3|0,20,84,111,119,3,52,136
[  3] Sent Broadcast: 3|0,20,84,111,119
[ 99] Received message from  50: 3|0,20,84,111,119,3,50,76,102,103,99,132
[135] Received message from 111: 3|0,20,84,111,119,3,135
[111] Sent Broadcast: 3|0,20,84,111,119,3,135
[136] Received message from  84: 3|0,20,84,111,119,3,52,136
[102] Received message from  20: 3|0,20,84,111,119,3,50,76,102,103
[ 84] Sent Broadcast: 3|0,20,84,111,119,3,52,136
[ 50] Received message from 119: 3|0,20,84,111,119,3,50,76,102,135
[132] Received message from  50: 3|0,20,84,111,119,3,50,76,102,103,99,132
[ 54] Received message from  99: 3|0,20,84,111,119,3,50,76,102,103,99,132,54
[ 82] Received message from 135: 3|0,20,84,111,119,3,135,82
[ 50] Sent Broadcast: 3|0,20,84,111,119,3,50,76,102,103,99,132
[ 21] Received message from  52: 3|0,20,84,111,119,3,52,136,21
[103] Received message from  20: 3|0,20,84,111,119,3,50,76,102,103
[ 99] Sent Broadcast: 3|0,20,84,111,119,3,50,76,102,103,99,132,54
[135] Sent Broadcast: 3|0,20,84,111,119,3,135,82
[ 52] Sent Broadcast: 3|0,20,84,111,119,3,52,136,21
[ 20] Sent Broadcast: 3|0,20,84,111,119,3,50,76,102,103
[ 76] Received message from 119: 3|0,20,84,111,119,3,50,76,102,135
[ 21] Received message from 136: 3|0,20,84,111,119,3,52,136,21,69,74
[150] Received message from  82: 3|0,20,84,111,119,3,135,82,150
[102] Received message from 119: 3|0,20,84,111,119,3,50,76,102,135
[  9] Received message from 103: 3|0,20,84,111,119,3,50,76,102,103,9,78,109
[ 99] Received message from  76: 3|0,20,84,111,119,3,50,76,102,103,99,132
[ 16] Received message from  54: 3|0,20,84,111,119,3,50,76,102,103,99,132,54,16,49,55,56
[ 99] Received message from 102: 3|0,20,84,111,119,3,50,76,102,103,99,132
[ 82] Sent Broadcast: 3|0,20,84,111,119,3,135,82,150
[ 69] Received message from 136: 3|0,20,84,111,119,3,52,136,21,69,74
[ 78] Received message from 103: 3|0,20,84,111,119,3,50,76,102,103,9,78,109
[135] Received message from 119: 3|0,20,84,111,119,3,50,76,102,135
[119] Sent Broadcast: 3|0,20,84,111,119,3,50,76,102,135
[ 49] Received message from  54: 3|0,20,84,111,119,3,50,76,102,103,99,132,54,16,49,55,56
[ 24] Received message from  16: 3|0,20,84,111,119,3,50,76,102,103,99,132,54,16,49,55,56,24
[132] Received message from  76: 3|0,20,84,111,119,3,50,76,102,103,99,132
[ 76] Sent Broadcast: 3|0,20,84,111,119,3,50,76,102,103,99,132
[132] Received message from 102: 3|0,20,84,111,119,3,50,76,102,103,99,132
[109] Received message from 103: 3|0,20,84,111,119,3,50,76,102,103,9,78,109
[ 16] Sent Broadcast: 3|0,20,84,111,119,3,50,76,102,103,99,132,54,16,49,55,56,24
[102] Sent Broadcast: 3|0,20,84,111,119,3,50,76,102,103,99,132
[ 80] Received message from  69: 3|0,20,84,111,119,3,52,136,21,69,74,80
[103] Sent Broadcast: 3|0,20,84,111,119,3,50,76,102,103,9,78,109
[110] Received message from  78: 3|0,20,84,111,119,3,50,76,102,103,9,78,109,110
[ 69] Sent Broadcast: 3|0,20,84,111,119,3,52,136,21,69,74,80
[ 78] Sent Broadcast: 3|0,20,84,111,119,3,50,76,102,103,9,78,109,110
[ 55] Received message from  54: 3|0,20,84,111,119,3,50,76,102,103,99,132,54,16,49,55,56
[ 17] Received message from  80: 3|0,20,84,111,119,3,52,136,21,69,74,80,17,60,68,149
[110] Received message from  49: 3|0,20,84,111,119,3,50,76,102,103,99,132,54,16,49,55,56,110
[ 49] Sent Broadcast: 3|0,20,84,111,119,3,50,76,102,103,99,132,54,16,49,55,56,110
[ 56] Received message from  54: 3|0,20,84,111,119,3,50,76,102,103,99,132,54,16,49,55,56
[ 74] Received message from 136: 3|0,20,84,111,119,3,52,136,21,69,74
[ 39] Received message from 110: 3|0,20,84,111,119,3,50,76,102,103,9,78,109,110,39,49
[ 54] Sent Broadcast: 3|0,20,84,111,119,3,50,76,102,103,99,132,54,16,49,55,56
[136] Sent Broadcast: 3|0,20,84,111,119,3,52,136,21,69,74
[ 60] Received message from  80: 3|0,20,84,111,119,3,52,136,21,69,74,80,17,60,68,149
[ 49] Received message from 110: 3|0,20,84,111,119,3,50,76,102,103,9,78,109,110,39,49
[110] Sent Broadcast: 3|0,20,84,111,119,3,50,76,102,103,9,78,109,110,39,49
[ 92] Received message from  17: 3|0,20,84,111,119,3,52,136,21,69,74,80,17,60,68,149,92
[ 24] Received message from  56: 3|0,20,84,111,119,3,50,76,102,103,99,132,54,16,49,55,56,24
[ 68] Received message from  80: 3|0,20,84,111,119,3,52,136,21,69,74,80,17,60,68,149
[ 17] Sent Broadcast: 3|0,20,84,111,119,3,52,136,21,69,74,80,17,60,68,149,92
[ 56] Sent Broadcast: 3|0,20,84,111,119,3,50,76,102,103,99,132,54,16,49,55,56,24
[ 68] Received message from  74: 3|0,20,84,111,119,3,52,136,21,69,74,68,80
[ 92] Received message from  60: 3|0,20,84,111,119,3,52,136,21,69,74,80,17,60,68,149,92
[ 60] Sent Broadcast: 3|0,20,84,111,119,3,52,136,21,69,74,80,17,60,68,149,92
[149] Received message from  80: 3|0,20,84,111,119,3,52,136,21,69,74,80,17,60,68,149
[ 80] Sent Broadcast: 3|0,20,84,111,119,3,52,136,21,69,74,80,17,60,68,149
[ 80] Received message from  74: 3|0,20,84,111,119,3,52,136,21,69,74,68,80
[ 74] Sent Broadcast: 3|0,20,84,111,119,3,52,136,21,69,74,68,80
[ 17] Received message from  68: 3|0,20,84,111,119,3,52,136,21,69,74,68,80,17,60,149
[ 92] Received message from 149: 3|0,20,84,111,119,3,52,136,21,69,74,80,17,60,68,149,92
[149] Sent Broadcast: 3|0,20,84,111,119,3,52,136,21,69,74,80,17,60,68,149,92
[ 60] Received message from  68: 3|0,20,84,111,119,3,52,136,21,69,74,68,80,17,60,149
[149] Received message from  68: 3|0,20,84,111,119,3,52,136,21,69,74,68,80,17,60,149
[ 68] Sent Broadcast: 3|0,20,84,111,119,3,52,136,21,69,74,68,80,17,60,149
[ 67] Received message from   4: 4|0,67,94,121,131
[ 94] Received message from   4: 4|0,67,94,121,131
[121] Received message from   4: 4|0,67,94,121,131
[131] Received message from   4: 4|0,67,94,121,131
[  4] Sent Broadcast: 4|0,67,94,121,131
[ 19] Received message from 131: 4|0,67,94,121,131,4,19
[131] Sent Broadcast: 4|0,67,94,121,131,4,19
[100] Received message from  19: 4|0,67,94,121,131,4,19,100,129
[129] Received message from  19: 4|0,67,94,121,131,4,19,100,129
[ 19] Sent Broadcast: 4|0,67,94,121,131,4,19,100,129
[ 12] Received message from 129: 4|0,67,94,121,131,4,19,100,129,12,47,117,138
[ 51] Received message from 100: 4|0,67,94,121,131,4,19,100,129,51,98
[ 98] Received message from 100: 4|0,67,94,121,131,4,19,100,129,51,98
[100] Sent Broadcast: 4|0,67,94,121,131,4,19,100,129,51,98
[ 47] Received message from 129: 4|0,67,94,121,131,4,19,100,129,12,47,117,138
[ 90] Received message from  12: 4|0,67,94,121,131,4,19,100,129,12,47,117,138,90
[ 12] Sent Broadcast: 4|0,67,94,121,131,4,19,100,129,12,47,117,138,90
[117] Received message from 129: 4|0,67,94,121,131,4,19,100,129,12,47,117,138
[141] Received message from  51: 4|0,67,94,121,131,4,19,100,129,51,98,141
[ 87] Received message from  98: 4|0,67,94,121,131,4,19,100,129,51,98,87,128
[ 51] Sent Broadcast: 4|0,67,94,121,131,4,19,100,129,51,98,141
[  7] Received message from  90: 4|0,67,94,121,131,4,19,100,129,12,47,117,138,90,7,14
[128] Received message from  98: 4|0,67,94,121,131,4,19,100,129,51,98,87,128
[ 98] Sent Broadcast: 4|0,67,94,121,131,4,19,100,129,51,98,87,128
[ 15] Received message from 141: 4|0,67,94,121,131,4,19,100,129,51,98,141,15
[138] Received message from 129: 4|0,67,94,121,131,4,19,100,129,12,47,117,138
[ 14] Received message from  90: 4|0,67,94,121,131,4,19,100,129,12,47,117,138,90,7,14
[ 90] Received message from 117: 4|0,67,94,121,131,4,19,100,129,12,47,117,138,90
[ 48] Received message from 138: 4|0,67,94,121,131,4,19,100,129,12,47,117,138,48
[ 42] Received message from  14: 4|0,67,94,121,131,4,19,100,129,12,47,117,138,90,7,14,42
[129] Sent Broadcast: 4|0,67,94,121,131,4,19,100,129,12,47,117,138
[ 86] Received message from  87: 4|0,67,94,121,131,4,19,100,129,51,98,87,128,86,122
[141] Sent Broadcast: 4|0,67,94,121,131,4,19,100,129,51,98,141,15
[138] Sent Broadcast: 4|0,67,94,121,131,4,19,100,129,12,47,117,138,48
[117] Sent Broadcast: 4|0,67,94,121,131,4,19,100,129,12,47,117,138,90
[ 90] Sent Broadcast: 4|0,67,94,121,131,4,19,100,129,12,47,117,138,90,7,14
[ 14] Sent Broadcast: 4|0,67,94,121,131,4,19,100,129,12,47,117,138,90,7,14,42
[ 42] Received message from   7: 4|0,67,94,121,131,4,19,100,129,12,47,117,138,90,7,14,42
[  7] Sent Broadcast: 4|0,67,94,121,131,4,19,100,129,12,47,117,138,90,7,14,42
[122] Received message from  87: 4|0,67,94,121,131,4,19,100,129,51,98,87,128,86,122
[ 87] Sent Broadcast: 4|0,67,94,121,131,4,19,100,129,51,98,87,128,86,122
[  8] Received message from  86: 4|0,67,94,121,131,4,19,100,129,51,98,87,128,86,122,8,71,140
[ 71] Received message from  86: 4|0,67,94,121,131,4,19,100,129,51,98,87,128,86,122,8,71,140
[  8] Received message from 122: 4|0,67,94,121,131,4,19,100,129,51,98,87,128,86,122,8,71,140
[140] Received message from  86: 4|0,67,94,121,131,4,19,100,129,51,98,87,128,86,122,8,71,140
[ 86] Sent Broadcast: 4|0,67,94,121,131,4,19,100,129,51,98,87,128,86,122,8,71,140
[ 93] Received message from  71: 4|0,67,94,121,131,4,19,100,129,51,98,87,128,86,122,8,71,140,93,145
[ 71] Received message from 122: 4|0,67,94,121,131,4,19,100,129,51,98,87,128,86,122,8,71,140
[  6] Received message from 140: 4|0,67,94,121,131,4,19,100,129,51,98,87,128,86,122,8,71,140,6,134
[140] Received message from 122: 4|0,67,94,121,131,4,19,100,129,51,98,87,128,86,122,8,71,140
[122] Sent Broadcast: 4|0,67,94,121,131,4,19,100,129,51,98,87,128,86,122,8,71,140
[ 38] Received message from  93: 4|0,67,94,121,131,4,19,100,129,51,98,87,128,86,122,8,71,140,93,145,38,40,61,64,97
[145] Received message from  71: 4|0,67,94,121,131,4,19,100,129,51,98,87,128,86,122,8,71,140,93,145
[ 59] Received message from   6: 4|0,67,94,121,131,4,19,100,129,51,98,87,128,86,122,8,71,140,6,134,59,127
[ 40] Received message from  93: 4|0,67,94,121,131,4,19,100,129,51,98,87,128,86,122,8,71,140,93,145,38,40,61,64,97
[134] Received message from 140: 4|0,67,94,121,131,4,19,100,129,51,98,87,128,86,122,8,71,140,6,134
[ 71] Sent Broadcast: 4|0,67,94,121,131,4,19,100,129,51,98,87,128,86,122,8,71,140,93,145
[140] Sent Broadcast: 4|0,67,94,121,131,4,19,100,129,51,98,87,128,86,122,8,71,140,6,134
[ 61] Received message from  93: 4|0,67,94,121,131,4,19,100,129,51,98,87,128,86,122,8,71,140,93,145,38,40,61,64,97
[ 59] Received message from 134: 4|0,67,94,121,131,4,19,100,129,51,98,87,128,86,122,8,71,140,6,134,59,65,127
[ 64] Received message from  93: 4|0,67,94,121,131,4,19,100,129,51,98,87,128,86,122,8,71,140,93,145,38,40,61,64,97
[127] Received message from   6: 4|0,67,94,121,131,4,19,100,129,51,98,87,128,86,122,8,71,140,6,134,59,127
[  6] Sent Broadcast: 4|0,67,94,121,131,4,19,100,129,51,98,87,128,86,122,8,71,140,6,134,59,127
[ 40] Received message from 145: 4|0,67,94,121,131,4,19,100,129,51,98,87,128,86,122,8,71,140,93,145,40,61
[ 65] Received message from 134: 4|0,67,94,121,131,4,19,100,129,51,98,87,128,86,122,8,71,140,6,134,59,65,127
[ 97] Received message from  93: 4|0,67,94,121,131,4,19,100,129,51,98,87,128,86,122,8,71,140,93,145,38,40,61,64,97
[ 93] Sent Broadcast: 4|0,67,94,121,131,4,19,100,129,51,98,87,128,86,122,8,71,140,93,145,38,40,61,64,97
[ 65] Received message from 127: 4|0,67,94,121,131,4,19,100,129,51,98,87,128,86,122,8,71,140,6,134,59,127,65
[127] Sent Broadcast: 4|0,67,94,121,131,4,19,100,129,51,98,87,128,86,122,8,71,140,6,134,59,127,65
[127] Received message from 134: 4|0,67,94,121,131,4,19,100,129,51,98,87,128,86,122,8,71,140,6,134,59,65,127
[ 61] Received message from 145: 4|0,67,94,121,131,4,19,100,129,51,98,87,128,86,122,8,71,140,93,145,40,61
[134] Sent Broadcast: 4|0,67,94,121,131,4,19,100,129,51,98,87,128,86,122,8,71,140,6,134,59,65,127
[145] Sent Broadcast: 4|0,67,94,121,131,4,19,100,129,51,98,87,128,86,122,8,71,140,93,145,40,61
[ 36] Received message from  10: 10|0,36,137
[137] Received message from  10: 10|0,36,137
[ 10] Sent Broadcast: 10|0,36,137
[ 13] Received message from  11: 11|0,13,27,120
[ 29] Received message from  13: 11|0,13,27,120,11,29
[ 13] Sent Broadcast: 11|0,13,27,120,11,29
[ 27] Received message from  11: 11|0,13,27,120
[120] Received message from  11: 11|0,13,27,120
[ 11] Sent Broadcast: 11|0,13,27,120
[123] Received message from  29: 11|0,13,27,120,11,29,123
[ 29] Received message from  27: 11|0,13,27,120,11,29,43,113,123
[ 29] Sent Broadcast: 11|0,13,27,120,11,29,123
[ 43] Received message from  27: 11|0,13,27,120,11,29,43,113,123
[146] Received message from 123: 11|0,13,27,120,11,29,123,146
[113] Received message from  27: 11|0,13,27,120,11,29,43,113,123
[123] Sent Broadcast: 11|0,13,27,120,11,29,123,146
[118] Received message from 146: 11|0,13,27,120,11,29,123,146,118
[123] Received message from  27: 11|0,13,27,120,11,29,43,113,123
[146] Sent Broadcast: 11|0,13,27,120,11,29,123,146,118
[ 27] Sent Broadcast: 11|0,13,27,120,11,29,43,113,123
[143] Received message from 113: 11|0,13,27,120,11,29,43,113,123,143
[113] Sent Broadcast: 11|0,13,27,120,11,29,43,113,123,143
[143] Received message from  43: 11|0,13,27,120,11,29,43,113,123,143
[ 43] Sent Broadcast: 11|0,13,27,120,11,29,43,113,123,143
[108] Received message from 118: 11|0,13,27,120,11,29,123,146,118,108
[118] Sent Broadcast: 11|0,13,27,120,11,29,123,146,118,108
[ 26] Received message from 108: 11|0,13,27,120,11,29,123,146,118,108,26,30
[ 30] Received message from 108: 11|0,13,27,120,11,29,123,146,118,108,26,30
[108] Sent Broadcast: 11|0,13,27,120,11,29,123,146,118,108,26,30
[101] Received message from  26: 11|0,13,27,120,11,29,123,146,118,108,26,30,101
[ 26] Sent Broadcast: 11|0,13,27,120,11,29,123,146,118,108,26,30,101
[101] Received message from  30: 11|0,13,27,120,11,29,123,146,118,108,26,30,101
[ 30] Sent Broadcast: 11|0,13,27,120,11,29,123,146,118,108,26,30,101
[ 25] Received message from  18: 18|0,25,70,72,79
[ 70] Received message from  18: 18|0,25,70,72,79
[ 72] Received message from  18: 18|0,25,70,72,79
[ 85] Received message from  70: 18|0,25,70,72,79,18,85
[ 70] Sent Broadcast: 18|0,25,70,72,79,18,85
[ 79] Received message from  18: 18|0,25,70,72,79
[ 18] Sent Broadcast: 18|0,25,70,72,79
[ 85] Received message from  79: 18|0,25,70,72,79,18,85
[ 79] Sent Broadcast: 18|0,25,70,72,79,18,85
[ 75] Received message from  22: 22|0,75
[ 22] Sent Broadcast: 22|0,75
[ 66] Received message from  75: 22|0,75,22,66
[ 75] Sent Broadcast: 22|0,75,22,66
[ 31] Received message from  28: 28|0,31,89,106
[ 89] Received message from  28: 28|0,31,89,106
[106] Received message from  28: 28|0,31,89,106
[ 28] Sent Broadcast: 28|0,31,89,106
[105] Received message from  32: 32|0,105,142,148
[142] Received message from  32: 32|0,105,142,148
[144] Received message from 105: 32|0,105,142,148,32,144
[105] Sent Broadcast: 32|0,105,142,148,32,144
[148] Received message from  32: 32|0,105,142,148
[ 32] Sent Broadcast: 32|0,105,142,148
[144] Received message from 148: 32|0,105,142,148,32,144
[148] Sent Broadcast: 32|0,105,142,148,32,144
[ 57] Received message from  33: 33|0,57
[ 33] Sent Broadcast: 33|0,57
[104] Received message from  35: 35|0,104,147
[147] Received message from  35: 35|0,104,147
[ 35] Sent Broadcast: 35|0,104,147
[ 41] Received message from 104: 35|0,104,147,35,41
[104] Sent Broadcast: 35|0,104,147,35,41
[ 41] Received message from 147: 35|0,104,147,35,41
[147] Sent Broadcast: 35|0,104,147,35,41
[ 44] Received message from  37: 37|0,44,81
[ 81] Received message from  37: 37|0,44,81
[ 37] Sent Broadcast: 37|0,44,81
[ 88] Received message from  46: 46|0,88
[ 46] Sent Broadcast: 46|0,88
[130] Received message from  88: 46|0,88,46,130
[ 88] Sent Broadcast: 46|0,88,46,130
[124] Received message from 130: 46|0,88,46,130,124
[130] Sent Broadcast: 46|0,88,46,130,124
[ 62] Received message from  53: 53|0,62,115
[115] Received message from  53: 53|0,62,115
[ 53] Sent Broadcast: 53|0,62,115
[ 73] Received message from  63: 63|0,73
[ 63] Sent Broadcast: 63|0,73
[114] Received message from  95: 95|0,114
[ 95] Sent Broadcast: 95|0,114
