[ 47] Received message from   1: 1|0,47,56,64,113,114
[ 56] Received message from   1: 1|0,47,56,64,113,114
[ 60] Received message from  47: 1|0,47,56,64,113,114,1,60,86,109,138
[ 64] Received message from   1: 1|0,47,56,64,113,114
[ 86] Received message from  47: 1|0,47,56,64,113,114,1,60,86,109,138
[ 61] Received message from  60: 1|0,47,56,64,113,114,1,60,86,109,138,61
[102] Received message from  64: 1|0,47,56,64,113,114,1,102
[113] Received message from   1: 1|0,47,56,64,113,114
[ 60] Sent Broadcast: 1|0,47,56,64,113,114,1,60,86,109,138,61
[ 64] Sent Broadcast: 1|0,47,56,64,113,114,1,102
[102] Received message from  56: 1|0,47,56,64,113,114,1,102
[109] Received message from  47: 1|0,47,56,64,113,114,1,60,86,109,138
[ 67] Received message from  61: 1|0,47,56,64,113,114,1,60,86,109,138,61,67
[ 56] Sent Broadcast: 1|0,47,56,64,113,114,1,102
[149] Received message from 113: 1|0,47,56,64,113,114,1,149,150
[114] Received message from   1: 1|0,47,56,64,113,114
[ 61] Received message from 109: 1|0,47,56,64,113,114,1,60,86,109,138,61
[138] Received message from  47: 1|0,47,56,64,113,114,1,60,86,109,138
[ 61] Sent Broadcast: 1|0,47,56,64,113,114,1,60,86,109,138,61,67
[  1] Sent Broadcast: 1|0,47,56,64,113,114
[109] Sent Broadcast: 1|0,47,56,64,113,114,1,60,86,109,138,61
[ 69] Received message from 149: 1|0,47,56,64,113,114,1,149,150,69,141
[ 47] Sent Broadcast: 1|0,47,56,64,113,114,1,60,86,109,138
[141] Received message from 149: 1|0,47,56,64,113,114,1,149,150,69,141
[150] Received message from 113: 1|0,47,56,64,113,114,1,149,150
[ 83] Received message from 138: 1|0,47,56,64,113,114,1,60,86,109,138,83
[ 51] Received message from  69: 1|0,47,56,64,113,114,1,149,150,69,141,51
[149] Sent Broadcast: 1|0,47,56,64,113,114,1,149,150,69,141
[ 69] Sent Broadcast: 1|0,47,56,64,113,114,1,149,150,69,141,51
[113] Sent Broadcast: 1|0,47,56,64,113,114,1,149,150
[138] Sent Broadcast: 1|0,47,56,64,113,114,1,60,86,109,138,83
[ 37] Received message from  83: 1|0,47,56,64,113,114,1,60,86,109,138,83,37
[ 83] Sent Broadcast: 1|0,47,56,64,113,114,1,60,86,109,138,83,37
[141] Received message from 150: 1|0,47,56,64,113,114,1,149,150,141
[150] Sent Broadcast: 1|0,47,56,64,113,114,1,149,150,141
[142] Received message from  51: 1|0,47,56,64,113,114,1,149,150,69,141,51,142
[ 51] Sent Broadcast: 1|0,47,56,64,113,114,1,149,150,69,141,51,142
[ 46] Received message from   2: 2|0,46
[  2] Sent Broadcast: 2|0,46
[ 13] Received message from   3: 3|0,13,39
[ 39] Received message from   3: 3|0,13,39
[101] Received message from  13: 3|0,13,39,3,101,136
[  3] Sent Broadcast: 3|0,13,39
[136] Received message from  13: 3|0,13,39,3,101,136
[ 13] Sent Broadcast: 3|0,13,39,3,101,136
[ 24] Received message from 101: 3|0,13,39,3,101,136,24,41,97,119
[ 14] Received message from  39: 3|0,13,39,3,14
[ 39] Sent Broadcast: 3|0,13,39,3,14
[ 36] Received message from  24: 3|0,13,39,3,101,136,24,41,97,119,36,117,137
[ 41] Received message from 136: 3|0,13,39,3,101,136,41,119
[ 41] Received message from 101: 3|0,13,39,3,101,136,24,41,97,119
[117] Received message from  24: 3|0,13,39,3,101,136,24,41,97,119,36,117,137
[119] Received message from 136: 3|0,13,39,3,101,136,41,119
[137] Received message from  24: 3|0,13,39,3,101,136,24,41,97,119,36,117,137
[ 25] Received message from  36: 3|0,13,39,3,101,136,24,41,97,119,36,117,137,25,131,135
[ 97] Received message from 101: 3|0,13,39,3,101,136,24,41,97,119
[ 24] Sent Broadcast: 3|0,13,39,3,101,136,24,41,97,119,36,117,137
[136] Sent Broadcast: 3|0,13,39,3,101,136,41,119
[130] Received message from  25: 3|0,13,39,3,101,136,24,41,97,119,36,117,137,25,131,135,130
[119] Received message from 101: 3|0,13,39,3,101,136,24,41,97,119
[ 25] Sent Broadcast: 3|0,13,39,3,101,136,24,41,97,119,36,117,137,25,131,135,130
[101] Sent Broadcast: 3|0,13,39,3,101,136,24,41,97,119
[131] Received message from  36: 3|0,13,39,3,101,136,24,41,97,119,36,117,137,25,131,135
[135] Received message from  36: 3|0,13,39,3,101,136,24,41,97,119,36,117,137,25,131,135
[ 36] Sent Broadcast: 3|0,13,39,3,101,136,24,41,97,119,36,117,137,25,131,135
[117] Received message from  97: 3|0,13,39,3,101,136,24,41,97,119,117
[104] Received message from 130: 3|0,13,39,3,101,136,24,41,97,119,36,117,137,25,131,135,130,104
[130] Sent Broadcast: 3|0,13,39,3,101,136,24,41,97,119,36,117,137,25,131,135,130,104
[130] Received message from 131: 3|0,13,39,3,101,136,24,41,97,119,36,117,137,25,131,135,130
[ 97] Sent Broadcast: 3|0,13,39,3,101,136,24,41,97,119,117
[131] Sent Broadcast: 3|0,13,39,3,101,136,24,41,97,119,36,117,137,25,131,135,130
[107] Received message from   4: 4|0,107,148
[148] Received message from   4: 4|0,107,148
[110] Received message from 107: 4|0,107,148,4,110
[107] Sent Broadcast: 4|0,107,148,4,110
[  4] Sent Broadcast: 4|0,107,148
[ 44] Received message from 110: 4|0,107,148,4,110,44,49,52,121
[ 66] Received message from 148: 4|0,107,148,4,66,89
[ 49] Received message from 110: 4|0,107,148,4,110,44,49,52,121
[ 89] Received message from 148: 4|0,107,148,4,66,89
[148] Sent Broadcast: 4|0,107,148,4,66,89
[ 52] Received message from 110: 4|0,107,148,4,110,44,49,52,121
[ 27] Received message from  49: 4|0,107,148,4,110,44,49,52,121,27
[ 40] Received message from  89: 4|0,107,148,4,66,89,40
[ 49] Sent Broadcast: 4|0,107,148,4,110,44,49,52,121,27
[121] Received message from 110: 4|0,107,148,4,110,44,49,52,121
[ 89] Sent Broadcast: 4|0,107,148,4,66,89,40
[110] Sent Broadcast: 4|0,107,148,4,110,44,49,52,121
[  8] Received message from 121: 4|0,107,148,4,110,44,49,52,121,8
[121] Sent Broadcast: 4|0,107,148,4,110,44,49,52,121,8
[ 29] Received message from  40: 4|0,107,148,4,66,89,40,29,45
[  9] Received message from   8: 4|0,107,148,4,110,44,49,52,121,8,9,11,27
[  8] Received message from  27: 4|0,107,148,4,110,44,49,52,121,27,8,100
[ 45] Received message from  40: 4|0,107,148,4,66,89,40,29,45
[ 26] Received message from  29: 4|0,107,148,4,66,89,40,29,45,26,106,111
[ 11] Received message from   8: 4|0,107,148,4,110,44,49,52,121,8,9,11,27
[ 40] Sent Broadcast: 4|0,107,148,4,66,89,40,29,45
[105] Received message from   9: 4|0,107,148,4,110,44,49,52,121,8,9,11,27,105
[  9] Sent Broadcast: 4|0,107,148,4,110,44,49,52,121,8,9,11,27,105
[100] Received message from  27: 4|0,107,148,4,110,44,49,52,121,27,8,100
[106] Received message from  29: 4|0,107,148,4,66,89,40,29,45,26,106,111
[ 27] Sent Broadcast: 4|0,107,148,4,110,44,49,52,121,27,8,100
[ 27] Received message from   8: 4|0,107,148,4,110,44,49,52,121,8,9,11,27
[  8] Sent Broadcast: 4|0,107,148,4,110,44,49,52,121,8,9,11,27
[ 81] Received message from  11: 4|0,107,148,4,110,44,49,52,121,8,9,11,27,81
[ 11] Sent Broadcast: 4|0,107,148,4,110,44,49,52,121,8,9,11,27,81
[ 26] Received message from  45: 4|0,107,148,4,66,89,40,29,45,26,106
[  6] Received message from 105: 4|0,107,148,4,110,44,49,52,121,8,9,11,27,105,6
[105] Sent Broadcast: 4|0,107,148,4,110,44,49,52,121,8,9,11,27,105,6
[111] Received message from  29: 4|0,107,148,4,66,89,40,29,45,26,106,111
[ 82] Received message from 100: 4|0,107,148,4,110,44,49,52,121,27,8,100,82,87
[ 29] Sent Broadcast: 4|0,107,148,4,66,89,40,29,45,26,106,111
[ 75] Received message from   6: 4|0,107,148,4,110,44,49,52,121,8,9,11,27,105,6,75
[ 57] Received message from  81: 4|0,107,148,4,110,44,49,52,121,8,9,11,27,81,57,82
[106] Received message from  45: 4|0,107,148,4,66,89,40,29,45,26,106
[  6] Sent Broadcast: 4|0,107,148,4,110,44,49,52,121,8,9,11,27,105,6,75
[ 45] Sent Broadcast: 4|0,107,148,4,66,89,40,29,45,26,106
[ 87] Received message from 100: 4|0,107,148,4,110,44,49,52,121,27,8,100,82,87
[ 31] Received message from  82: 4|0,107,148,4,110,44,49,52,121,27,8,100,82,87,31,53,81
[100] Sent Broadcast: 4|0,107,148,4,110,44,49,52,121,27,8,100,82,87
[ 82] Received message from  81: 4|0,107,148,4,110,44,49,52,121,8,9,11,27,81,57,82
[ 81] Sent Broadcast: 4|0,107,148,4,110,44,49,52,121,8,9,11,27,81,57,82
[ 31] Received message from  57: 4|0,107,148,4,110,44,49,52,121,8,9,11,27,81,57,82,31,55,77
[ 57] Received message from  31: 4|0,107,148,4,110,44,49,52,121,27,8,100,82,87,31,53,81,57,77
[ 53] Received message from  82: 4|0,107,148,4,110,44,49,52,121,27,8,100,82,87,31,53,81
[ 53] Received message from  87: 4|0,107,148,4,110,44,49,52,121,27,8,100,82,87,53,146
[ 77] Received message from  31: 4|0,107,148,4,110,44,49,52,121,27,8,100,82,87,31,53,81,57,77
[ 31] Sent Broadcast: 4|0,107,148,4,110,44,49,52,121,27,8,100,82,87,31,53,81,57,77
[ 55] Received message from  57: 4|0,107,148,4,110,44,49,52,121,8,9,11,27,81,57,82,31,55,77
[ 81] Received message from  82: 4|0,107,148,4,110,44,49,52,121,27,8,100,82,87,31,53,81
[ 82] Sent Broadcast: 4|0,107,148,4,110,44,49,52,121,27,8,100,82,87,31,53,81
[146] Received message from  87: 4|0,107,148,4,110,44,49,52,121,27,8,100,82,87,53,146
[ 87] Sent Broadcast: 4|0,107,148,4,110,44,49,52,121,27,8,100,82,87,53,146
[ 58] Received message from  55: 4|0,107,148,4,110,44,49,52,121,8,9,11,27,81,57,82,31,55,77,58
[ 77] Received message from  57: 4|0,107,148,4,110,44,49,52,121,8,9,11,27,81,57,82,31,55,77
[ 55] Sent Broadcast: 4|0,107,148,4,110,44,49,52,121,8,9,11,27,81,57,82,31,55,77,58
[ 57] Sent Broadcast: 4|0,107,148,4,110,44,49,52,121,8,9,11,27,81,57,82,31,55,77
[ 94] Received message from  58: 4|0,107,148,4,110,44,49,52,121,8,9,11,27,81,57,82,31,55,77,58,94,108,132
[108] Received message from  58: 4|0,107,148,4,110,44,49,52,121,8,9,11,27,81,57,82,31,55,77,58,94,108,132
[ 10] Received message from  94: 4|0,107,148,4,110,44,49,52,121,8,9,11,27,81,57,82,31,55,77,58,94,108,132,10
[ 94] Sent Broadcast: 4|0,107,148,4,110,44,49,52,121,8,9,11,27,81,57,82,31,55,77,58,94,108,132,10
[132] Received message from  58: 4|0,107,148,4,110,44,49,52,121,8,9,11,27,81,57,82,31,55,77,58,94,108,132
[ 58] Sent Broadcast: 4|0,107,148,4,110,44,49,52,121,8,9,11,27,81,57,82,31,55,77,58,94,108,132
[ 22] Received message from  10: 4|0,107,148,4,110,44,49,52,121,8,9,11,27,81,57,82,31,55,77,58,94,108,132,10,22,123
[ 10] Received message from 108: 4|0,107,148,4,110,44,49,52,121,8,9,11,27,81,57,82,31,55,77,58,94,108,132,10
[108] Sent Broadcast: 4|0,107,148,4,110,44,49,52,121,8,9,11,27,81,57,82,31,55,77,58,94,108,132,10
[123] Received message from  10: 4|0,107,148,4,110,44,49,52,121,8,9,11,27,81,57,82,31,55,77,58,94,108,132,10,22,123
[ 10] Sent Broadcast: 4|0,107,148,4,110,44,49,52,121,8,9,11,27,81,57,82,31,55,77,58,94,108,132,10,22,123
[ 71] Received message from   5: 5|0,71,122,133
[122] Received message from   5: 5|0,71,122,133
[ 50] Received message from  71: 5|0,71,122,133,5,50,76,78
[115] Received message from 122: 5|0,71,122,133,5,115
[122] Sent Broadcast: 5|0,71,122,133,5,115
[133] Received message from   5: 5|0,71,122,133
[ 76] Received message from  71: 5|0,71,122,133,5,50,76,78
[  5] Sent Broadcast: 5|0,71,122,133
[ 19] Received message from 115: 5|0,71,122,133,5,115,19,80,84,112
[ 62] Received message from  76: 5|0,71,122,133,5,50,76,78,62,145
[ 78] Received message from  71: 5|0,71,122,133,5,50,76,78
[ 71] Sent Broadcast: 5|0,71,122,133,5,50,76,78
[ 98] Received message from  78: 5|0,71,122,133,5,50,76,78,98,120
[ 80] Received message from 115: 5|0,71,122,133,5,115,19,80,84,112
[145] Received message from  76: 5|0,71,122,133,5,50,76,78,62,145
[ 76] Sent Broadcast: 5|0,71,122,133,5,50,76,78,62,145
[120] Received message from  78: 5|0,71,122,133,5,50,76,78,98,120
[ 78] Sent Broadcast: 5|0,71,122,133,5,50,76,78,98,120
[ 84] Received message from 115: 5|0,71,122,133,5,115,19,80,84,112
[129] Received message from 145: 5|0,71,122,133,5,50,76,78,62,145,129
[145] Sent Broadcast: 5|0,71,122,133,5,50,76,78,62,145,129
[ 93] Received message from  19: 5|0,71,122,133,5,115,19,80,84,112,93
[124] Received message from  62: 5|0,71,122,133,5,50,76,78,62,145,124
[ 19] Sent Broadcast: 5|0,71,122,133,5,115,19,80,84,112,93
[ 62] Sent Broadcast: 5|0,71,122,133,5,50,76,78,62,145,124
[112] Received message from 115: 5|0,71,122,133,5,115,19,80,84,112
[ 93] Received message from  80: 5|0,71,122,133,5,115,19,80,84,112,93
[ 80] Sent Broadcast: 5|0,71,122,133,5,115,19,80,84,112,93
[115] Sent Broadcast: 5|0,71,122,133,5,115,19,80,84,112
[ 59] Received message from 129: 5|0,71,122,133,5,50,76,78,62,145,129,59,124,125
[124] Received message from 129: 5|0,71,122,133,5,50,76,78,62,145,129,59,124,125
[  7] Received message from 124: 5|0,71,122,133,5,50,76,78,62,145,124,7,72,125,129
[ 93] Received message from 112: 5|0,71,122,133,5,115,19,80,84,112,93
[ 72] Received message from 124: 5|0,71,122,133,5,50,76,78,62,145,124,7,72,125,129
[112] Sent Broadcast: 5|0,71,122,133,5,115,19,80,84,112,93
[ 17] Received message from  59: 5|0,71,122,133,5,50,76,78,62,145,129,59,124,125,17,70,85,143
[125] Received message from 129: 5|0,71,122,133,5,50,76,78,62,145,129,59,124,125
[129] Sent Broadcast: 5|0,71,122,133,5,50,76,78,62,145,129,59,124,125
[ 68] Received message from   7: 5|0,71,122,133,5,50,76,78,62,145,124,7,72,125,129,68,91,118,147
[ 70] Received message from  59: 5|0,71,122,133,5,50,76,78,62,145,129,59,124,125,17,70,85,143
[ 72] Received message from 125: 5|0,71,122,133,5,50,76,78,62,145,129,59,124,125,72
[125] Sent Broadcast: 5|0,71,122,133,5,50,76,78,62,145,129,59,124,125,72
[ 85] Received message from  59: 5|0,71,122,133,5,50,76,78,62,145,129,59,124,125,17,70,85,143
[ 23] Received message from  70: 5|0,71,122,133,5,50,76,78,62,145,129,59,124,125,17,70,85,143,23
[ 20] Received message from  17: 5|0,71,122,133,5,50,76,78,62,145,129,59,124,125,17,70,85,143,20
[ 17] Sent Broadcast: 5|0,71,122,133,5,50,76,78,62,145,129,59,124,125,17,70,85,143,20
[ 70] Sent Broadcast: 5|0,71,122,133,5,50,76,78,62,145,129,59,124,125,17,70,85,143,23
[125] Received message from 124: 5|0,71,122,133,5,50,76,78,62,145,124,7,72,125,129
[ 23] Received message from  85: 5|0,71,122,133,5,50,76,78,62,145,129,59,124,125,17,70,85,143,23,63
[ 91] Received message from  72: 5|0,71,122,133,5,50,76,78,62,145,124,7,72,125,129,91,147
[143] Received message from  59: 5|0,71,122,133,5,50,76,78,62,145,129,59,124,125,17,70,85,143
[ 28] Received message from  23: 5|0,71,122,133,5,50,76,78,62,145,129,59,124,125,17,70,85,143,23,28,63
[129] Received message from 124: 5|0,71,122,133,5,50,76,78,62,145,124,7,72,125,129
[ 59] Sent Broadcast: 5|0,71,122,133,5,50,76,78,62,145,129,59,124,125,17,70,85,143
[ 91] Received message from   7: 5|0,71,122,133,5,50,76,78,62,145,124,7,72,125,129,68,91,118,147
[124] Sent Broadcast: 5|0,71,122,133,5,50,76,78,62,145,124,7,72,125,129
[ 68] Received message from  91: 5|0,71,122,133,5,50,76,78,62,145,124,7,72,125,129,91,147,68,118
[118] Received message from   7: 5|0,71,122,133,5,50,76,78,62,145,124,7,72,125,129,68,91,118,147
[ 38] Received message from  28: 5|0,71,122,133,5,50,76,78,62,145,129,59,124,125,17,70,85,143,23,28,63,38
[ 63] Received message from  85: 5|0,71,122,133,5,50,76,78,62,145,129,59,124,125,17,70,85,143,23,63
[ 28] Sent Broadcast: 5|0,71,122,133,5,50,76,78,62,145,129,59,124,125,17,70,85,143,23,28,63,38
[147] Received message from  72: 5|0,71,122,133,5,50,76,78,62,145,124,7,72,125,129,91,147
[ 72] Sent Broadcast: 5|0,71,122,133,5,50,76,78,62,145,124,7,72,125,129,91,147
[ 63] Received message from  23: 5|0,71,122,133,5,50,76,78,62,145,129,59,124,125,17,70,85,143,23,28,63
[147] Received message from   7: 5|0,71,122,133,5,50,76,78,62,145,124,7,72,125,129,68,91,118,147
[ 85] Sent Broadcast: 5|0,71,122,133,5,50,76,78,62,145,129,59,124,125,17,70,85,143,23,63
[118] Received message from  91: 5|0,71,122,133,5,50,76,78,62,145,124,7,72,125,129,91,147,68,118
[ 23] Sent Broadcast: 5|0,71,122,133,5,50,76,78,62,145,129,59,124,125,17,70,85,143,23,28,63
[  7] Sent Broadcast: 5|0,71,122,133,5,50,76,78,62,145,124,7,72,125,129,68,91,118,147
[ 91] Sent Broadcast: 5|0,71,122,133,5,50,76,78,62,145,124,7,72,125,129,91,147,68,118
[ 68] Received message from 147: 5|0,71,122,133,5,50,76,78,62,145,124,7,72,125,129,91,147,68,118
[118] Received message from 147: 5|0,71,122,133,5,50,76,78,62,145,124,7,72,125,129,91,147,68,118
[147] Sent Broadcast: 5|0,71,122,133,5,50,76,78,62,145,124,7,72,125,129,91,147,68,118
[103] Received message from  38: 5|0,71,122,133,5,50,76,78,62,145,129,59,124,125,17,70,85,143,23,28,63,38,103
[ 38] Sent Broadcast: 5|0,71,122,133,5,50,76,78,62,145,129,59,124,125,17,70,85,143,23,28,63,38,103
[ 43] Received message from 103: 5|0,71,122,133,5,50,76,78,62,145,129,59,124,125,17,70,85,143,23,28,63,38,103,43,88
[ 88] Received message from 103: 5|0,71,122,133,5,50,76,78,62,145,129,59,124,125,17,70,85,143,23,28,63,38,103,43,88
[103] Sent Broadcast: 5|0,71,122,133,5,50,76,78,62,145,129,59,124,125,17,70,85,143,23,28,63,38,103,43,88
[ 95] Received message from  12: 12|0,95,126
[126] Received message from  12: 12|0,95,126
[ 12] Sent Broadcast: 12|0,95,126
[140] Received message from  95: 12|0,95,126,12,140
[ 95] Sent Broadcast: 12|0,95,126,12,140
[140] Received message from 126: 12|0,95,126,12,140
[126] Sent Broadcast: 12|0,95,126,12,140
[ 96] Received message from  15: 15|0,96,99
[ 99] Received message from  15: 15|0,96,99
[ 15] Sent Broadcast: 15|0,96,99
[128] Received message from  16: 16|0,128
[ 16] Sent Broadcast: 16|0,128
[ 65] Received message from 128: 16|0,128,16,65
[128] Sent Broadcast: 16|0,128,16,65
[ 30] Received message from  65: 16|0,128,16,65,30,134
[134] Received message from  65: 16|0,128,16,65,30,134
[ 65] Sent Broadcast: 16|0,128,16,65,30,134
[ 90] Received message from  18: 18|0,90
[ 18] Sent Broadcast: 18|0,90
[ 73] Received message from  21: 21|0,73,139
[139] Received message from  21: 21|0,73,139
[ 21] Sent Broadcast: 21|0,73,139
[ 34] Received message from 139: 21|0,73,139,21,34,116
[116] Received message from 139: 21|0,73,139,21,34,116
[139] Sent Broadcast: 21|0,73,139,21,34,116
[ 35] Received message from 116: 21|0,73,139,21,34,116,35
[116] Sent Broadcast: 21|0,73,139,21,34,116,35
[ 33] Received message from  32: 32|0,33,74
[ 74] Received message from  32: 32|0,33,74
[ 32] Sent Broadcast: 32|0,33,74
[ 79] Received message from  42: 42|0,79,144
[144] Received message from  42: 42|0,79,144
[ 42] Sent Broadcast: 42|0,79,144
[ 54] Received message from  48: 48|0,54
[ 48] Sent Broadcast: 48|0,54
[127] Received message from  92: 92|0,127
[ 92] Sent Broadcast: 92|0,127
