[ 90] Received message from   1: 1|0,90
[  1] Sent Broadcast: 1|0,90
[ 41] Received message from  90: 1|0,90,1,41
[ 90] Sent Broadcast: 1|0,90,1,41
[ 54] Received message from  41: 1|0,90,1,41,54
[ 41] Sent Broadcast: 1|0,90,1,41,54
[ 63] Received message from  54: 1|0,90,1,41,54,63,126,128,145
[ 47] Received message from  63: 1|0,90,1,41,54,63,126,128,145,47
[126] Received message from  54: 1|0,90,1,41,54,63,126,128,145
[ 63] Sent Broadcast: 1|0,90,1,41,54,63,126,128,145,47
[128] Received message from  54: 1|0,90,1,41,54,63,126,128,145
[ 57] Received message from  47: 1|0,90,1,41,54,63,126,128,145,47,57,91,122,147
[ 25] Received message from 128: 1|0,90,1,41,54,63,126,128,145,25,76
[145] Received message from  54: 1|0,90,1,41,54,63,126,128,145
[ 54] Sent Broadcast: 1|0,90,1,41,54,63,126,128,145
[ 76] Received message from 128: 1|0,90,1,41,54,63,126,128,145,25,76
[ 91] Received message from  47: 1|0,90,1,41,54,63,126,128,145,47,57,91,122,147
[ 88] Received message from  25: 1|0,90,1,41,54,63,126,128,145,25,76,88
[128] Sent Broadcast: 1|0,90,1,41,54,63,126,128,145,25,76
[ 25] Sent Broadcast: 1|0,90,1,41,54,63,126,128,145,25,76,88
[ 47] Received message from 145: 1|0,90,1,41,54,63,126,128,145,47
[145] Sent Broadcast: 1|0,90,1,41,54,63,126,128,145,47
[122] Received message from  47: 1|0,90,1,41,54,63,126,128,145,47,57,91,122,147
[ 81] Received message from  88: 1|0,90,1,41,54,63,126,128,145,25,76,88,81,144,147
[147] Received message from  47: 1|0,90,1,41,54,63,126,128,145,47,57,91,122,147
[ 47] Sent Broadcast: 1|0,90,1,41,54,63,126,128,145,47,57,91,122,147
[144] Received message from  88: 1|0,90,1,41,54,63,126,128,145,25,76,88,81,144,147
[ 81] Received message from 147: 1|0,90,1,41,54,63,126,128,145,47,57,91,122,147,81,88
[147] Received message from  88: 1|0,90,1,41,54,63,126,128,145,25,76,88,81,144,147
[ 88] Sent Broadcast: 1|0,90,1,41,54,63,126,128,145,25,76,88,81,144,147
[ 28] Received message from 144: 1|0,90,1,41,54,63,126,128,145,25,76,88,81,144,147,28,105
[ 88] Received message from 147: 1|0,90,1,41,54,63,126,128,145,47,57,91,122,147,81,88
[147] Sent Broadcast: 1|0,90,1,41,54,63,126,128,145,47,57,91,122,147,81,88
[140] Received message from  28: 1|0,90,1,41,54,63,126,128,145,25,76,88,81,144,147,28,105,140
[105] Received message from 144: 1|0,90,1,41,54,63,126,128,145,25,76,88,81,144,147,28,105
[ 28] Sent Broadcast: 1|0,90,1,41,54,63,126,128,145,25,76,88,81,144,147,28,105,140
[144] Sent Broadcast: 1|0,90,1,41,54,63,126,128,145,25,76,88,81,144,147,28,105
[ 31] Received message from 140: 1|0,90,1,41,54,63,126,128,145,25,76,88,81,144,147,28,105,140,31
[140] Received message from 105: 1|0,90,1,41,54,63,126,128,145,25,76,88,81,144,147,28,105,140
[140] Sent Broadcast: 1|0,90,1,41,54,63,126,128,145,25,76,88,81,144,147,28,105,140,31
[105] Sent Broadcast: 1|0,90,1,41,54,63,126,128,145,25,76,88,81,144,147,28,105,140
[ 16] Received message from  31: 1|0,90,1,41,54,63,126,128,145,25,76,88,81,144,147,28,105,140,31,16
[ 31] Sent Broadcast: 1|0,90,1,41,54,63,126,128,145,25,76,88,81,144,147,28,105,140,31,16
[137] Received message from  16: 1|0,90,1,41,54,63,126,128,145,25,76,88,81,144,147,28,105,140,31,16,137
[ 16] Sent Broadcast: 1|0,90,1,41,54,63,126,128,145,25,76,88,81,144,147,28,105,140,31,16,137
[ 96] Received message from 137: 1|0,90,1,41,54,63,126,128,145,25,76,88,81,144,147,28,105,140,31,16,137,96,119
[119] Received message from 137: 1|0,90,1,41,54,63,126,128,145,25,76,88,81,144,147,28,105,140,31,16,137,96,119
[137] Sent Broadcast: 1|0,90,1,41,54,63,126,128,145,25,76,88,81,144,147,28,105,140,31,16,137,96,119
[ 43] Received message from   2: 2|0,43,53,120
[ 53] Received message from   2: 2|0,43,53,120
[120] Received message from   2: 2|0,43,53,120
[  2] Sent Broadcast: 2|0,43,53,120
[ 40] Received message from  53: 2|0,43,53,120,2,40,68
[ 68] Received message from  53: 2|0,43,53,120,2,40,68
[ 65] Received message from  40: 2|0,43,53,120,2,40,68,65,89,107,150
[ 53] Sent Broadcast: 2|0,43,53,120,2,40,68
[ 89] Received message from  40: 2|0,43,53,120,2,40,68,65,89,107,150
[ 65] Received message from  68: 2|0,43,53,120,2,40,68,65,89,150
[ 89] Received message from  68: 2|0,43,53,120,2,40,68,65,89,150
[107] Received message from  40: 2|0,43,53,120,2,40,68,65,89,107,150
[150] Received message from  68: 2|0,43,53,120,2,40,68,65,89,150
[116] Received message from 107: 2|0,43,53,120,2,40,68,65,89,107,150,116,127
[150] Received message from  40: 2|0,43,53,120,2,40,68,65,89,107,150
[ 68] Sent Broadcast: 2|0,43,53,120,2,40,68,65,89,150
[ 40] Sent Broadcast: 2|0,43,53,120,2,40,68,65,89,107,150
[107] Received message from 150: 2|0,43,53,120,2,40,68,65,89,150,107
[127] Received message from 107: 2|0,43,53,120,2,40,68,65,89,107,150,116,127
[150] Sent Broadcast: 2|0,43,53,120,2,40,68,65,89,150,107
[107] Sent Broadcast: 2|0,43,53,120,2,40,68,65,89,107,150,116,127
[ 77] Received message from 116: 2|0,43,53,120,2,40,68,65,89,107,150,116,127,77,121
[ 38] Received message from 127: 2|0,43,53,120,2,40,68,65,89,107,150,116,127,38,49
[121] Received message from 116: 2|0,43,53,120,2,40,68,65,89,107,150,116,127,77,121
[ 49] Received message from 127: 2|0,43,53,120,2,40,68,65,89,107,150,116,127,38,49
[116] Sent Broadcast: 2|0,43,53,120,2,40,68,65,89,107,150,116,127,77,121
[127] Sent Broadcast: 2|0,43,53,120,2,40,68,65,89,107,150,116,127,38,49
[ 87] Received message from  38: 2|0,43,53,120,2,40,68,65,89,107,150,116,127,38,49,87
[ 87] Received message from  49: 2|0,43,53,120,2,40,68,65,89,107,150,116,127,38,49,87
[ 38] Sent Broadcast: 2|0,43,53,120,2,40,68,65,89,107,150,116,127,38,49,87
[ 49] Sent Broadcast: 2|0,43,53,120,2,40,68,65,89,107,150,116,127,38,49,87
[ 15] Received message from   3: 3|0,15,61,71,111,139
[ 61] Received message from   3: 3|0,15,61,71,111,139
[ 71] Received message from   3: 3|0,15,61,71,111,139
[111] Received message from   3: 3|0,15,61,71,111,139
[139] Received message from   3: 3|0,15,61,71,111,139
[  3] Sent Broadcast: 3|0,15,61,71,111,139
[ 30] Received message from   4: 4|0,30,58,117,136
[ 58] Received message from   4: 4|0,30,58,117,136
[117] Received message from   4: 4|0,30,58,117,136
[ 35] Received message from  58: 4|0,30,58,117,136,4,35,148
[136] Received message from   4: 4|0,30,58,117,136
[  4] Sent Broadcast: 4|0,30,58,117,136
[148] Received message from  58: 4|0,30,58,117,136,4,35,148
[ 35] Received message from 117: 4|0,30,58,117,136,4,35,148
[ 58] Sent Broadcast: 4|0,30,58,117,136,4,35,148
[  7] Received message from  35: 4|0,30,58,117,136,4,35,148,7
[ 35] Sent Broadcast: 4|0,30,58,117,136,4,35,148,7
[148] Received message from 117: 4|0,30,58,117,136,4,35,148
[ 37] Received message from 136: 4|0,30,58,117,136,4,37
[146] Received message from 148: 4|0,30,58,117,136,4,35,148,146
[117] Sent Broadcast: 4|0,30,58,117,136,4,35,148
[136] Sent Broadcast: 4|0,30,58,117,136,4,37
[148] Sent Broadcast: 4|0,30,58,117,136,4,35,148,146
[ 67] Received message from  37: 4|0,30,58,117,136,4,37,67,131
[ 59] Received message from   7: 4|0,30,58,117,136,4,35,148,7,59
[  7] Sent Broadcast: 4|0,30,58,117,136,4,35,148,7,59
[  8] Received message from  67: 4|0,30,58,117,136,4,37,67,131,8,66,69,114,130,142,143
[131] Received message from  37: 4|0,30,58,117,136,4,37,67,131
[110] Received message from  59: 4|0,30,58,117,136,4,35,148,7,59,110
[ 59] Sent Broadcast: 4|0,30,58,117,136,4,35,148,7,59,110
[ 37] Sent Broadcast: 4|0,30,58,117,136,4,37,67,131
[ 66] Received message from  67: 4|0,30,58,117,136,4,37,67,131,8,66,69,114,130,142,143
[ 11] Received message from   8: 4|0,30,58,117,136,4,37,67,131,8,66,69,114,130,142,143,11
[  8] Sent Broadcast: 4|0,30,58,117,136,4,37,67,131,8,66,69,114,130,142,143,11
[ 66] Received message from 131: 4|0,30,58,117,136,4,37,67,131,66,130,143
[ 69] Received message from  67: 4|0,30,58,117,136,4,37,67,131,8,66,69,114,130,142,143
[ 11] Received message from  66: 4|0,30,58,117,136,4,37,67,131,8,66,69,114,130,142,143,11,75,103
[130] Received message from 131: 4|0,30,58,117,136,4,37,67,131,66,130,143
[ 75] Received message from  11: 4|0,30,58,117,136,4,37,67,131,8,66,69,114,130,142,143,11,75,103
[114] Received message from  67: 4|0,30,58,117,136,4,37,67,131,8,66,69,114,130,142,143
[102] Received message from  69: 4|0,30,58,117,136,4,37,67,131,8,66,69,114,130,142,143,102
[ 75] Received message from  66: 4|0,30,58,117,136,4,37,67,131,8,66,69,114,130,142,143,11,75,103
[  8] Received message from 130: 4|0,30,58,117,136,4,37,67,131,66,130,143,8
[ 69] Sent Broadcast: 4|0,30,58,117,136,4,37,67,131,8,66,69,114,130,142,143,102
[143] Received message from 131: 4|0,30,58,117,136,4,37,67,131,66,130,143
[131] Sent Broadcast: 4|0,30,58,117,136,4,37,67,131,66,130,143
[103] Received message from  11: 4|0,30,58,117,136,4,37,67,131,8,66,69,114,130,142,143,11,75,103
[130] Sent Broadcast: 4|0,30,58,117,136,4,37,67,131,66,130,143,8
[ 92] Received message from  75: 4|0,30,58,117,136,4,37,67,131,8,66,69,114,130,142,143,11,75,103,92
[ 11] Sent Broadcast: 4|0,30,58,117,136,4,37,67,131,8,66,69,114,130,142,143,11,75,103
[130] Received message from  67: 4|0,30,58,117,136,4,37,67,131,8,66,69,114,130,142,143
[ 75] Sent Broadcast: 4|0,30,58,117,136,4,37,67,131,8,66,69,114,130,142,143,11,75,103,92
[103] Received message from  66: 4|0,30,58,117,136,4,37,67,131,8,66,69,114,130,142,143,11,75,103
[102] Received message from 114: 4|0,30,58,117,136,4,37,67,131,8,66,69,114,130,142,143,102
[114] Sent Broadcast: 4|0,30,58,117,136,4,37,67,131,8,66,69,114,130,142,143,102
[ 66] Sent Broadcast: 4|0,30,58,117,136,4,37,67,131,8,66,69,114,130,142,143,11,75,103
[  8] Received message from 143: 4|0,30,58,117,136,4,37,67,131,66,130,143,8,11
[142] Received message from  67: 4|0,30,58,117,136,4,37,67,131,8,66,69,114,130,142,143
[ 18] Received message from  92: 4|0,30,58,117,136,4,37,67,131,8,66,69,114,130,142,143,11,75,103,92,18,60,70
[ 92] Received message from 103: 4|0,30,58,117,136,4,37,67,131,8,66,69,114,130,142,143,11,75,103,92
[ 11] Received message from 143: 4|0,30,58,117,136,4,37,67,131,66,130,143,8,11
[102] Received message from 142: 4|0,30,58,117,136,4,37,67,131,8,66,69,114,130,142,143,102
[103] Sent Broadcast: 4|0,30,58,117,136,4,37,67,131,8,66,69,114,130,142,143,11,75,103,92
[142] Sent Broadcast: 4|0,30,58,117,136,4,37,67,131,8,66,69,114,130,142,143,102
[143] Sent Broadcast: 4|0,30,58,117,136,4,37,67,131,66,130,143,8,11
[143] Received message from  67: 4|0,30,58,117,136,4,37,67,131,8,66,69,114,130,142,143
[ 60] Received message from  92: 4|0,30,58,117,136,4,37,67,131,8,66,69,114,130,142,143,11,75,103,92,18,60,70
[ 67] Sent Broadcast: 4|0,30,58,117,136,4,37,67,131,8,66,69,114,130,142,143
[ 70] Received message from  92: 4|0,30,58,117,136,4,37,67,131,8,66,69,114,130,142,143,11,75,103,92,18,60,70
[ 92] Sent Broadcast: 4|0,30,58,117,136,4,37,67,131,8,66,69,114,130,142,143,11,75,103,92,18,60,70
[ 56] Received message from   5: 5|0,56,78
[ 78] Received message from   5: 5|0,56,78
[  5] Sent Broadcast: 5|0,56,78
[ 42] Received message from  78: 5|0,56,78,5,42
[ 78] Sent Broadcast: 5|0,56,78,5,42
[ 97] Received message from  42: 5|0,56,78,5,42,97
[ 42] Sent Broadcast: 5|0,56,78,5,42,97
[ 42] Received message from  56: 5|0,56,78,5,42
[ 56] Sent Broadcast: 5|0,56,78,5,42
[ 13] Received message from   6: 6|0,13,72,112,125,138
[ 72] Received message from   6: 6|0,13,72,112,125,138
[106] Received message from  13: 6|0,13,72,112,125,138,6,106
[ 13] Sent Broadcast: 6|0,13,72,112,125,138,6,106
[112] Received message from   6: 6|0,13,72,112,125,138
[125] Received message from   6: 6|0,13,72,112,125,138
[ 84] Received message from 112: 6|0,13,72,112,125,138,6,84,106
[138] Received message from   6: 6|0,13,72,112,125,138
[  6] Sent Broadcast: 6|0,13,72,112,125,138
[ 82] Received message from  84: 6|0,13,72,112,125,138,6,84,106,82
[106] Received message from 112: 6|0,13,72,112,125,138,6,84,106
[112] Sent Broadcast: 6|0,13,72,112,125,138,6,84,106
[ 84] Sent Broadcast: 6|0,13,72,112,125,138,6,84,106,82
[ 84] Received message from 138: 6|0,13,72,112,125,138,6,84
[ 83] Received message from  82: 6|0,13,72,112,125,138,6,84,106,82,83
[138] Sent Broadcast: 6|0,13,72,112,125,138,6,84
[ 82] Sent Broadcast: 6|0,13,72,112,125,138,6,84,106,82,83
[ 10] Received message from  83: 6|0,13,72,112,125,138,6,84,106,82,83,10
[ 83] Sent Broadcast: 6|0,13,72,112,125,138,6,84,106,82,83,10
[ 33] Received message from  10: 6|0,13,72,112,125,138,6,84,106,82,83,10,33
[ 10] Sent Broadcast: 6|0,13,72,112,125,138,6,84,106,82,83,10,33
[ 52] Received message from   9: 9|0,52,85,132
[ 85] Received message from   9: 9|0,52,85,132
[132] Received message from   9: 9|0,52,85,132
[  9] Sent Broadcast: 9|0,52,85,132
[141] Received message from  85: 9|0,52,85,132,9,141
[ 85] Sent Broadcast: 9|0,52,85,132,9,141
[ 86] Received message from 132: 9|0,52,85,132,9,86,141
[109] Received message from  52: 9|0,52,85,132,9,109
[ 52] Sent Broadcast: 9|0,52,85,132,9,109
[ 46] Received message from 141: 9|0,52,85,132,9,141,46,86
[141] Received message from 132: 9|0,52,85,132,9,86,141
[132] Sent Broadcast: 9|0,52,85,132,9,86,141
[ 29] Received message from  86: 9|0,52,85,132,9,86,141,29
[ 86] Sent Broadcast: 9|0,52,85,132,9,86,141,29
[ 86] Received message from 141: 9|0,52,85,132,9,141,46,86
[ 93] Received message from 109: 9|0,52,85,132,9,109,93
[141] Sent Broadcast: 9|0,52,85,132,9,141,46,86
[109] Sent Broadcast: 9|0,52,85,132,9,109,93
[ 34] Received message from  29: 9|0,52,85,132,9,86,141,29,34,39,98
[ 39] Received message from  29: 9|0,52,85,132,9,86,141,29,34,39,98
[ 98] Received message from  29: 9|0,52,85,132,9,86,141,29,34,39,98
[ 29] Sent Broadcast: 9|0,52,85,132,9,86,141,29,34,39,98
[ 99] Received message from  39: 9|0,52,85,132,9,86,141,29,34,39,98,99,100
[ 17] Received message from  99: 9|0,52,85,132,9,86,141,29,34,39,98,99,100,17,19
[100] Received message from  39: 9|0,52,85,132,9,86,141,29,34,39,98,99,100
[ 39] Sent Broadcast: 9|0,52,85,132,9,86,141,29,34,39,98,99,100
[ 19] Received message from  99: 9|0,52,85,132,9,86,141,29,34,39,98,99,100,17,19
[ 36] Received message from  17: 9|0,52,85,132,9,86,141,29,34,39,98,99,100,17,19,36
[ 99] Sent Broadcast: 9|0,52,85,132,9,86,141,29,34,39,98,99,100,17,19
[ 17] Sent Broadcast: 9|0,52,85,132,9,86,141,29,34,39,98,99,100,17,19,36
[ 17] Received message from 100: 9|0,52,85,132,9,86,141,29,34,39,98,99,100,17,19
[ 36] Received message from  19: 9|0,52,85,132,9,86,141,29,34,39,98,99,100,17,19,36
[ 19] Sent Broadcast: 9|0,52,85,132,9,86,141,29,34,39,98,99,100,17,19,36
[ 19] Received message from 100: 9|0,52,85,132,9,86,141,29,34,39,98,99,100,17,19
[100] Sent Broadcast: 9|0,52,85,132,9,86,141,29,34,39,98,99,100,17,19
[ 21] Received message from  12: 12|0,21,24,115
[ 24] Received message from  12: 12|0,21,24,115
[ 22] Received message from  21: 12|0,21,24,115,12,22
[ 21] Sent Broadcast: 12|0,21,24,115,12,22
[115] Received message from  12: 12|0,21,24,115
[ 12] Sent Broadcast: 12|0,21,24,115
[ 22] Received message from  24: 12|0,21,24,115,12,22
[ 24] Sent Broadcast: 12|0,21,24,115,12,22
[ 22] Received message from 115: 12|0,21,24,115,12,22
[115] Sent Broadcast: 12|0,21,24,115,12,22
[129] Received message from  14: 14|0,129
[ 14] Sent Broadcast: 14|0,129
[ 26] Received message from  20: 20|0,26,74,134
[ 74] Received message from  20: 20|0,26,74,134
[134] Received message from  20: 20|0,26,74,134
[ 20] Sent Broadcast: 20|0,26,74,134
[ 79] Received message from  23: 23|0,79
[ 23] Sent Broadcast: 23|0,79
[ 51] Received message from  79: 23|0,79,23,51
[ 79] Sent Broadcast: 23|0,79,23,51
[135] Received message from  51: 23|0,79,23,51,135
[ 51] Sent Broadcast: 23|0,79,23,51,135
[ 95] Received message from 135: 23|0,79,23,51,135,95
[135] Sent Broadcast: 23|0,79,23,51,135,95
[ 32] Received message from  27: 27|0,32,44,48,55,101,149
[ 44] Received message from  27: 27|0,32,44,48,55,101,149
[108] Received message from  32: 27|0,32,44,48,55,101,149,27,108
[ 32] Sent Broadcast: 27|0,32,44,48,55,101,149,27,108
[ 48] Received message from  27: 27|0,32,44,48,55,101,149
[104] Received message from  44: 27|0,32,44,48,55,101,149,27,104,123,124
[ 55] Received message from  27: 27|0,32,44,48,55,101,149
[113] Received message from 104: 27|0,32,44,48,55,101,149,27,104,123,124,113
[123] Received message from  44: 27|0,32,44,48,55,101,149,27,104,123,124
[104] Sent Broadcast: 27|0,32,44,48,55,101,149,27,104,123,124,113
[101] Received message from  27: 27|0,32,44,48,55,101,149
[123] Received message from  55: 27|0,32,44,48,55,101,149,27,123,124
[124] Received message from  44: 27|0,32,44,48,55,101,149,27,104,123,124
[ 44] Sent Broadcast: 27|0,32,44,48,55,101,149,27,104,123,124
[118] Received message from 113: 27|0,32,44,48,55,101,149,27,104,123,124,113,118
[149] Received message from  27: 27|0,32,44,48,55,101,149
[113] Sent Broadcast: 27|0,32,44,48,55,101,149,27,104,123,124,113,118
[ 27] Sent Broadcast: 27|0,32,44,48,55,101,149
[124] Received message from  55: 27|0,32,44,48,55,101,149,27,123,124
[ 55] Sent Broadcast: 27|0,32,44,48,55,101,149,27,123,124
[108] Received message from 101: 27|0,32,44,48,55,101,149,27,108
[101] Sent Broadcast: 27|0,32,44,48,55,101,149,27,108
[123] Received message from 149: 27|0,32,44,48,55,101,149,27,123,124
[124] Received message from 149: 27|0,32,44,48,55,101,149,27,123,124
[149] Sent Broadcast: 27|0,32,44,48,55,101,149,27,123,124
[ 50] Received message from  45: 45|0,50,133
[133] Received message from  45: 45|0,50,133
[ 45] Sent Broadcast: 45|0,50,133
[ 94] Received message from  50: 45|0,50,133,45,94
[ 50] Sent Broadcast: 45|0,50,133,45,94
[ 80] Received message from  62: 62|0,80
[ 62] Sent Broadcast: 62|0,80
[ 73] Received message from  64: 64|0,73
[ 64] Sent Broadcast: 64|0,73
