[ 60] Received message from   1: 1|0,60,71,101,140
[ 16] Received message from  60: 1|0,60,71,101,140,1,16,87
[ 71] Received message from   1: 1|0,60,71,101,140
[ 39] Received message from  16: 1|0,60,71,101,140,1,16,87,39
[105] Received message from  71: 1|0,60,71,101,140,1,105
[ 87] Received message from  60: 1|0,60,71,101,140,1,16,87
[ 60] Sent Broadcast: 1|0,60,71,101,140,1,16,87
[ 16] Sent Broadcast: 1|0,60,71,101,140,1,16,87,39
[ 71] Sent Broadcast: 1|0,60,71,101,140,1,105
[101] Received message from   1: 1|0,60,71,101,140
[ 19] Received message from  39: 1|0,60,71,101,140,1,16,87,39,19
[140] Received message from   1: 1|0,60,71,101,140
[ 85] Received message from 105: 1|0,60,71,101,140,1,105,85,100,148
[ 39] Received message from  87: 1|0,60,71,101,140,1,16,87,39
[ 39] Sent Broadcast: 1|0,60,71,101,140,1,16,87,39,19
[ 16] Received message from 101: 1|0,60,71,101,140,1,16,87
[  1] Sent Broadcast: 1|0,60,71,101,140
[ 87] Sent Broadcast: 1|0,60,71,101,140,1,16,87,39
[ 87] Received message from 140: 1|0,60,71,101,140,1,87,105,148
[ 47] Received message from  19: 1|0,60,71,101,140,1,16,87,39,19,47
[ 27] Received message from  85: 1|0,60,71,101,140,1,105,85,100,148,27
[100] Received message from 105: 1|0,60,71,101,140,1,105,85,100,148
[ 87] Received message from 101: 1|0,60,71,101,140,1,16,87
[ 19] Sent Broadcast: 1|0,60,71,101,140,1,16,87,39,19,47
[101] Sent Broadcast: 1|0,60,71,101,140,1,16,87
[ 85] Sent Broadcast: 1|0,60,71,101,140,1,105,85,100,148,27
[105] Received message from 140: 1|0,60,71,101,140,1,87,105,148
[ 14] Received message from  47: 1|0,60,71,101,140,1,16,87,39,19,47,14
[ 10] Received message from  27: 1|0,60,71,101,140,1,105,85,100,148,27,10,30
[148] Received message from 140: 1|0,60,71,101,140,1,87,105,148
[ 47] Sent Broadcast: 1|0,60,71,101,140,1,16,87,39,19,47,14
[ 10] Received message from 100: 1|0,60,71,101,140,1,105,85,100,148,10,27,58
[140] Sent Broadcast: 1|0,60,71,101,140,1,87,105,148
[ 30] Received message from  27: 1|0,60,71,101,140,1,105,85,100,148,27,10,30
[ 58] Received message from  10: 1|0,60,71,101,140,1,105,85,100,148,27,10,30,58,67
[ 73] Received message from  14: 1|0,60,71,101,140,1,16,87,39,19,47,14,73
[148] Received message from 105: 1|0,60,71,101,140,1,105,85,100,148
[ 27] Sent Broadcast: 1|0,60,71,101,140,1,105,85,100,148,27,10,30
[ 27] Received message from 100: 1|0,60,71,101,140,1,105,85,100,148,10,27,58
[ 14] Sent Broadcast: 1|0,60,71,101,140,1,16,87,39,19,47,14,73
[105] Sent Broadcast: 1|0,60,71,101,140,1,105,85,100,148
[ 41] Received message from 148: 1|0,60,71,101,140,1,87,105,148,41,58,82
[ 13] Received message from  30: 1|0,60,71,101,140,1,105,85,100,148,27,10,30,13
[ 67] Received message from  10: 1|0,60,71,101,140,1,105,85,100,148,27,10,30,58,67
[ 58] Received message from 100: 1|0,60,71,101,140,1,105,85,100,148,10,27,58
[ 41] Received message from  58: 1|0,60,71,101,140,1,105,85,100,148,27,10,30,58,67,41,82
[ 58] Received message from 148: 1|0,60,71,101,140,1,87,105,148,41,58,82
[ 30] Sent Broadcast: 1|0,60,71,101,140,1,105,85,100,148,27,10,30,13
[ 10] Sent Broadcast: 1|0,60,71,101,140,1,105,85,100,148,27,10,30,58,67
[100] Sent Broadcast: 1|0,60,71,101,140,1,105,85,100,148,10,27,58
[ 33] Received message from  73: 1|0,60,71,101,140,1,16,87,39,19,47,14,73,33,134
[134] Received message from  41: 1|0,60,71,101,140,1,87,105,148,41,58,82,134
[134] Received message from  73: 1|0,60,71,101,140,1,16,87,39,19,47,14,73,33,134
[  7] Received message from  13: 1|0,60,71,101,140,1,105,85,100,148,27,10,30,13,7,127
[ 41] Sent Broadcast: 1|0,60,71,101,140,1,87,105,148,41,58,82,134
[ 73] Sent Broadcast: 1|0,60,71,101,140,1,16,87,39,19,47,14,73,33,134
[ 42] Received message from  33: 1|0,60,71,101,140,1,16,87,39,19,47,14,73,33,134,42
[ 73] Received message from 134: 1|0,60,71,101,140,1,87,105,148,41,58,82,134,73
[ 33] Sent Broadcast: 1|0,60,71,101,140,1,16,87,39,19,47,14,73,33,134,42
[ 82] Received message from  58: 1|0,60,71,101,140,1,105,85,100,148,27,10,30,58,67,41,82
[ 58] Sent Broadcast: 1|0,60,71,101,140,1,105,85,100,148,27,10,30,58,67,41,82
[134] Sent Broadcast: 1|0,60,71,101,140,1,87,105,148,41,58,82,134,73
[ 82] Received message from 148: 1|0,60,71,101,140,1,87,105,148,41,58,82
[ 80] Received message from   7: 1|0,60,71,101,140,1,105,85,100,148,27,10,30,13,7,127,80,81
[148] Sent Broadcast: 1|0,60,71,101,140,1,87,105,148,41,58,82
[121] Received message from  42: 1|0,60,71,101,140,1,16,87,39,19,47,14,73,33,134,42,121
[127] Received message from  13: 1|0,60,71,101,140,1,105,85,100,148,27,10,30,13,7,127
[ 42] Sent Broadcast: 1|0,60,71,101,140,1,16,87,39,19,47,14,73,33,134,42,121
[ 13] Sent Broadcast: 1|0,60,71,101,140,1,105,85,100,148,27,10,30,13,7,127
[ 17] Received message from  80: 1|0,60,71,101,140,1,105,85,100,148,27,10,30,13,7,127,80,81,17,83,93
[120] Received message from 121: 1|0,60,71,101,140,1,16,87,39,19,47,14,73,33,134,42,121,120,138
[ 81] Received message from   7: 1|0,60,71,101,140,1,105,85,100,148,27,10,30,13,7,127,80,81
[ 83] Received message from  80: 1|0,60,71,101,140,1,105,85,100,148,27,10,30,13,7,127,80,81,17,83,93
[144] Received message from  17: 1|0,60,71,101,140,1,105,85,100,148,27,10,30,13,7,127,80,81,17,83,93,144
[138] Received message from 121: 1|0,60,71,101,140,1,16,87,39,19,47,14,73,33,134,42,121,120,138
[  7] Sent Broadcast: 1|0,60,71,101,140,1,105,85,100,148,27,10,30,13,7,127,80,81
[ 17] Sent Broadcast: 1|0,60,71,101,140,1,105,85,100,148,27,10,30,13,7,127,80,81,17,83,93,144
[121] Sent Broadcast: 1|0,60,71,101,140,1,16,87,39,19,47,14,73,33,134,42,121,120,138
[ 83] Received message from  81: 1|0,60,71,101,140,1,105,85,100,148,27,10,30,13,7,127,80,81,83,93,122
[ 56] Received message from  83: 1|0,60,71,101,140,1,105,85,100,148,27,10,30,13,7,127,80,81,17,83,93,56,76,112,122
[ 53] Received message from 144: 1|0,60,71,101,140,1,105,85,100,148,27,10,30,13,7,127,80,81,17,83,93,144,53
[ 76] Received message from  83: 1|0,60,71,101,140,1,105,85,100,148,27,10,30,13,7,127,80,81,17,83,93,56,76,112,122
[ 93] Received message from  80: 1|0,60,71,101,140,1,105,85,100,148,27,10,30,13,7,127,80,81,17,83,93
[144] Sent Broadcast: 1|0,60,71,101,140,1,105,85,100,148,27,10,30,13,7,127,80,81,17,83,93,144,53
[ 93] Received message from  81: 1|0,60,71,101,140,1,105,85,100,148,27,10,30,13,7,127,80,81,83,93,122
[ 23] Received message from  56: 1|0,60,71,101,140,1,105,85,100,148,27,10,30,13,7,127,80,81,17,83,93,56,76,112,122,23,126,139
[112] Received message from  83: 1|0,60,71,101,140,1,105,85,100,148,27,10,30,13,7,127,80,81,17,83,93,56,76,112,122
[ 80] Sent Broadcast: 1|0,60,71,101,140,1,105,85,100,148,27,10,30,13,7,127,80,81,17,83,93
[ 26] Received message from  53: 1|0,60,71,101,140,1,105,85,100,148,27,10,30,13,7,127,80,81,17,83,93,144,53,26,86,98,131
[ 23] Received message from  76: 1|0,60,71,101,140,1,105,85,100,148,27,10,30,13,7,127,80,81,17,83,93,56,76,112,122,23,126,139
[ 17] Received message from  93: 1|0,60,71,101,140,1,105,85,100,148,27,10,30,13,7,127,80,81,83,93,122,17,144
[ 43] Received message from  23: 1|0,60,71,101,140,1,105,85,100,148,27,10,30,13,7,127,80,81,17,83,93,56,76,112,122,23,126,139,43,136,145
[126] Received message from  56: 1|0,60,71,101,140,1,105,85,100,148,27,10,30,13,7,127,80,81,17,83,93,56,76,112,122,23,126,139
[122] Received message from  81: 1|0,60,71,101,140,1,105,85,100,148,27,10,30,13,7,127,80,81,83,93,122
[139] Received message from 112: 1|0,60,71,101,140,1,105,85,100,148,27,10,30,13,7,127,80,81,17,83,93,56,76,112,122,139
[ 86] Received message from  53: 1|0,60,71,101,140,1,105,85,100,148,27,10,30,13,7,127,80,81,17,83,93,144,53,26,86,98,131
[ 81] Sent Broadcast: 1|0,60,71,101,140,1,105,85,100,148,27,10,30,13,7,127,80,81,83,93,122
[ 89] Received message from  26: 1|0,60,71,101,140,1,105,85,100,148,27,10,30,13,7,127,80,81,17,83,93,144,53,26,86,98,131,89,142
[122] Received message from  83: 1|0,60,71,101,140,1,105,85,100,148,27,10,30,13,7,127,80,81,17,83,93,56,76,112,122
[112] Sent Broadcast: 1|0,60,71,101,140,1,105,85,100,148,27,10,30,13,7,127,80,81,17,83,93,56,76,112,122,139
[ 46] Received message from  43: 1|0,60,71,101,140,1,105,85,100,148,27,10,30,13,7,127,80,81,17,83,93,56,76,112,122,23,126,139,43,136,145,46,123
[144] Received message from  93: 1|0,60,71,101,140,1,105,85,100,148,27,10,30,13,7,127,80,81,83,93,122,17,144
[ 83] Sent Broadcast: 1|0,60,71,101,140,1,105,85,100,148,27,10,30,13,7,127,80,81,17,83,93,56,76,112,122
[ 98] Received message from  53: 1|0,60,71,101,140,1,105,85,100,148,27,10,30,13,7,127,80,81,17,83,93,144,53,26,86,98,131
[126] Received message from  76: 1|0,60,71,101,140,1,105,85,100,148,27,10,30,13,7,127,80,81,17,83,93,56,76,112,122,23,126,139
[ 93] Sent Broadcast: 1|0,60,71,101,140,1,105,85,100,148,27,10,30,13,7,127,80,81,83,93,122,17,144
[139] Received message from  56: 1|0,60,71,101,140,1,105,85,100,148,27,10,30,13,7,127,80,81,17,83,93,56,76,112,122,23,126,139
[ 15] Received message from  86: 1|0,60,71,101,140,1,105,85,100,148,27,10,30,13,7,127,80,81,17,83,93,144,53,26,86,98,131,15,55
[ 43] Received message from 126: 1|0,60,71,101,140,1,105,85,100,148,27,10,30,13,7,127,80,81,17,83,93,56,76,112,122,23,126,139,43,136,145
[136] Received message from  23: 1|0,60,71,101,140,1,105,85,100,148,27,10,30,13,7,127,80,81,17,83,93,56,76,112,122,23,126,139,43,136,145
[ 23] Received message from 139: 1|0,60,71,101,140,1,105,85,100,148,27,10,30,13,7,127,80,81,17,83,93,56,76,112,122,139,23,123,126,145
[ 56] Received message from 122: 1|0,60,71,101,140,1,105,85,100,148,27,10,30,13,7,127,80,81,83,93,122,56,76,112,139
[ 56] Sent Broadcast: 1|0,60,71,101,140,1,105,85,100,148,27,10,30,13,7,127,80,81,17,83,93,56,76,112,122,23,126,139
[142] Received message from  26: 1|0,60,71,101,140,1,105,85,100,148,27,10,30,13,7,127,80,81,17,83,93,144,53,26,86,98,131,89,142
[ 62] Received message from  89: 1|0,60,71,101,140,1,105,85,100,148,27,10,30,13,7,127,80,81,17,83,93,144,53,26,86,98,131,89,142,62,97
[ 36] Received message from  46: 1|0,60,71,101,140,1,105,85,100,148,27,10,30,13,7,127,80,81,17,83,93,56,76,112,122,23,126,139,43,136,145,46,123,36,54,77
[  2] Received message from  98: 1|0,60,71,101,140,1,105,85,100,148,27,10,30,13,7,127,80,81,17,83,93,144,53,26,86,98,131,2
[ 40] Received message from  15: 1|0,60,71,101,140,1,105,85,100,148,27,10,30,13,7,127,80,81,17,83,93,144,53,26,86,98,131,15,55,40,65,125
[136] Received message from 126: 1|0,60,71,101,140,1,105,85,100,148,27,10,30,13,7,127,80,81,17,83,93,56,76,112,122,23,126,139,43,136,145
[ 26] Sent Broadcast: 1|0,60,71,101,140,1,105,85,100,148,27,10,30,13,7,127,80,81,17,83,93,144,53,26,86,98,131,89,142
[139] Received message from  76: 1|0,60,71,101,140,1,105,85,100,148,27,10,30,13,7,127,80,81,17,83,93,56,76,112,122,23,126,139
[145] Received message from  23: 1|0,60,71,101,140,1,105,85,100,148,27,10,30,13,7,127,80,81,17,83,93,56,76,112,122,23,126,139,43,136,145
[123] Received message from  43: 1|0,60,71,101,140,1,105,85,100,148,27,10,30,13,7,127,80,81,17,83,93,56,76,112,122,23,126,139,43,136,145,46,123
[ 55] Received message from  86: 1|0,60,71,101,140,1,105,85,100,148,27,10,30,13,7,127,80,81,17,83,93,144,53,26,86,98,131,15,55
[ 43] Sent Broadcast: 1|0,60,71,101,140,1,105,85,100,148,27,10,30,13,7,127,80,81,17,83,93,56,76,112,122,23,126,139,43,136,145,46,123
[ 98] Sent Broadcast: 1|0,60,71,101,140,1,105,85,100,148,27,10,30,13,7,127,80,81,17,83,93,144,53,26,86,98,131,2
[131] Received message from  53: 1|0,60,71,101,140,1,105,85,100,148,27,10,30,13,7,127,80,81,17,83,93,144,53,26,86,98,131
[123] Received message from 139: 1|0,60,71,101,140,1,105,85,100,148,27,10,30,13,7,127,80,81,17,83,93,56,76,112,122,139,23,123,126,145
[ 53] Sent Broadcast: 1|0,60,71,101,140,1,105,85,100,148,27,10,30,13,7,127,80,81,17,83,93,144,53,26,86,98,131
[ 11] Received message from  62: 1|0,60,71,101,140,1,105,85,100,148,27,10,30,13,7,127,80,81,17,83,93,144,53,26,86,98,131,89,142,62,97,11
[ 97] Received message from  89: 1|0,60,71,101,140,1,105,85,100,148,27,10,30,13,7,127,80,81,17,83,93,144,53,26,86,98,131,89,142,62,97
[145] Received message from 126: 1|0,60,71,101,140,1,105,85,100,148,27,10,30,13,7,127,80,81,17,83,93,56,76,112,122,23,126,139,43,136,145
[ 12] Received message from   2: 1|0,60,71,101,140,1,105,85,100,148,27,10,30,13,7,127,80,81,17,83,93,144,53,26,86,98,131,2,12,74
[ 11] Received message from 142: 1|0,60,71,101,140,1,105,85,100,148,27,10,30,13,7,127,80,81,17,83,93,144,53,26,86,98,131,89,142,11,62,97
[ 76] Received message from 122: 1|0,60,71,101,140,1,105,85,100,148,27,10,30,13,7,127,80,81,83,93,122,56,76,112,139
[ 65] Received message from  15: 1|0,60,71,101,140,1,105,85,100,148,27,10,30,13,7,127,80,81,17,83,93,144,53,26,86,98,131,15,55,40,65,125
[ 54] Received message from  46: 1|0,60,71,101,140,1,105,85,100,148,27,10,30,13,7,127,80,81,17,83,93,56,76,112,122,23,126,139,43,136,145,46,123,36,54,77
[ 40] Received message from  55: 1|0,60,71,101,140,1,105,85,100,148,27,10,30,13,7,127,80,81,17,83,93,144,53,26,86,98,131,15,55,40
[126] Received message from 139: 1|0,60,71,101,140,1,105,85,100,148,27,10,30,13,7,127,80,81,17,83,93,56,76,112,122,139,23,123,126,145
[  3] Received message from  11: 1|0,60,71,101,140,1,105,85,100,148,27,10,30,13,7,127,80,81,17,83,93,144,53,26,86,98,131,89,142,62,97,11,3,20,78,107,128
[ 36] Received message from 123: 1|60,71,101,140,1,105,85,100,148,27,10,30,13,7,127,80,81,17,83,93,56,76,112,122,139,23,123,126,145,36,43,46,54
[ 76] Sent Broadcast: 1|0,60,71,101,140,1,105,85,100,148,27,10,30,13,7,127,80,81,17,83,93,56,76,112,122,23,126,139
[ 89] Sent Broadcast: 1|0,60,71,101,140,1,105,85,100,148,27,10,30,13,7,127,80,81,17,83,93,144,53,26,86,98,131,89,142,62,97
[ 86] Sent Broadcast: 1|0,60,71,101,140,1,105,85,100,148,27,10,30,13,7,127,80,81,17,83,93,144,53,26,86,98,131,15,55
[ 23] Sent Broadcast: 1|0,60,71,101,140,1,105,85,100,148,27,10,30,13,7,127,80,81,17,83,93,56,76,112,122,23,126,139,43,136,145
[ 62] Sent Broadcast: 1|0,60,71,101,140,1,105,85,100,148,27,10,30,13,7,127,80,81,17,83,93,144,53,26,86,98,131,89,142,62,97,11
[126] Sent Broadcast: 1|0,60,71,101,140,1,105,85,100,148,27,10,30,13,7,127,80,81,17,83,93,56,76,112,122,23,126,139,43,136,145
[ 15] Received message from 131: 1|0,60,71,101,140,1,105,85,100,148,27,10,30,13,7,127,80,81,17,83,93,144,53,26,86,98,131,15,55
[ 36] Received message from 145: 1|0,60,71,101,140,1,105,85,100,148,27,10,30,13,7,127,80,81,17,83,93,56,76,112,122,23,126,139,43,136,145,36,54,123
[ 62] Received message from 142: 1|0,60,71,101,140,1,105,85,100,148,27,10,30,13,7,127,80,81,17,83,93,144,53,26,86,98,131,89,142,11,62,97
[ 11] Received message from  97: 1|0,60,71,101,140,1,105,85,100,148,27,10,30,13,7,127,80,81,17,83,93,144,53,26,86,98,131,89,142,62,97,11
[103] Received message from  12: 1|60,71,101,140,1,105,85,100,148,27,10,30,13,7,127,80,81,17,83,93,144,53,26,86,98,131,2,12,74,103,108
[ 74] Received message from   2: 1|0,60,71,101,140,1,105,85,100,148,27,10,30,13,7,127,80,81,17,83,93,144,53,26,86,98,131,2,12,74
[ 55] Sent Broadcast: 1|0,60,71,101,140,1,105,85,100,148,27,10,30,13,7,127,80,81,17,83,93,144,53,26,86,98,131,15,55,40
[112] Received message from 122: 1|0,60,71,101,140,1,105,85,100,148,27,10,30,13,7,127,80,81,83,93,122,56,76,112,139
[ 79] Received message from  65: 1|0,60,71,101,140,1,105,85,100,148,27,10,30,13,7,127,80,81,17,83,93,144,53,26,86,98,131,15,55,40,65,125,79,102,146
[125] Received message from  15: 1|0,60,71,101,140,1,105,85,100,148,27,10,30,13,7,127,80,81,17,83,93,144,53,26,86,98,131,15,55,40,65,125
[ 77] Received message from  46: 1|0,60,71,101,140,1,105,85,100,148,27,10,30,13,7,127,80,81,17,83,93,56,76,112,122,23,126,139,43,136,145,46,123,36,54,77
[ 55] Received message from 131: 1|0,60,71,101,140,1,105,85,100,148,27,10,30,13,7,127,80,81,17,83,93,144,53,26,86,98,131,15,55
[ 46] Sent Broadcast: 1|0,60,71,101,140,1,105,85,100,148,27,10,30,13,7,127,80,81,17,83,93,56,76,112,122,23,126,139,43,136,145,46,123,36,54,77
[ 97] Sent Broadcast: 1|0,60,71,101,140,1,105,85,100,148,27,10,30,13,7,127,80,81,17,83,93,144,53,26,86,98,131,89,142,62,97,11
[104] Received message from   3: 1|0,60,71,101,140,1,105,85,100,148,27,10,30,13,7,127,80,81,17,83,93,144,53,26,86,98,131,89,142,62,97,11,3,20,78,107,128,104,137
[ 22] Received message from 103: 1|60,71,101,140,1,105,85,100,148,27,10,30,13,7,127,80,81,17,83,93,144,53,26,86,98,131,2,12,74,103,108,22
[103] Sent Broadcast: 1|60,71,101,140,1,105,85,100,148,27,10,30,13,7,127,80,81,17,83,93,144,53,26,86,98,131,2,12,74,103,108,22
[  2] Sent Broadcast: 1|0,60,71,101,140,1,105,85,100,148,27,10,30,13,7,127,80,81,17,83,93,144,53,26,86,98,131,2,12,74
[ 15] Sent Broadcast: 1|0,60,71,101,140,1,105,85,100,148,27,10,30,13,7,127,80,81,17,83,93,144,53,26,86,98,131,15,55,40,65,125
[ 43] Received message from 123: 1|60,71,101,140,1,105,85,100,148,27,10,30,13,7,127,80,81,17,83,93,56,76,112,122,139,23,123,126,145,36,43,46,54
[131] Sent Broadcast: 1|0,60,71,101,140,1,105,85,100,148,27,10,30,13,7,127,80,81,17,83,93,144,53,26,86,98,131,15,55
[ 97] Received message from 142: 1|0,60,71,101,140,1,105,85,100,148,27,10,30,13,7,127,80,81,17,83,93,144,53,26,86,98,131,89,142,11,62,97
[145] Received message from 139: 1|0,60,71,101,140,1,105,85,100,148,27,10,30,13,7,127,80,81,17,83,93,56,76,112,122,139,23,123,126,145
[ 20] Received message from  11: 1|0,60,71,101,140,1,105,85,100,148,27,10,30,13,7,127,80,81,17,83,93,144,53,26,86,98,131,89,142,62,97,11,3,20,78,107,128
[139] Received message from 122: 1|0,60,71,101,140,1,105,85,100,148,27,10,30,13,7,127,80,81,83,93,122,56,76,112,139
[ 91] Received message from  77: 1|0,60,71,101,140,1,105,85,100,148,27,10,30,13,7,127,80,81,17,83,93,56,76,112,122,23,126,139,43,136,145,46,123,36,54,77,91
[142] Sent Broadcast: 1|0,60,71,101,140,1,105,85,100,148,27,10,30,13,7,127,80,81,17,83,93,144,53,26,86,98,131,89,142,11,62,97
[139] Sent Broadcast: 1|0,60,71,101,140,1,105,85,100,148,27,10,30,13,7,127,80,81,17,83,93,56,76,112,122,139,23,123,126,145
[102] Received message from  65: 1|0,60,71,101,140,1,105,85,100,148,27,10,30,13,7,127,80,81,17,83,93,144,53,26,86,98,131,15,55,40,65,125,79,102,146
[ 22] Received message from  74: 1|60,71,101,140,1,105,85,100,148,27,10,30,13,7,127,80,81,17,83,93,144,53,26,86,98,131,2,12,74,22,103,108
[ 54] Received message from 145: 1|0,60,71,101,140,1,105,85,100,148,27,10,30,13,7,127,80,81,17,83,93,56,76,112,122,23,126,139,43,136,145,36,54,123
[ 46] Received message from 123: 1|60,71,101,140,1,105,85,100,148,27,10,30,13,7,127,80,81,17,83,93,56,76,112,122,139,23,123,126,145,36,43,46,54
[108] Received message from  12: 1|60,71,101,140,1,105,85,100,148,27,10,30,13,7,127,80,81,17,83,93,144,53,26,86,98,131,2,12,74,103,108
[ 38] Received message from 104: 1|0,60,71,101,140,1,105,85,100,148,27,10,30,13,7,127,80,81,17,83,93,144,53,26,86,98,131,89,142,62,97,11,3,20,78,107,128,104,137,38,66,99
[122] Sent Broadcast: 1|0,60,71,101,140,1,105,85,100,148,27,10,30,13,7,127,80,81,83,93,122,56,76,112,139
[ 77] Sent Broadcast: 1|0,60,71,101,140,1,105,85,100,148,27,10,30,13,7,127,80,81,17,83,93,56,76,112,122,23,126,139,43,136,145,46,123,36,54,77,91
[143] Received message from  22: 1|60,71,101,140,1,105,85,100,148,27,10,30,13,7,127,80,81,17,83,93,144,53,26,86,98,131,2,12,74,103,108,22,143
[ 12] Sent Broadcast: 1|60,71,101,140,1,105,85,100,148,27,10,30,13,7,127,80,81,17,83,93,144,53,26,86,98,131,2,12,74,103,108
[146] Received message from  65: 1|0,60,71,101,140,1,105,85,100,148,27,10,30,13,7,127,80,81,17,83,93,144,53,26,86,98,131,15,55,40,65,125,79,102,146
[104] Received message from  20: 1|0,60,71,101,140,1,105,85,100,148,27,10,30,13,7,127,80,81,17,83,93,144,53,26,86,98,131,89,142,62,97,11,3,20,78,107,128,104,137
[102] Received message from 125: 1|0,60,71,101,140,1,105,85,100,148,27,10,30,13,7,127,80,81,17,83,93,144,53,26,86,98,131,15,55,40,65,125,102,146
[ 54] Received message from 123: 1|60,71,101,140,1,105,85,100,148,27,10,30,13,7,127,80,81,17,83,93,56,76,112,122,139,23,123,126,145,36,43,46,54
[ 78] Received message from  11: 1|0,60,71,101,140,1,105,85,100,148,27,10,30,13,7,127,80,81,17,83,93,144,53,26,86,98,131,89,142,62,97,11,3,20,78,107,128
[123] Received message from 145: 1|0,60,71,101,140,1,105,85,100,148,27,10,30,13,7,127,80,81,17,83,93,56,76,112,122,23,126,139,43,136,145,36,54,123
[137] Received message from   3: 1|0,60,71,101,140,1,105,85,100,148,27,10,30,13,7,127,80,81,17,83,93,144,53,26,86,98,131,89,142,62,97,11,3,20,78,107,128,104,137
[ 22] Sent Broadcast: 1|60,71,101,140,1,105,85,100,148,27,10,30,13,7,127,80,81,17,83,93,144,53,26,86,98,131,2,12,74,103,108,22,143
[ 65] Sent Broadcast: 1|0,60,71,101,140,1,105,85,100,148,27,10,30,13,7,127,80,81,17,83,93,144,53,26,86,98,131,15,55,40,65,125,79,102,146
[123] Sent Broadcast: 1|60,71,101,140,1,105,85,100,148,27,10,30,13,7,127,80,81,17,83,93,56,76,112,122,139,23,123,126,145,36,43,46,54
[145] Sent Broadcast: 1|0,60,71,101,140,1,105,85,100,148,27,10,30,13,7,127,80,81,17,83,93,56,76,112,122,23,126,139,43,136,145,36,54,123
[  3] Sent Broadcast: 1|0,60,71,101,140,1,105,85,100,148,27,10,30,13,7,127,80,81,17,83,93,144,53,26,86,98,131,89,142,62,97,11,3,20,78,107,128,104,137
[103] Received message from  74: 1|60,71,101,140,1,105,85,100,148,27,10,30,13,7,127,80,81,17,83,93,144,53,26,86,98,131,2,12,74,22,103,108
[ 50] Received message from  38: 1|0,60,71,101,140,1,105,85,100,148,27,10,30,13,7,127,80,81,17,83,93,144,53,26,86,98,131,89,142,62,97,11,3,20,78,107,128,104,137,38,66,99,50,132
[146] Received message from 125: 1|0,60,71,101,140,1,105,85,100,148,27,10,30,13,7,127,80,81,17,83,93,144,53,26,86,98,131,15,55,40,65,125,102,146
[ 22] Received message from 108: 1|60,71,101,140,1,105,85,100,148,27,10,30,13,7,127,80,81,17,83,93,144,53,26,86,98,131,2,12,74,103,108,22
[108] Sent Broadcast: 1|60,71,101,140,1,105,85,100,148,27,10,30,13,7,127,80,81,17,83,93,144,53,26,86,98,131,2,12,74,103,108,22
[104] Received message from  78: 1|0,60,71,101,140,1,105,85,100,148,27,10,30,13,7,127,80,81,17,83,93,144,53,26,86,98,131,89,142,62,97,11,3,20,78,107,128,104
[125] Sent Broadcast: 1|0,60,71,101,140,1,105,85,100,148,27,10,30,13,7,127,80,81,17,83,93,144,53,26,86,98,131,15,55,40,65,125,102,146
[ 66] Received message from 104: 1|0,60,71,101,140,1,105,85,100,148,27,10,30,13,7,127,80,81,17,83,93,144,53,26,86,98,131,89,142,62,97,11,3,20,78,107,128,104,137,38,66,99
[137] Received message from  20: 1|0,60,71,101,140,1,105,85,100,148,27,10,30,13,7,127,80,81,17,83,93,144,53,26,86,98,131,89,142,62,97,11,3,20,78,107,128,104,137
[ 78] Sent Broadcast: 1|0,60,71,101,140,1,105,85,100,148,27,10,30,13,7,127,80,81,17,83,93,144,53,26,86,98,131,89,142,62,97,11,3,20,78,107,128,104
[108] Received message from  74: 1|60,71,101,140,1,105,85,100,148,27,10,30,13,7,127,80,81,17,83,93,144,53,26,86,98,131,2,12,74,22,103,108
[ 31] Received message from 143: 1|60,71,101,140,1,105,85,100,148,27,10,30,13,7,127,80,81,17,83,93,144,53,26,86,98,131,2,12,74,103,108,22,143,31,106,113,150
[ 38] Received message from 137: 1|0,60,71,101,140,1,105,85,100,148,27,10,30,13,7,127,80,81,17,83,93,144,53,26,86,98,131,89,142,62,97,11,3,20,78,107,128,104,137,38,99
[107] Received message from  11: 1|0,60,71,101,140,1,105,85,100,148,27,10,30,13,7,127,80,81,17,83,93,144,53,26,86,98,131,89,142,62,97,11,3,20,78,107,128
[ 74] Sent Broadcast: 1|60,71,101,140,1,105,85,100,148,27,10,30,13,7,127,80,81,17,83,93,144,53,26,86,98,131,2,12,74,22,103,108
[ 99] Received message from 104: 1|0,60,71,101,140,1,105,85,100,148,27,10,30,13,7,127,80,81,17,83,93,144,53,26,86,98,131,89,142,62,97,11,3,20,78,107,128,104,137,38,66,99
[132] Received message from  38: 1|0,60,71,101,140,1,105,85,100,148,27,10,30,13,7,127,80,81,17,83,93,144,53,26,86,98,131,89,142,62,97,11,3,20,78,107,128,104,137,38,66,99,50,132
[ 20] Sent Broadcast: 1|0,60,71,101,140,1,105,85,100,148,27,10,30,13,7,127,80,81,17,83,93,144,53,26,86,98,131,89,142,62,97,11,3,20,78,107,128,104,137
[ 50] Received message from  66: 1|0,60,71,101,140,1,105,85,100,148,27,10,30,13,7,127,80,81,17,83,93,144,53,26,86,98,131,89,142,62,97,11,3,20,78,107,128,104,137,38,66,99,50,132
[ 18] Received message from  31: 1|60,71,101,140,1,105,85,100,148,27,10,30,13,7,127,80,81,17,83,93,144,53,26,86,98,131,2,12,74,103,108,22,143,31,106,113,150,18,61,111
[ 95] Received message from  50: 1|0,60,71,101,140,1,105,85,100,148,27,10,30,13,7,127,80,81,17,83,93,144,53,26,86,98,131,89,142,62,97,11,3,20,78,107,128,104,137,38,66,99,50,132,95,109,115
[104] Sent Broadcast: 1|0,60,71,101,140,1,105,85,100,148,27,10,30,13,7,127,80,81,17,83,93,144,53,26,86,98,131,89,142,62,97,11,3,20,78,107,128,104,137,38,66,99
[ 38] Sent Broadcast: 1|0,60,71,101,140,1,105,85,100,148,27,10,30,13,7,127,80,81,17,83,93,144,53,26,86,98,131,89,142,62,97,11,3,20,78,107,128,104,137,38,66,99,50,132
[ 50] Received message from  99: 1|0,60,71,101,140,1,105,85,100,148,27,10,30,13,7,127,80,81,17,83,93,144,53,26,86,98,131,89,142,62,97,11,3,20,78,107,128,104,137,38,66,99,50,115,132
[ 59] Received message from 132: 1|0,60,71,101,140,1,105,85,100,148,27,10,30,13,7,127,80,81,17,83,93,144,53,26,86,98,131,89,142,62,97,11,3,20,78,107,128,104,137,38,66,99,50,132,59
[128] Received message from  11: 1|0,60,71,101,140,1,105,85,100,148,27,10,30,13,7,127,80,81,17,83,93,144,53,26,86,98,131,89,142,62,97,11,3,20,78,107,128
[ 99] Received message from 137: 1|0,60,71,101,140,1,105,85,100,148,27,10,30,13,7,127,80,81,17,83,93,144,53,26,86,98,131,89,142,62,97,11,3,20,78,107,128,104,137,38,99
[109] Received message from  50: 1|0,60,71,101,140,1,105,85,100,148,27,10,30,13,7,127,80,81,17,83,93,144,53,26,86,98,131,89,142,62,97,11,3,20,78,107,128,104,137,38,66,99,50,132,95,109,115
[ 61] Received message from  31: 1|60,71,101,140,1,105,85,100,148,27,10,30,13,7,127,80,81,17,83,93,144,53,26,86,98,131,2,12,74,103,108,22,143,31,106,113,150,18,61,111
[106] Received message from 143: 1|60,71,101,140,1,105,85,100,148,27,10,30,13,7,127,80,81,17,83,93,144,53,26,86,98,131,2,12,74,103,108,22,143,31,106,113,150
[135] Received message from  95: 1|0,60,71,101,140,1,105,85,100,148,27,10,30,13,7,127,80,81,17,83,93,144,53,26,86,98,131,89,142,62,97,11,3,20,78,107,128,104,137,38,66,99,50,132,95,109,115,135
[132] Received message from  66: 1|0,60,71,101,140,1,105,85,100,148,27,10,30,13,7,127,80,81,17,83,93,144,53,26,86,98,131,89,142,62,97,11,3,20,78,107,128,104,137,38,66,99,50,132
[104] Received message from 107: 1|0,60,71,101,140,1,105,85,100,148,27,10,30,13,7,127,80,81,17,83,93,144,53,26,86,98,131,89,142,62,97,11,3,20,78,107,128,104,137
[ 11] Sent Broadcast: 1|0,60,71,101,140,1,105,85,100,148,27,10,30,13,7,127,80,81,17,83,93,144,53,26,86,98,131,89,142,62,97,11,3,20,78,107,128
[ 69] Received message from  18: 1|60,71,101,140,1,105,85,100,148,27,10,30,13,7,127,80,81,17,83,93,144,53,26,86,98,131,2,12,74,103,108,22,143,31,106,113,150,18,61,111,69,75
[132] Sent Broadcast: 1|0,60,71,101,140,1,105,85,100,148,27,10,30,13,7,127,80,81,17,83,93,144,53,26,86,98,131,89,142,62,97,11,3,20,78,107,128,104,137,38,66,99,50,132,59
[137] Sent Broadcast: 1|0,60,71,101,140,1,105,85,100,148,27,10,30,13,7,127,80,81,17,83,93,144,53,26,86,98,131,89,142,62,97,11,3,20,78,107,128,104,137,38,99
[ 66] Sent Broadcast: 1|0,60,71,101,140,1,105,85,100,148,27,10,30,13,7,127,80,81,17,83,93,144,53,26,86,98,131,89,142,62,97,11,3,20,78,107,128,104,137,38,66,99,50,132
[ 95] Sent Broadcast: 1|0,60,71,101,140,1,105,85,100,148,27,10,30,13,7,127,80,81,17,83,93,144,53,26,86,98,131,89,142,62,97,11,3,20,78,107,128,104,137,38,66,99,50,132,95,109,115,135
[ 29] Received message from  59: 1|0,60,71,101,140,1,105,85,100,148,27,10,30,13,7,127,80,81,17,83,93,144,53,26,86,98,131,89,142,62,97,11,3,20,78,107,128,104,137,38,66,99,50,132,59,29,64
[111] Received message from  31: 1|60,71,101,140,1,105,85,100,148,27,10,30,13,7,127,80,81,17,83,93,144,53,26,86,98,131,2,12,74,103,108,22,143,31,106,113,150,18,61,111
[  5] Received message from 135: 1|0,60,71,101,140,1,105,85,100,148,27,10,30,13,7,127,80,81,17,83,93,144,53,26,86,98,131,89,142,62,97,11,3,20,78,107,128,104,137,38,66,99,50,132,95,109,115,135,5,64
[ 48] Received message from  69: 1|60,71,101,140,1,105,85,100,148,27,10,30,13,7,127,80,81,17,83,93,144,53,26,86,98,131,2,12,74,103,108,22,143,31,106,113,150,18,61,111,69,75,48
[ 75] Received message from  18: 1|60,71,101,140,1,105,85,100,148,27,10,30,13,7,127,80,81,17,83,93,144,53,26,86,98,131,2,12,74,103,108,22,143,31,106,113,150,18,61,111,69,75
[104] Received message from 128: 1|0,60,71,101,140,1,105,85,100,148,27,10,30,13,7,127,80,81,17,83,93,144,53,26,86,98,131,89,142,62,97,11,3,20,78,107,128,104,137
[115] Received message from  99: 1|0,60,71,101,140,1,105,85,100,148,27,10,30,13,7,127,80,81,17,83,93,144,53,26,86,98,131,89,142,62,97,11,3,20,78,107,128,104,137,38,66,99,50,115,132
[115] Received message from  50: 1|0,60,71,101,140,1,105,85,100,148,27,10,30,13,7,127,80,81,17,83,93,144,53,26,86,98,131,89,142,62,97,11,3,20,78,107,128,104,137,38,66,99,50,132,95,109,115
[ 61] Received message from 106: 1|60,71,101,140,1,105,85,100,148,27,10,30,13,7,127,80,81,17,83,93,144,53,26,86,98,131,2,12,74,103,108,22,143,31,106,113,150,61,111
[113] Received message from 143: 1|60,71,101,140,1,105,85,100,148,27,10,30,13,7,127,80,81,17,83,93,144,53,26,86,98,131,2,12,74,103,108,22,143,31,106,113,150
[ 18] Sent Broadcast: 1|60,71,101,140,1,105,85,100,148,27,10,30,13,7,127,80,81,17,83,93,144,53,26,86,98,131,2,12,74,103,108,22,143,31,106,113,150,18,61,111,69,75
[137] Received message from 107: 1|0,60,71,101,140,1,105,85,100,148,27,10,30,13,7,127,80,81,17,83,93,144,53,26,86,98,131,89,142,62,97,11,3,20,78,107,128,104,137
[ 31] Sent Broadcast: 1|60,71,101,140,1,105,85,100,148,27,10,30,13,7,127,80,81,17,83,93,144,53,26,86,98,131,2,12,74,103,108,22,143,31,106,113,150,18,61,111
[ 69] Sent Broadcast: 1|60,71,101,140,1,105,85,100,148,27,10,30,13,7,127,80,81,17,83,93,144,53,26,86,98,131,2,12,74,103,108,22,143,31,106,113,150,18,61,111,69,75,48
[ 50] Sent Broadcast: 1|0,60,71,101,140,1,105,85,100,148,27,10,30,13,7,127,80,81,17,83,93,144,53,26,86,98,131,89,142,62,97,11,3,20,78,107,128,104,137,38,66,99,50,132,95,109,115
[ 64] Received message from  59: 1|0,60,71,101,140,1,105,85,100,148,27,10,30,13,7,127,80,81,17,83,93,144,53,26,86,98,131,89,142,62,97,11,3,20,78,107,128,104,137,38,66,99,50,132,59,29,64
[ 96] Received message from   5: 1|0,60,71,101,140,1,105,85,100,148,27,10,30,13,7,127,80,81,17,83,93,144,53,26,86,98,131,89,142,62,97,11,3,20,78,107,128,104,137,38,66,99,50,132,95,109,115,135,5,64,96,117
[ 51] Received message from 111: 1|60,71,101,140,1,105,85,100,148,27,10,30,13,7,127,80,81,17,83,93,144,53,26,86,98,131,2,12,74,103,108,22,143,31,106,113,150,18,61,111,51,75,130
[ 92] Received message from  29: 1|0,60,71,101,140,1,105,85,100,148,27,10,30,13,7,127,80,81,17,83,93,144,53,26,86,98,131,89,142,62,97,11,3,20,78,107,128,104,137,38,66,99,50,132,59,29,64,92
[  9] Received message from  48: 1|60,71,101,140,1,105,85,100,148,27,10,30,13,7,127,80,81,17,83,93,144,53,26,86,98,131,2,12,74,103,108,22,143,31,106,113,150,18,61,111,69,75,48,9,37,44,84,94,129
[137] Received message from 128: 1|0,60,71,101,140,1,105,85,100,148,27,10,30,13,7,127,80,81,17,83,93,144,53,26,86,98,131,89,142,62,97,11,3,20,78,107,128,104,137
[ 59] Sent Broadcast: 1|0,60,71,101,140,1,105,85,100,148,27,10,30,13,7,127,80,81,17,83,93,144,53,26,86,98,131,89,142,62,97,11,3,20,78,107,128,104,137,38,66,99,50,132,59,29,64
[107] Sent Broadcast: 1|0,60,71,101,140,1,105,85,100,148,27,10,30,13,7,127,80,81,17,83,93,144,53,26,86,98,131,89,142,62,97,11,3,20,78,107,128,104,137
[150] Received message from 143: 1|60,71,101,140,1,105,85,100,148,27,10,30,13,7,127,80,81,17,83,93,144,53,26,86,98,131,2,12,74,103,108,22,143,31,106,113,150
[ 61] Received message from 113: 1|60,71,101,140,1,105,85,100,148,27,10,30,13,7,127,80,81,17,83,93,144,53,26,86,98,131,2,12,74,103,108,22,143,31,106,113,150,61,111
[111] Received message from 106: 1|60,71,101,140,1,105,85,100,148,27,10,30,13,7,127,80,81,17,83,93,144,53,26,86,98,131,2,12,74,103,108,22,143,31,106,113,150,61,111
[132] Received message from  99: 1|0,60,71,101,140,1,105,85,100,148,27,10,30,13,7,127,80,81,17,83,93,144,53,26,86,98,131,89,142,62,97,11,3,20,78,107,128,104,137,38,66,99,50,115,132
[ 61] Received message from 150: 1|60,71,101,140,1,105,85,100,148,27,10,30,13,7,127,80,81,17,83,93,144,53,26,86,98,131,2,12,74,103,108,22,143,31,106,113,150,61,111
[143] Sent Broadcast: 1|60,71,101,140,1,105,85,100,148,27,10,30,13,7,127,80,81,17,83,93,144,53,26,86,98,131,2,12,74,103,108,22,143,31,106,113,150
[ 29] Sent Broadcast: 1|0,60,71,101,140,1,105,85,100,148,27,10,30,13,7,127,80,81,17,83,93,144,53,26,86,98,131,89,142,62,97,11,3,20,78,107,128,104,137,38,66,99,50,132,59,29,64,92
[128] Sent Broadcast: 1|0,60,71,101,140,1,105,85,100,148,27,10,30,13,7,127,80,81,17,83,93,144,53,26,86,98,131,89,142,62,97,11,3,20,78,107,128,104,137
[ 25] Received message from  96: 1|0,60,71,101,140,1,105,85,100,148,27,10,30,13,7,127,80,81,17,83,93,144,53,26,86,98,131,89,142,62,97,11,3,20,78,107,128,104,137,38,66,99,50,132,95,109,115,135,5,64,96,117,25,35
[ 64] Received message from 135: 1|0,60,71,101,140,1,105,85,100,148,27,10,30,13,7,127,80,81,17,83,93,144,53,26,86,98,131,89,142,62,97,11,3,20,78,107,128,104,137,38,66,99,50,132,95,109,115,135,5,64
[  5] Received message from  64: 1|0,60,71,101,140,1,105,85,100,148,27,10,30,13,7,127,80,81,17,83,93,144,53,26,86,98,131,89,142,62,97,11,3,20,78,107,128,104,137,38,66,99,50,132,59,29,64,5,135
[ 37] Received message from  48: 1|60,71,101,140,1,105,85,100,148,27,10,30,13,7,127,80,81,17,83,93,144,53,26,86,98,131,2,12,74,103,108,22,143,31,106,113,150,18,61,111,69,75,48,9,37,44,84,94,129
[ 99] Sent Broadcast: 1|0,60,71,101,140,1,105,85,100,148,27,10,30,13,7,127,80,81,17,83,93,144,53,26,86,98,131,89,142,62,97,11,3,20,78,107,128,104,137,38,66,99,50,115,132
[106] Sent Broadcast: 1|60,71,101,140,1,105,85,100,148,27,10,30,13,7,127,80,81,17,83,93,144,53,26,86,98,131,2,12,74,103,108,22,143,31,106,113,150,61,111
[ 75] Received message from 111: 1|60,71,101,140,1,105,85,100,148,27,10,30,13,7,127,80,81,17,83,93,144,53,26,86,98,131,2,12,74,103,108,22,143,31,106,113,150,18,61,111,51,75,130
[117] Received message from   5: 1|0,60,71,101,140,1,105,85,100,148,27,10,30,13,7,127,80,81,17,83,93,144,53,26,86,98,131,89,142,62,97,11,3,20,78,107,128,104,137,38,66,99,50,132,95,109,115,135,5,64,96,117
[133] Received message from  25: 1|0,60,71,101,140,1,105,85,100,148,27,10,30,13,7,127,80,81,17,83,93,144,53,26,86,98,131,89,142,62,97,11,3,20,78,107,128,104,137,38,66,99,50,132,95,109,115,135,5,64,96,117,25,35,133
[135] Sent Broadcast: 1|0,60,71,101,140,1,105,85,100,148,27,10,30,13,7,127,80,81,17,83,93,144,53,26,86,98,131,89,142,62,97,11,3,20,78,107,128,104,137,38,66,99,50,132,95,109,115,135,5,64
[  5] Sent Broadcast: 1|0,60,71,101,140,1,105,85,100,148,27,10,30,13,7,127,80,81,17,83,93,144,53,26,86,98,131,89,142,62,97,11,3,20,78,107,128,104,137,38,66,99,50,132,95,109,115,135,5,64,96,117
[ 25] Sent Broadcast: 1|0,60,71,101,140,1,105,85,100,148,27,10,30,13,7,127,80,81,17,83,93,144,53,26,86,98,131,89,142,62,97,11,3,20,78,107,128,104,137,38,66,99,50,132,95,109,115,135,5,64,96,117,25,35,133
[ 25] Received message from 117: 1|0,60,71,101,140,1,105,85,100,148,27,10,30,13,7,127,80,81,17,83,93,144,53,26,86,98,131,89,142,62,97,11,3,20,78,107,128,104,137,38,66,99,50,132,95,109,115,135,5,64,96,117,25,147
[ 35] Received message from  96: 1|0,60,71,101,140,1,105,85,100,148,27,10,30,13,7,127,80,81,17,83,93,144,53,26,86,98,131,89,142,62,97,11,3,20,78,107,128,104,137,38,66,99,50,132,95,109,115,135,5,64,96,117,25,35
[111] Received message from 113: 1|60,71,101,140,1,105,85,100,148,27,10,30,13,7,127,80,81,17,83,93,144,53,26,86,98,131,2,12,74,103,108,22,143,31,106,113,150,61,111
[  6] Received message from 133: 1|0,60,71,101,140,1,105,85,100,148,27,10,30,13,7,127,80,81,17,83,93,144,53,26,86,98,131,89,142,62,97,11,3,20,78,107,128,104,137,38,66,99,50,132,95,109,115,135,5,64,96,117,25,35,133,6
[130] Received message from 111: 1|60,71,101,140,1,105,85,100,148,27,10,30,13,7,127,80,81,17,83,93,144,53,26,86,98,131,2,12,74,103,108,22,143,31,106,113,150,18,61,111,51,75,130
[ 96] Sent Broadcast: 1|0,60,71,101,140,1,105,85,100,148,27,10,30,13,7,127,80,81,17,83,93,144,53,26,86,98,131,89,142,62,97,11,3,20,78,107,128,104,137,38,66,99,50,132,95,109,115,135,5,64,96,117,25,35
[133] Sent Broadcast: 1|0,60,71,101,140,1,105,85,100,148,27,10,30,13,7,127,80,81,17,83,93,144,53,26,86,98,131,89,142,62,97,11,3,20,78,107,128,104,137,38,66,99,50,132,95,109,115,135,5,64,96,117,25,35,133,6
[135] Received message from  64: 1|0,60,71,101,140,1,105,85,100,148,27,10,30,13,7,127,80,81,17,83,93,144,53,26,86,98,131,89,142,62,97,11,3,20,78,107,128,104,137,38,66,99,50,132,59,29,64,5,135
[147] Received message from 117: 1|0,60,71,101,140,1,105,85,100,148,27,10,30,13,7,127,80,81,17,83,93,144,53,26,86,98,131,89,142,62,97,11,3,20,78,107,128,104,137,38,66,99,50,132,95,109,115,135,5,64,96,117,25,147
[ 44] Received message from  48: 1|60,71,101,140,1,105,85,100,148,27,10,30,13,7,127,80,81,17,83,93,144,53,26,86,98,131,2,12,74,103,108,22,143,31,106,113,150,18,61,111,69,75,48,9,37,44,84,94,129
[ 70] Received message from  35: 1|0,60,71,101,140,1,105,85,100,148,27,10,30,13,7,127,80,81,17,83,93,144,53,26,86,98,131,89,142,62,97,11,3,20,78,107,128,104,137,38,66,99,50,132,95,109,115,135,5,64,96,117,25,35,70,141
[113] Sent Broadcast: 1|60,71,101,140,1,105,85,100,148,27,10,30,13,7,127,80,81,17,83,93,144,53,26,86,98,131,2,12,74,103,108,22,143,31,106,113,150,61,111
[111] Sent Broadcast: 1|60,71,101,140,1,105,85,100,148,27,10,30,13,7,127,80,81,17,83,93,144,53,26,86,98,131,2,12,74,103,108,22,143,31,106,113,150,18,61,111,51,75,130
[ 64] Sent Broadcast: 1|0,60,71,101,140,1,105,85,100,148,27,10,30,13,7,127,80,81,17,83,93,144,53,26,86,98,131,89,142,62,97,11,3,20,78,107,128,104,137,38,66,99,50,132,59,29,64,5,135
[117] Sent Broadcast: 1|0,60,71,101,140,1,105,85,100,148,27,10,30,13,7,127,80,81,17,83,93,144,53,26,86,98,131,89,142,62,97,11,3,20,78,107,128,104,137,38,66,99,50,132,95,109,115,135,5,64,96,117,25,147
[ 49] Received message from  44: 1|60,71,101,140,1,105,85,100,148,27,10,30,13,7,127,80,81,17,83,93,144,53,26,86,98,131,2,12,74,103,108,22,143,31,106,113,150,18,61,111,69,75,48,9,37,44,84,94,129,49,88
[141] Received message from  35: 1|0,60,71,101,140,1,105,85,100,148,27,10,30,13,7,127,80,81,17,83,93,144,53,26,86,98,131,89,142,62,97,11,3,20,78,107,128,104,137,38,66,99,50,132,95,109,115,135,5,64,96,117,25,35,70,141
[ 84] Received message from  48: 1|60,71,101,140,1,105,85,100,148,27,10,30,13,7,127,80,81,17,83,93,144,53,26,86,98,131,2,12,74,103,108,22,143,31,106,113,150,18,61,111,69,75,48,9,37,44,84,94,129
[ 35] Sent Broadcast: 1|0,60,71,101,140,1,105,85,100,148,27,10,30,13,7,127,80,81,17,83,93,144,53,26,86,98,131,89,142,62,97,11,3,20,78,107,128,104,137,38,66,99,50,132,95,109,115,135,5,64,96,117,25,35,70,141
[ 88] Received message from  44: 1|60,71,101,140,1,105,85,100,148,27,10,30,13,7,127,80,81,17,83,93,144,53,26,86,98,131,2,12,74,103,108,22,143,31,106,113,150,18,61,111,69,75,48,9,37,44,84,94,129,49,88
[ 44] Sent Broadcast: 1|60,71,101,140,1,105,85,100,148,27,10,30,13,7,127,80,81,17,83,93,144,53,26,86,98,131,2,12,74,103,108,22,143,31,106,113,150,18,61,111,69,75,48,9,37,44,84,94,129,49,88
[111] Received message from 150: 1|60,71,101,140,1,105,85,100,148,27,10,30,13,7,127,80,81,17,83,93,144,53,26,86,98,131,2,12,74,103,108,22,143,31,106,113,150,61,111
[150] Sent Broadcast: 1|60,71,101,140,1,105,85,100,148,27,10,30,13,7,127,80,81,17,83,93,144,53,26,86,98,131,2,12,74,103,108,22,143,31,106,113,150,61,111
[ 57] Received message from   6: 1|0,60,71,101,140,1,105,85,100,148,27,10,30,13,7,127,80,81,17,83,93,144,53,26,86,98,131,89,142,62,97,11,3,20,78,107,128,104,137,38,66,99,50,132,95,109,115,135,5,64,96,117,25,35,133,6,57
[ 94] Received message from  48: 1|60,71,101,140,1,105,85,100,148,27,10,30,13,7,127,80,81,17,83,93,144,53,26,86,98,131,2,12,74,103,108,22,143,31,106,113,150,18,61,111,69,75,48,9,37,44,84,94,129
[ 57] Received message from 147: 1|0,60,71,101,140,1,105,85,100,148,27,10,30,13,7,127,80,81,17,83,93,144,53,26,86,98,131,89,142,62,97,11,3,20,78,107,128,104,137,38,66,99,50,132,95,109,115,135,5,64,96,117,25,147,57,68,110
[  6] Sent Broadcast: 1|0,60,71,101,140,1,105,85,100,148,27,10,30,13,7,127,80,81,17,83,93,144,53,26,86,98,131,89,142,62,97,11,3,20,78,107,128,104,137,38,66,99,50,132,95,109,115,135,5,64,96,117,25,35,133,6,57
[ 28] Received message from  49: 1|60,71,101,140,1,105,85,100,148,27,10,30,13,7,127,80,81,17,83,93,144,53,26,86,98,131,2,12,74,103,108,22,143,31,106,113,150,18,61,111,69,75,48,9,37,44,84,94,129,49,88,28
[ 88] Received message from  84: 1|60,71,101,140,1,105,85,100,148,27,10,30,13,7,127,80,81,17,83,93,144,53,26,86,98,131,2,12,74,103,108,22,143,31,106,113,150,18,61,111,69,75,48,9,37,44,84,94,129,88
[ 49] Sent Broadcast: 1|60,71,101,140,1,105,85,100,148,27,10,30,13,7,127,80,81,17,83,93,144,53,26,86,98,131,2,12,74,103,108,22,143,31,106,113,150,18,61,111,69,75,48,9,37,44,84,94,129,49,88,28
[ 84] Sent Broadcast: 1|60,71,101,140,1,105,85,100,148,27,10,30,13,7,127,80,81,17,83,93,144,53,26,86,98,131,2,12,74,103,108,22,143,31,106,113,150,18,61,111,69,75,48,9,37,44,84,94,129,88
[119] Received message from  88: 1|60,71,101,140,1,105,85,100,148,27,10,30,13,7,127,80,81,17,83,93,144,53,26,86,98,131,2,12,74,103,108,22,143,31,106,113,150,18,61,111,69,75,48,9,37,44,84,94,129,49,88,119
[ 88] Sent Broadcast: 1|60,71,101,140,1,105,85,100,148,27,10,30,13,7,127,80,81,17,83,93,144,53,26,86,98,131,2,12,74,103,108,22,143,31,106,113,150,18,61,111,69,75,48,9,37,44,84,94,129,49,88,119
[ 68] Received message from 147: 1|0,60,71,101,140,1,105,85,100,148,27,10,30,13,7,127,80,81,17,83,93,144,53,26,86,98,131,89,142,62,97,11,3,20,78,107,128,104,137,38,66,99,50,132,95,109,115,135,5,64,96,117,25,147,57,68,110
[124] Received message from  57: 1|0,60,71,101,140,1,105,85,100,148,27,10,30,13,7,127,80,81,17,83,93,144,53,26,86,98,131,89,142,62,97,11,3,20,78,107,128,104,137,38,66,99,50,132,95,109,115,135,5,64,96,117,25,35,133,6,57,124,147
[110] Received message from 147: 1|0,60,71,101,140,1,105,85,100,148,27,10,30,13,7,127,80,81,17,83,93,144,53,26,86,98,131,89,142,62,97,11,3,20,78,107,128,104,137,38,66,99,50,132,95,109,115,135,5,64,96,117,25,147,57,68,110
[129] Received message from  48: 1|60,71,101,140,1,105,85,100,148,27,10,30,13,7,127,80,81,17,83,93,144,53,26,86,98,131,2,12,74,103,108,22,143,31,106,113,150,18,61,111,69,75,48,9,37,44,84,94,129
[  8] Received message from  28: 1|60,71,101,140,1,105,85,100,148,27,10,30,13,7,127,80,81,17,83,93,144,53,26,86,98,131,2,12,74,103,108,22,143,31,106,113,150,18,61,111,69,75,48,9,37,44,84,94,129,49,88,28,8,45,90,116
[147] Sent Broadcast: 1|0,60,71,101,140,1,105,85,100,148,27,10,30,13,7,127,80,81,17,83,93,144,53,26,86,98,131,89,142,62,97,11,3,20,78,107,128,104,137,38,66,99,50,132,95,109,115,135,5,64,96,117,25,147,57,68,110
[ 48] Sent Broadcast: 1|60,71,101,140,1,105,85,100,148,27,10,30,13,7,127,80,81,17,83,93,144,53,26,86,98,131,2,12,74,103,108,22,143,31,106,113,150,18,61,111,69,75,48,9,37,44,84,94,129
[ 72] Received message from 124: 1|0,60,71,101,140,1,105,85,100,148,27,10,30,13,7,127,80,81,17,83,93,144,53,26,86,98,131,89,142,62,97,11,3,20,78,107,128,104,137,38,66,99,50,132,95,109,115,135,5,64,96,117,25,35,133,6,57,124,147,72
[147] Received message from  57: 1|0,60,71,101,140,1,105,85,100,148,27,10,30,13,7,127,80,81,17,83,93,144,53,26,86,98,131,89,142,62,97,11,3,20,78,107,128,104,137,38,66,99,50,132,95,109,115,135,5,64,96,117,25,35,133,6,57,124,147
[ 45] Received message from  28: 1|60,71,101,140,1,105,85,100,148,27,10,30,13,7,127,80,81,17,83,93,144,53,26,86,98,131,2,12,74,103,108,22,143,31,106,113,150,18,61,111,69,75,48,9,37,44,84,94,129,49,88,28,8,45,90,116
[ 57] Sent Broadcast: 1|0,60,71,101,140,1,105,85,100,148,27,10,30,13,7,127,80,81,17,83,93,144,53,26,86,98,131,89,142,62,97,11,3,20,78,107,128,104,137,38,66,99,50,132,95,109,115,135,5,64,96,117,25,35,133,6,57,124,147
[124] Sent Broadcast: 1|0,60,71,101,140,1,105,85,100,148,27,10,30,13,7,127,80,81,17,83,93,144,53,26,86,98,131,89,142,62,97,11,3,20,78,107,128,104,137,38,66,99,50,132,95,109,115,135,5,64,96,117,25,35,133,6,57,124,147,72
[ 34] Received message from  72: 1|0,60,71,101,140,1,105,85,100,148,27,10,30,13,7,127,80,81,17,83,93,144,53,26,86,98,131,89,142,62,97,11,3,20,78,107,128,104,137,38,66,99,50,132,95,109,115,135,5,64,96,117,25,35,133,6,57,124,147,72,34,52,114,118
[ 90] Received message from  28: 1|60,71,101,140,1,105,85,100,148,27,10,30,13,7,127,80,81,17,83,93,144,53,26,86,98,131,2,12,74,103,108,22,143,31,106,113,150,18,61,111,69,75,48,9,37,44,84,94,129,49,88,28,8,45,90,116
[ 24] Received message from  34: 1|0,60,71,101,140,1,105,85,100,148,27,10,30,13,7,127,80,81,17,83,93,144,53,26,86,98,131,89,142,62,97,11,3,20,78,107,128,104,137,38,66,99,50,132,95,109,115,135,5,64,96,117,25,35,133,6,57,124,147,72,34,52,114,118,24,32
[ 52] Received message from  72: 1|0,60,71,101,140,1,105,85,100,148,27,10,30,13,7,127,80,81,17,83,93,144,53,26,86,98,131,89,142,62,97,11,3,20,78,107,128,104,137,38,66,99,50,132,95,109,115,135,5,64,96,117,25,35,133,6,57,124,147,72,34,52,114,118
[116] Received message from  28: 1|60,71,101,140,1,105,85,100,148,27,10,30,13,7,127,80,81,17,83,93,144,53,26,86,98,131,2,12,74,103,108,22,143,31,106,113,150,18,61,111,69,75,48,9,37,44,84,94,129,49,88,28,8,45,90,116
[114] Received message from  72: 1|0,60,71,101,140,1,105,85,100,148,27,10,30,13,7,127,80,81,17,83,93,144,53,26,86,98,131,89,142,62,97,11,3,20,78,107,128,104,137,38,66,99,50,132,95,109,115,135,5,64,96,117,25,35,133,6,57,124,147,72,34,52,114,118
[ 28] Sent Broadcast: 1|60,71,101,140,1,105,85,100,148,27,10,30,13,7,127,80,81,17,83,93,144,53,26,86,98,131,2,12,74,103,108,22,143,31,106,113,150,18,61,111,69,75,48,9,37,44,84,94,129,49,88,28,8,45,90,116
[ 32] Received message from  34: 1|0,60,71,101,140,1,105,85,100,148,27,10,30,13,7,127,80,81,17,83,93,144,53,26,86,98,131,89,142,62,97,11,3,20,78,107,128,104,137,38,66,99,50,132,95,109,115,135,5,64,96,117,25,35,133,6,57,124,147,72,34,52,114,118,24,32
[ 34] Sent Broadcast: 1|0,60,71,101,140,1,105,85,100,148,27,10,30,13,7,127,80,81,17,83,93,144,53,26,86,98,131,89,142,62,97,11,3,20,78,107,128,104,137,38,66,99,50,132,95,109,115,135,5,64,96,117,25,35,133,6,57,124,147,72,34,52,114,118,24,32
[118] Received message from  72: 1|0,60,71,101,140,1,105,85,100,148,27,10,30,13,7,127,80,81,17,83,93,144,53,26,86,98,131,89,142,62,97,11,3,20,78,107,128,104,137,38,66,99,50,132,95,109,115,135,5,64,96,117,25,35,133,6,57,124,147,72,34,52,114,118
[ 72] Sent Broadcast: 1|0,60,71,101,140,1,105,85,100,148,27,10,30,13,7,127,80,81,17,83,93,144,53,26,86,98,131,89,142,62,97,11,3,20,78,107,128,104,137,38,66,99,50,132,95,109,115,135,5,64,96,117,25,35,133,6,57,124,147,72,34,52,114,118
[ 24] Received message from  52: 1|0,60,71,101,140,1,105,85,100,148,27,10,30,13,7,127,80,81,17,83,93,144,53,26,86,98,131,89,142,62,97,11,3,20,78,107,128,104,137,38,66,99,50,132,95,109,115,135,5,64,96,117,25,35,133,6,57,124,147,72,34,52,114,118,24,32
[ 32] Received message from  52: 1|0,60,71,101,140,1,105,85,100,148,27,10,30,13,7,127,80,81,17,83,93,144,53,26,86,98,131,89,142,62,97,11,3,20,78,107,128,104,137,38,66,99,50,132,95,109,115,135,5,64,96,117,25,35,133,6,57,124,147,72,34,52,114,118,24,32
[ 52] Sent Broadcast: 1|0,60,71,101,140,1,105,85,100,148,27,10,30,13,7,127,80,81,17,83,93,144,53,26,86,98,131,89,142,62,97,11,3,20,78,107,128,104,137,38,66,99,50,132,95,109,115,135,5,64,96,117,25,35,133,6,57,124,147,72,34,52,114,118,24,32
[149] Received message from   4: 4|0,149
[  4] Sent Broadcast: 4|0,149
[ 63] Received message from  21: 21|0,63
[ 21] Sent Broadcast: 21|0,63
