[131] Received message from   1: 1|0,131
[  1] Sent Broadcast: 1|0,131
[  9] Received message from   2: 2|0,9,32,38,148
[ 32] Received message from   2: 2|0,9,32,38,148
[ 38] Received message from   2: 2|0,9,32,38,148
[148] Received message from   2: 2|0,9,32,38,148
[  2] Sent Broadcast: 2|0,9,32,38,148
[115] Received message from 148: 2|0,9,32,38,148,2,115
[148] Sent Broadcast: 2|0,9,32,38,148,2,115
[ 46] Received message from 115: 2|0,9,32,38,148,2,115,46
[115] Sent Broadcast: 2|0,9,32,38,148,2,115,46
[122] Received message from  46: 2|0,9,32,38,148,2,115,46,122
[ 46] Sent Broadcast: 2|0,9,32,38,148,2,115,46,122
[ 41] Received message from 122: 2|0,9,32,38,148,2,115,46,122,41,61
[ 61] Received message from 122: 2|0,9,32,38,148,2,115,46,122,41,61
[122] Sent Broadcast: 2|0,9,32,38,148,2,115,46,122,41,61
[ 44] Received message from   3: 3|0,44,52,67,142
[ 52] Received message from   3: 3|0,44,52,67,142
[ 21] Received message from  44: 3|0,44,52,67,142,3,21,28,116
[ 67] Received message from   3: 3|0,44,52,67,142
[ 21] Received message from  52: 3|0,44,52,67,142,3,21,28,85,137
[ 28] Received message from  44: 3|0,44,52,67,142,3,21,28,116
[142] Received message from   3: 3|0,44,52,67,142
[ 85] Received message from  21: 3|0,44,52,67,142,3,21,28,116,85,104
[  3] Sent Broadcast: 3|0,44,52,67,142
[116] Received message from  44: 3|0,44,52,67,142,3,21,28,116
[ 44] Sent Broadcast: 3|0,44,52,67,142,3,21,28,116
[ 28] Received message from  52: 3|0,44,52,67,142,3,21,28,85,137
[104] Received message from  21: 3|0,44,52,67,142,3,21,28,116,85,104
[137] Received message from  28: 3|0,44,52,67,142,3,21,28,116,137,143
[ 21] Sent Broadcast: 3|0,44,52,67,142,3,21,28,116,85,104
[ 28] Received message from  67: 3|0,44,52,67,142,3,28,137,143
[ 85] Received message from  52: 3|0,44,52,67,142,3,21,28,85,137
[143] Received message from  28: 3|0,44,52,67,142,3,21,28,116,137,143
[137] Received message from  67: 3|0,44,52,67,142,3,28,137,143
[ 11] Received message from 104: 3|0,44,52,67,142,3,21,28,116,85,104,11,105
[ 28] Sent Broadcast: 3|0,44,52,67,142,3,21,28,116,137,143
[ 21] Received message from 142: 3|0,44,52,67,142,3,21,28,85,116
[ 37] Received message from 137: 3|0,44,52,67,142,3,21,28,116,137,143,37,80
[137] Received message from  52: 3|0,44,52,67,142,3,21,28,85,137
[ 11] Received message from 116: 3|0,44,52,67,142,3,21,28,116,11,85,104,105
[ 17] Received message from  85: 3|0,44,52,67,142,3,21,28,116,85,104,17,62,72,134
[143] Received message from  67: 3|0,44,52,67,142,3,28,137,143
[ 52] Sent Broadcast: 3|0,44,52,67,142,3,21,28,85,137
[ 62] Received message from  85: 3|0,44,52,67,142,3,21,28,116,85,104,17,62,72,134
[ 18] Received message from  11: 3|0,44,52,67,142,3,21,28,116,85,104,11,105,18
[ 67] Sent Broadcast: 3|0,44,52,67,142,3,28,137,143
[ 28] Received message from 142: 3|0,44,52,67,142,3,21,28,85,116
[105] Received message from 104: 3|0,44,52,67,142,3,21,28,116,85,104,11,105
[ 11] Sent Broadcast: 3|0,44,52,67,142,3,21,28,116,85,104,11,105,18
[ 35] Received message from 143: 3|0,44,52,67,142,3,21,28,116,137,143,35,37
[104] Sent Broadcast: 3|0,44,52,67,142,3,21,28,116,85,104,11,105
[ 80] Received message from 137: 3|0,44,52,67,142,3,21,28,116,137,143,37,80
[ 85] Received message from 116: 3|0,44,52,67,142,3,21,28,116,11,85,104,105
[137] Sent Broadcast: 3|0,44,52,67,142,3,21,28,116,137,143,37,80
[ 72] Received message from  85: 3|0,44,52,67,142,3,21,28,116,85,104,17,62,72,134
[ 35] Received message from  37: 3|0,44,52,67,142,3,21,28,116,137,143,37,80,35,43
[134] Received message from  85: 3|0,44,52,67,142,3,21,28,116,85,104,17,62,72,134
[ 85] Sent Broadcast: 3|0,44,52,67,142,3,21,28,116,85,104,17,62,72,134
[ 43] Received message from  37: 3|0,44,52,67,142,3,21,28,116,137,143,37,80,35,43
[ 37] Sent Broadcast: 3|0,44,52,67,142,3,21,28,116,137,143,37,80,35,43
[ 18] Received message from 105: 3|0,44,52,67,142,3,21,28,116,85,104,11,105,18
[104] Received message from 116: 3|0,44,52,67,142,3,21,28,116,11,85,104,105
[105] Sent Broadcast: 3|0,44,52,67,142,3,21,28,116,85,104,11,105,18
[ 43] Received message from  35: 3|0,44,52,67,142,3,21,28,116,137,143,35,37,43
[105] Received message from 116: 3|0,44,52,67,142,3,21,28,116,11,85,104,105
[ 37] Received message from 143: 3|0,44,52,67,142,3,21,28,116,137,143,35,37
[116] Sent Broadcast: 3|0,44,52,67,142,3,21,28,116,11,85,104,105
[ 85] Received message from 142: 3|0,44,52,67,142,3,21,28,85,116
[ 35] Sent Broadcast: 3|0,44,52,67,142,3,21,28,116,137,143,35,37,43
[143] Sent Broadcast: 3|0,44,52,67,142,3,21,28,116,137,143,35,37
[ 89] Received message from  43: 3|0,44,52,67,142,3,21,28,116,137,143,37,80,35,43,89
[ 43] Sent Broadcast: 3|0,44,52,67,142,3,21,28,116,137,143,37,80,35,43,89
[116] Received message from 142: 3|0,44,52,67,142,3,21,28,85,116
[142] Sent Broadcast: 3|0,44,52,67,142,3,21,28,85,116
[ 36] Received message from  89: 3|0,44,52,67,142,3,21,28,116,137,143,37,80,35,43,89,36,68,95,141
[ 68] Received message from  89: 3|0,44,52,67,142,3,21,28,116,137,143,37,80,35,43,89,36,68,95,141
[ 74] Received message from  68: 3|0,44,52,67,142,3,21,28,116,137,143,37,80,35,43,89,36,68,95,141,74,129,140,149
[ 56] Received message from  36: 3|0,44,52,67,142,3,21,28,116,137,143,37,80,35,43,89,36,68,95,141,56,129,144
[ 95] Received message from  89: 3|0,44,52,67,142,3,21,28,116,137,143,37,80,35,43,89,36,68,95,141
[129] Received message from  68: 3|0,44,52,67,142,3,21,28,116,137,143,37,80,35,43,89,36,68,95,141,74,129,140,149
[ 12] Received message from  56: 3|0,44,52,67,142,3,21,28,116,137,143,37,80,35,43,89,36,68,95,141,56,129,144,12
[141] Received message from  89: 3|0,44,52,67,142,3,21,28,116,137,143,37,80,35,43,89,36,68,95,141
[129] Received message from  36: 3|0,44,52,67,142,3,21,28,116,137,143,37,80,35,43,89,36,68,95,141,56,129,144
[ 56] Sent Broadcast: 3|0,44,52,67,142,3,21,28,116,137,143,37,80,35,43,89,36,68,95,141,56,129,144,12
[ 89] Sent Broadcast: 3|0,44,52,67,142,3,21,28,116,137,143,37,80,35,43,89,36,68,95,141
[140] Received message from  68: 3|0,44,52,67,142,3,21,28,116,137,143,37,80,35,43,89,36,68,95,141,74,129,140,149
[144] Received message from  36: 3|0,44,52,67,142,3,21,28,116,137,143,37,80,35,43,89,36,68,95,141,56,129,144
[ 36] Sent Broadcast: 3|0,44,52,67,142,3,21,28,116,137,143,37,80,35,43,89,36,68,95,141,56,129,144
[ 16] Received message from 129: 3|0,44,52,67,142,3,21,28,116,137,143,37,80,35,43,89,36,68,95,141,74,129,140,149,16,65,144
[149] Received message from  68: 3|0,44,52,67,142,3,21,28,116,137,143,37,80,35,43,89,36,68,95,141,74,129,140,149
[ 16] Received message from 140: 3|0,44,52,67,142,3,21,28,116,137,143,37,80,35,43,89,36,68,95,141,74,129,140,149,16,65,75
[ 68] Sent Broadcast: 3|0,44,52,67,142,3,21,28,116,137,143,37,80,35,43,89,36,68,95,141,74,129,140,149
[ 65] Received message from 129: 3|0,44,52,67,142,3,21,28,116,137,143,37,80,35,43,89,36,68,95,141,74,129,140,149,16,65,144
[ 65] Received message from 140: 3|0,44,52,67,142,3,21,28,116,137,143,37,80,35,43,89,36,68,95,141,74,129,140,149,16,65,75
[ 54] Received message from  16: 3|0,44,52,67,142,3,21,28,116,137,143,37,80,35,43,89,36,68,95,141,74,129,140,149,16,65,75,54
[ 65] Received message from 149: 3|0,44,52,67,142,3,21,28,116,137,143,37,80,35,43,89,36,68,95,141,74,129,140,149,65,75,81
[ 75] Received message from  65: 3|0,44,52,67,142,3,21,28,116,137,143,37,80,35,43,89,36,68,95,141,74,129,140,149,16,65,144,75
[144] Received message from 129: 3|0,44,52,67,142,3,21,28,116,137,143,37,80,35,43,89,36,68,95,141,74,129,140,149,16,65,144
[129] Sent Broadcast: 3|0,44,52,67,142,3,21,28,116,137,143,37,80,35,43,89,36,68,95,141,74,129,140,149,16,65,144
[ 16] Sent Broadcast: 3|0,44,52,67,142,3,21,28,116,137,143,37,80,35,43,89,36,68,95,141,74,129,140,149,16,65,75,54
[ 65] Sent Broadcast: 3|0,44,52,67,142,3,21,28,116,137,143,37,80,35,43,89,36,68,95,141,74,129,140,149,16,65,144,75
[ 75] Received message from 140: 3|0,44,52,67,142,3,21,28,116,137,143,37,80,35,43,89,36,68,95,141,74,129,140,149,16,65,75
[140] Sent Broadcast: 3|0,44,52,67,142,3,21,28,116,137,143,37,80,35,43,89,36,68,95,141,74,129,140,149,16,65,75
[ 93] Received message from  54: 3|0,44,52,67,142,3,21,28,116,137,143,37,80,35,43,89,36,68,95,141,74,129,140,149,16,65,75,54,93
[ 81] Received message from  75: 3|0,44,52,67,142,3,21,28,116,137,143,37,80,35,43,89,36,68,95,141,74,129,140,149,16,65,144,75,81
[ 54] Sent Broadcast: 3|0,44,52,67,142,3,21,28,116,137,143,37,80,35,43,89,36,68,95,141,74,129,140,149,16,65,75,54,93
[ 16] Received message from  74: 3|0,44,52,67,142,3,21,28,116,137,143,37,80,35,43,89,36,68,95,141,74,129,140,149,16,65,75,81
[ 75] Sent Broadcast: 3|0,44,52,67,142,3,21,28,116,137,143,37,80,35,43,89,36,68,95,141,74,129,140,149,16,65,144,75,81
[ 65] Received message from  74: 3|0,44,52,67,142,3,21,28,116,137,143,37,80,35,43,89,36,68,95,141,74,129,140,149,16,65,75,81
[ 93] Received message from 144: 3|0,44,52,67,142,3,21,28,116,137,143,37,80,35,43,89,36,68,95,141,74,129,140,149,16,65,144,93
[144] Sent Broadcast: 3|0,44,52,67,142,3,21,28,116,137,143,37,80,35,43,89,36,68,95,141,74,129,140,149,16,65,144,93
[ 79] Received message from  93: 3|0,44,52,67,142,3,21,28,116,137,143,37,80,35,43,89,36,68,95,141,74,129,140,149,16,65,75,54,93,79,144
[ 55] Received message from  81: 3|0,44,52,67,142,3,21,28,116,137,143,37,80,35,43,89,36,68,95,141,74,129,140,149,16,65,144,75,81,55,132
[144] Received message from  93: 3|0,44,52,67,142,3,21,28,116,137,143,37,80,35,43,89,36,68,95,141,74,129,140,149,16,65,75,54,93,79,144
[ 75] Received message from 149: 3|0,44,52,67,142,3,21,28,116,137,143,37,80,35,43,89,36,68,95,141,74,129,140,149,65,75,81
[ 93] Sent Broadcast: 3|0,44,52,67,142,3,21,28,116,137,143,37,80,35,43,89,36,68,95,141,74,129,140,149,16,65,75,54,93,79,144
[ 40] Received message from  79: 3|0,44,52,67,142,3,21,28,116,137,143,37,80,35,43,89,36,68,95,141,74,129,140,149,16,65,75,54,93,79,144,40,45
[ 75] Received message from  74: 3|0,44,52,67,142,3,21,28,116,137,143,37,80,35,43,89,36,68,95,141,74,129,140,149,16,65,75,81
[132] Received message from  81: 3|0,44,52,67,142,3,21,28,116,137,143,37,80,35,43,89,36,68,95,141,74,129,140,149,16,65,144,75,81,55,132
[ 81] Sent Broadcast: 3|0,44,52,67,142,3,21,28,116,137,143,37,80,35,43,89,36,68,95,141,74,129,140,149,16,65,144,75,81,55,132
[ 81] Received message from 149: 3|0,44,52,67,142,3,21,28,116,137,143,37,80,35,43,89,36,68,95,141,74,129,140,149,65,75,81
[ 78] Received message from  55: 3|0,44,52,67,142,3,21,28,116,137,143,37,80,35,43,89,36,68,95,141,74,129,140,149,16,65,144,75,81,55,132,78,121
[ 45] Received message from  79: 3|0,44,52,67,142,3,21,28,116,137,143,37,80,35,43,89,36,68,95,141,74,129,140,149,16,65,75,54,93,79,144,40,45
[ 79] Sent Broadcast: 3|0,44,52,67,142,3,21,28,116,137,143,37,80,35,43,89,36,68,95,141,74,129,140,149,16,65,75,54,93,79,144,40,45
[ 81] Received message from  74: 3|0,44,52,67,142,3,21,28,116,137,143,37,80,35,43,89,36,68,95,141,74,129,140,149,16,65,75,81
[149] Sent Broadcast: 3|0,44,52,67,142,3,21,28,116,137,143,37,80,35,43,89,36,68,95,141,74,129,140,149,65,75,81
[ 74] Sent Broadcast: 3|0,44,52,67,142,3,21,28,116,137,143,37,80,35,43,89,36,68,95,141,74,129,140,149,16,65,75,81
[ 69] Received message from 132: 3|0,44,52,67,142,3,21,28,116,137,143,37,80,35,43,89,36,68,95,141,74,129,140,149,16,65,144,75,81,55,132,69,114,138
[121] Received message from  55: 3|0,44,52,67,142,3,21,28,116,137,143,37,80,35,43,89,36,68,95,141,74,129,140,149,16,65,144,75,81,55,132,78,121
[  6] Received message from  78: 3|0,44,52,67,142,3,21,28,116,137,143,37,80,35,43,89,36,68,95,141,74,129,140,149,16,65,144,75,81,55,132,78,121,6,102,120,125,126
[ 55] Sent Broadcast: 3|0,44,52,67,142,3,21,28,116,137,143,37,80,35,43,89,36,68,95,141,74,129,140,149,16,65,144,75,81,55,132,78,121
[114] Received message from 132: 3|0,44,52,67,142,3,21,28,116,137,143,37,80,35,43,89,36,68,95,141,74,129,140,149,16,65,144,75,81,55,132,69,114,138
[  6] Received message from 121: 3|0,44,52,67,142,3,21,28,116,137,143,37,80,35,43,89,36,68,95,141,74,129,140,149,16,65,144,75,81,55,132,78,121,6,102,120,125,126
[ 70] Received message from   6: 3|0,44,52,67,142,3,21,28,116,137,143,37,80,35,43,89,36,68,95,141,74,129,140,149,16,65,144,75,81,55,132,78,121,6,102,120,125,126,70,71
[102] Received message from  78: 3|0,44,52,67,142,3,21,28,116,137,143,37,80,35,43,89,36,68,95,141,74,129,140,149,16,65,144,75,81,55,132,78,121,6,102,120,125,126
[ 71] Received message from   6: 3|0,44,52,67,142,3,21,28,116,137,143,37,80,35,43,89,36,68,95,141,74,129,140,149,16,65,144,75,81,55,132,78,121,6,102,120,125,126,70,71
[  6] Sent Broadcast: 3|0,44,52,67,142,3,21,28,116,137,143,37,80,35,43,89,36,68,95,141,74,129,140,149,16,65,144,75,81,55,132,78,121,6,102,120,125,126,70,71
[102] Received message from 121: 3|0,44,52,67,142,3,21,28,116,137,143,37,80,35,43,89,36,68,95,141,74,129,140,149,16,65,144,75,81,55,132,78,121,6,102,120,125,126
[120] Received message from  78: 3|0,44,52,67,142,3,21,28,116,137,143,37,80,35,43,89,36,68,95,141,74,129,140,149,16,65,144,75,81,55,132,78,121,6,102,120,125,126
[113] Received message from 102: 3|0,44,52,67,142,3,21,28,116,137,143,37,80,35,43,89,36,68,95,141,74,129,140,149,16,65,144,75,81,55,132,78,121,6,102,120,125,126,113
[125] Received message from  78: 3|0,44,52,67,142,3,21,28,116,137,143,37,80,35,43,89,36,68,95,141,74,129,140,149,16,65,144,75,81,55,132,78,121,6,102,120,125,126
[102] Sent Broadcast: 3|0,44,52,67,142,3,21,28,116,137,143,37,80,35,43,89,36,68,95,141,74,129,140,149,16,65,144,75,81,55,132,78,121,6,102,120,125,126,113
[126] Received message from  78: 3|0,44,52,67,142,3,21,28,116,137,143,37,80,35,43,89,36,68,95,141,74,129,140,149,16,65,144,75,81,55,132,78,121,6,102,120,125,126
[138] Received message from 132: 3|0,44,52,67,142,3,21,28,116,137,143,37,80,35,43,89,36,68,95,141,74,129,140,149,16,65,144,75,81,55,132,69,114,138
[120] Received message from 121: 3|0,44,52,67,142,3,21,28,116,137,143,37,80,35,43,89,36,68,95,141,74,129,140,149,16,65,144,75,81,55,132,78,121,6,102,120,125,126
[ 78] Sent Broadcast: 3|0,44,52,67,142,3,21,28,116,137,143,37,80,35,43,89,36,68,95,141,74,129,140,149,16,65,144,75,81,55,132,78,121,6,102,120,125,126
[132] Sent Broadcast: 3|0,44,52,67,142,3,21,28,116,137,143,37,80,35,43,89,36,68,95,141,74,129,140,149,16,65,144,75,81,55,132,69,114,138
[123] Received message from  71: 3|0,44,52,67,142,3,21,28,116,137,143,37,80,35,43,89,36,68,95,141,74,129,140,149,16,65,144,75,81,55,132,78,121,6,102,120,125,126,70,71,123
[ 70] Received message from 125: 3|0,44,52,67,142,3,21,28,116,137,143,37,80,35,43,89,36,68,95,141,74,129,140,149,16,65,144,75,81,55,132,78,121,6,102,120,125,126,70,71
[ 23] Received message from 113: 3|0,44,52,67,142,3,21,28,116,137,143,37,80,35,43,89,36,68,95,141,74,129,140,149,16,65,144,75,81,55,132,78,121,6,102,120,125,126,113,23,26,98,130
[ 71] Sent Broadcast: 3|0,44,52,67,142,3,21,28,116,137,143,37,80,35,43,89,36,68,95,141,74,129,140,149,16,65,144,75,81,55,132,78,121,6,102,120,125,126,70,71,123
[125] Received message from 121: 3|0,44,52,67,142,3,21,28,116,137,143,37,80,35,43,89,36,68,95,141,74,129,140,149,16,65,144,75,81,55,132,78,121,6,102,120,125,126
[100] Received message from 123: 3|0,44,52,67,142,3,21,28,116,137,143,37,80,35,43,89,36,68,95,141,74,129,140,149,16,65,144,75,81,55,132,78,121,6,102,120,125,126,70,71,123,100,136
[ 27] Received message from  23: 3|0,44,52,67,142,3,21,28,116,137,143,37,80,35,43,89,36,68,95,141,74,129,140,149,16,65,144,75,81,55,132,78,121,6,102,120,125,126,113,23,26,98,130,27,66,88
[ 71] Received message from 125: 3|0,44,52,67,142,3,21,28,116,137,143,37,80,35,43,89,36,68,95,141,74,129,140,149,16,65,144,75,81,55,132,78,121,6,102,120,125,126,70,71
[136] Received message from 123: 3|0,44,52,67,142,3,21,28,116,137,143,37,80,35,43,89,36,68,95,141,74,129,140,149,16,65,144,75,81,55,132,78,121,6,102,120,125,126,70,71,123,100,136
[ 26] Received message from 113: 3|0,44,52,67,142,3,21,28,116,137,143,37,80,35,43,89,36,68,95,141,74,129,140,149,16,65,144,75,81,55,132,78,121,6,102,120,125,126,113,23,26,98,130
[ 66] Received message from  23: 3|0,44,52,67,142,3,21,28,116,137,143,37,80,35,43,89,36,68,95,141,74,129,140,149,16,65,144,75,81,55,132,78,121,6,102,120,125,126,113,23,26,98,130,27,66,88
[ 99] Received message from  70: 3|0,44,52,67,142,3,21,28,116,137,143,37,80,35,43,89,36,68,95,141,74,129,140,149,16,65,144,75,81,55,132,78,121,6,102,120,125,126,70,71,99,118,124
[126] Received message from 121: 3|0,44,52,67,142,3,21,28,116,137,143,37,80,35,43,89,36,68,95,141,74,129,140,149,16,65,144,75,81,55,132,78,121,6,102,120,125,126
[123] Sent Broadcast: 3|0,44,52,67,142,3,21,28,116,137,143,37,80,35,43,89,36,68,95,141,74,129,140,149,16,65,144,75,81,55,132,78,121,6,102,120,125,126,70,71,123,100,136
[ 20] Received message from 136: 3|0,44,52,67,142,3,21,28,116,137,143,37,80,35,43,89,36,68,95,141,74,129,140,149,16,65,144,75,81,55,132,78,121,6,102,120,125,126,70,71,123,100,136,20,24,39
[125] Sent Broadcast: 3|0,44,52,67,142,3,21,28,116,137,143,37,80,35,43,89,36,68,95,141,74,129,140,149,16,65,144,75,81,55,132,78,121,6,102,120,125,126,70,71
[121] Sent Broadcast: 3|0,44,52,67,142,3,21,28,116,137,143,37,80,35,43,89,36,68,95,141,74,129,140,149,16,65,144,75,81,55,132,78,121,6,102,120,125,126
[ 53] Received message from  99: 3|0,44,52,67,142,3,21,28,116,137,143,37,80,35,43,89,36,68,95,141,74,129,140,149,16,65,144,75,81,55,132,78,121,6,102,120,125,126,70,71,99,118,124,53,127
[  8] Received message from 100: 3|0,44,52,67,142,3,21,28,116,137,143,37,80,35,43,89,36,68,95,141,74,129,140,149,16,65,144,75,81,55,132,78,121,6,102,120,125,126,70,71,123,100,136,8,14,24,39,47,57,59,84,91,92,109,147
[ 13] Received message from  27: 3|0,44,52,67,142,3,21,28,116,137,143,37,80,35,43,89,36,68,95,141,74,129,140,149,16,65,144,75,81,55,132,78,121,6,102,120,125,126,113,23,26,98,130,27,66,88,13
[ 24] Received message from 136: 3|0,44,52,67,142,3,21,28,116,137,143,37,80,35,43,89,36,68,95,141,74,129,140,149,16,65,144,75,81,55,132,78,121,6,102,120,125,126,70,71,123,100,136,20,24,39
[ 98] Received message from 113: 3|0,44,52,67,142,3,21,28,116,137,143,37,80,35,43,89,36,68,95,141,74,129,140,149,16,65,144,75,81,55,132,78,121,6,102,120,125,126,113,23,26,98,130
[ 88] Received message from  23: 3|0,44,52,67,142,3,21,28,116,137,143,37,80,35,43,89,36,68,95,141,74,129,140,149,16,65,144,75,81,55,132,78,121,6,102,120,125,126,113,23,26,98,130,27,66,88
[ 23] Sent Broadcast: 3|0,44,52,67,142,3,21,28,116,137,143,37,80,35,43,89,36,68,95,141,74,129,140,149,16,65,144,75,81,55,132,78,121,6,102,120,125,126,113,23,26,98,130,27,66,88
[118] Received message from  70: 3|0,44,52,67,142,3,21,28,116,137,143,37,80,35,43,89,36,68,95,141,74,129,140,149,16,65,144,75,81,55,132,78,121,6,102,120,125,126,70,71,99,118,124
[124] Received message from  70: 3|0,44,52,67,142,3,21,28,116,137,143,37,80,35,43,89,36,68,95,141,74,129,140,149,16,65,144,75,81,55,132,78,121,6,102,120,125,126,70,71,99,118,124
[ 70] Sent Broadcast: 3|0,44,52,67,142,3,21,28,116,137,143,37,80,35,43,89,36,68,95,141,74,129,140,149,16,65,144,75,81,55,132,78,121,6,102,120,125,126,70,71,99,118,124
[ 83] Received message from   8: 3|0,44,52,67,142,3,21,28,116,137,143,37,80,35,43,89,36,68,95,141,74,129,140,149,16,65,144,75,81,55,132,78,121,6,102,120,125,126,70,71,123,100,136,8,14,24,39,47,57,59,84,91,92,109,147,83
[150] Received message from 124: 3|0,44,52,67,142,3,21,28,116,137,143,37,80,35,43,89,36,68,95,141,74,129,140,149,16,65,144,75,81,55,132,78,121,6,102,120,125,126,70,71,99,118,124,150
[  8] Sent Broadcast: 3|0,44,52,67,142,3,21,28,116,137,143,37,80,35,43,89,36,68,95,141,74,129,140,149,16,65,144,75,81,55,132,78,121,6,102,120,125,126,70,71,123,100,136,8,14,24,39,47,57,59,84,91,92,109,147,83
[127] Received message from  99: 3|0,44,52,67,142,3,21,28,116,137,143,37,80,35,43,89,36,68,95,141,74,129,140,149,16,65,144,75,81,55,132,78,121,6,102,120,125,126,70,71,99,118,124,53,127
[ 27] Sent Broadcast: 3|0,44,52,67,142,3,21,28,116,137,143,37,80,35,43,89,36,68,95,141,74,129,140,149,16,65,144,75,81,55,132,78,121,6,102,120,125,126,113,23,26,98,130,27,66,88,13
[ 13] Received message from  66: 3|0,44,52,67,142,3,21,28,116,137,143,37,80,35,43,89,36,68,95,141,74,129,140,149,16,65,144,75,81,55,132,78,121,6,102,120,125,126,113,23,26,98,130,27,66,88,13
[ 14] Received message from 100: 3|0,44,52,67,142,3,21,28,116,137,143,37,80,35,43,89,36,68,95,141,74,129,140,149,16,65,144,75,81,55,132,78,121,6,102,120,125,126,70,71,123,100,136,8,14,24,39,47,57,59,84,91,92,109,147
[ 66] Sent Broadcast: 3|0,44,52,67,142,3,21,28,116,137,143,37,80,35,43,89,36,68,95,141,74,129,140,149,16,65,144,75,81,55,132,78,121,6,102,120,125,126,113,23,26,98,130,27,66,88,13
[124] Sent Broadcast: 3|0,44,52,67,142,3,21,28,116,137,143,37,80,35,43,89,36,68,95,141,74,129,140,149,16,65,144,75,81,55,132,78,121,6,102,120,125,126,70,71,99,118,124,150
[ 53] Received message from 118: 3|0,44,52,67,142,3,21,28,116,137,143,37,80,35,43,89,36,68,95,141,74,129,140,149,16,65,144,75,81,55,132,78,121,6,102,120,125,126,70,71,99,118,124,53
[130] Received message from 113: 3|0,44,52,67,142,3,21,28,116,137,143,37,80,35,43,89,36,68,95,141,74,129,140,149,16,65,144,75,81,55,132,78,121,6,102,120,125,126,113,23,26,98,130
[ 39] Received message from 136: 3|0,44,52,67,142,3,21,28,116,137,143,37,80,35,43,89,36,68,95,141,74,129,140,149,16,65,144,75,81,55,132,78,121,6,102,120,125,126,70,71,123,100,136,20,24,39
[ 99] Sent Broadcast: 3|0,44,52,67,142,3,21,28,116,137,143,37,80,35,43,89,36,68,95,141,74,129,140,149,16,65,144,75,81,55,132,78,121,6,102,120,125,126,70,71,99,118,124,53,127
[118] Sent Broadcast: 3|0,44,52,67,142,3,21,28,116,137,143,37,80,35,43,89,36,68,95,141,74,129,140,149,16,65,144,75,81,55,132,78,121,6,102,120,125,126,70,71,99,118,124,53
[ 31] Received message from 150: 3|0,44,52,67,142,3,21,28,116,137,143,37,80,35,43,89,36,68,95,141,74,129,140,149,16,65,144,75,81,55,132,78,121,6,102,120,125,126,70,71,99,118,124,150,31
[113] Sent Broadcast: 3|0,44,52,67,142,3,21,28,116,137,143,37,80,35,43,89,36,68,95,141,74,129,140,149,16,65,144,75,81,55,132,78,121,6,102,120,125,126,113,23,26,98,130
[136] Sent Broadcast: 3|0,44,52,67,142,3,21,28,116,137,143,37,80,35,43,89,36,68,95,141,74,129,140,149,16,65,144,75,81,55,132,78,121,6,102,120,125,126,70,71,123,100,136,20,24,39
[150] Sent Broadcast: 3|0,44,52,67,142,3,21,28,116,137,143,37,80,35,43,89,36,68,95,141,74,129,140,149,16,65,144,75,81,55,132,78,121,6,102,120,125,126,70,71,99,118,124,150,31
[ 24] Received message from 100: 3|0,44,52,67,142,3,21,28,116,137,143,37,80,35,43,89,36,68,95,141,74,129,140,149,16,65,144,75,81,55,132,78,121,6,102,120,125,126,70,71,123,100,136,8,14,24,39,47,57,59,84,91,92,109,147
[ 77] Received message from  53: 3|0,44,52,67,142,3,21,28,116,137,143,37,80,35,43,89,36,68,95,141,74,129,140,149,16,65,144,75,81,55,132,78,121,6,102,120,125,126,70,71,99,118,124,53,127,77
[ 31] Received message from 127: 3|0,44,52,67,142,3,21,28,116,137,143,37,80,35,43,89,36,68,95,141,74,129,140,149,16,65,144,75,81,55,132,78,121,6,102,120,125,126,70,71,99,118,124,53,127,31
[127] Sent Broadcast: 3|0,44,52,67,142,3,21,28,116,137,143,37,80,35,43,89,36,68,95,141,74,129,140,149,16,65,144,75,81,55,132,78,121,6,102,120,125,126,70,71,99,118,124,53,127,31
[  8] Received message from  39: 3|0,44,52,67,142,3,21,28,116,137,143,37,80,35,43,89,36,68,95,141,74,129,140,149,16,65,144,75,81,55,132,78,121,6,102,120,125,126,70,71,123,100,136,20,24,39,8,14,47,59,91,147
[ 53] Sent Broadcast: 3|0,44,52,67,142,3,21,28,116,137,143,37,80,35,43,89,36,68,95,141,74,129,140,149,16,65,144,75,81,55,132,78,121,6,102,120,125,126,70,71,99,118,124,53,127,77
[127] Received message from  31: 3|0,44,52,67,142,3,21,28,116,137,143,37,80,35,43,89,36,68,95,141,74,129,140,149,16,65,144,75,81,55,132,78,121,6,102,120,125,126,70,71,99,118,124,150,31,127
[ 31] Sent Broadcast: 3|0,44,52,67,142,3,21,28,116,137,143,37,80,35,43,89,36,68,95,141,74,129,140,149,16,65,144,75,81,55,132,78,121,6,102,120,125,126,70,71,99,118,124,150,31,127
[ 14] Received message from  39: 3|0,44,52,67,142,3,21,28,116,137,143,37,80,35,43,89,36,68,95,141,74,129,140,149,16,65,144,75,81,55,132,78,121,6,102,120,125,126,70,71,123,100,136,20,24,39,8,14,47,59,91,147
[ 83] Received message from  14: 3|0,44,52,67,142,3,21,28,116,137,143,37,80,35,43,89,36,68,95,141,74,129,140,149,16,65,144,75,81,55,132,78,121,6,102,120,125,126,70,71,123,100,136,8,14,24,39,47,57,59,84,91,92,109,147,83
[ 39] Received message from 100: 3|0,44,52,67,142,3,21,28,116,137,143,37,80,35,43,89,36,68,95,141,74,129,140,149,16,65,144,75,81,55,132,78,121,6,102,120,125,126,70,71,123,100,136,8,14,24,39,47,57,59,84,91,92,109,147
[ 47] Received message from  39: 3|0,44,52,67,142,3,21,28,116,137,143,37,80,35,43,89,36,68,95,141,74,129,140,149,16,65,144,75,81,55,132,78,121,6,102,120,125,126,70,71,123,100,136,20,24,39,8,14,47,59,91,147
[ 14] Sent Broadcast: 3|0,44,52,67,142,3,21,28,116,137,143,37,80,35,43,89,36,68,95,141,74,129,140,149,16,65,144,75,81,55,132,78,121,6,102,120,125,126,70,71,123,100,136,8,14,24,39,47,57,59,84,91,92,109,147,83
[ 13] Received message from  98: 3|0,44,52,67,142,3,21,28,116,137,143,37,80,35,43,89,36,68,95,141,74,129,140,149,16,65,144,75,81,55,132,78,121,6,102,120,125,126,113,23,26,98,130,13,27,66,88
[ 57] Received message from  47: 3|0,44,52,67,142,3,21,28,116,137,143,37,80,35,43,89,36,68,95,141,74,129,140,149,16,65,144,75,81,55,132,78,121,6,102,120,125,126,70,71,123,100,136,20,24,39,8,14,47,59,91,147,57,83,84,92,109
[ 13] Received message from  88: 3|0,44,52,67,142,3,21,28,116,137,143,37,80,35,43,89,36,68,95,141,74,129,140,149,16,65,144,75,81,55,132,78,121,6,102,120,125,126,113,23,26,98,130,27,66,88,13
[ 59] Received message from  39: 3|0,44,52,67,142,3,21,28,116,137,143,37,80,35,43,89,36,68,95,141,74,129,140,149,16,65,144,75,81,55,132,78,121,6,102,120,125,126,70,71,123,100,136,20,24,39,8,14,47,59,91,147
[ 88] Sent Broadcast: 3|0,44,52,67,142,3,21,28,116,137,143,37,80,35,43,89,36,68,95,141,74,129,140,149,16,65,144,75,81,55,132,78,121,6,102,120,125,126,113,23,26,98,130,27,66,88,13
[ 57] Received message from  59: 3|0,44,52,67,142,3,21,28,116,137,143,37,80,35,43,89,36,68,95,141,74,129,140,149,16,65,144,75,81,55,132,78,121,6,102,120,125,126,70,71,123,100,136,20,24,39,8,14,47,59,91,147,57,83,84,92,109
[ 47] Received message from 100: 3|0,44,52,67,142,3,21,28,116,137,143,37,80,35,43,89,36,68,95,141,74,129,140,149,16,65,144,75,81,55,132,78,121,6,102,120,125,126,70,71,123,100,136,8,14,24,39,47,57,59,84,91,92,109,147
[ 91] Received message from  39: 3|0,44,52,67,142,3,21,28,116,137,143,37,80,35,43,89,36,68,95,141,74,129,140,149,16,65,144,75,81,55,132,78,121,6,102,120,125,126,70,71,123,100,136,20,24,39,8,14,47,59,91,147
[ 83] Received message from  47: 3|0,44,52,67,142,3,21,28,116,137,143,37,80,35,43,89,36,68,95,141,74,129,140,149,16,65,144,75,81,55,132,78,121,6,102,120,125,126,70,71,123,100,136,20,24,39,8,14,47,59,91,147,57,83,84,92,109
[ 27] Received message from  98: 3|0,44,52,67,142,3,21,28,116,137,143,37,80,35,43,89,36,68,95,141,74,129,140,149,16,65,144,75,81,55,132,78,121,6,102,120,125,126,113,23,26,98,130,13,27,66,88
[ 57] Received message from 100: 3|0,44,52,67,142,3,21,28,116,137,143,37,80,35,43,89,36,68,95,141,74,129,140,149,16,65,144,75,81,55,132,78,121,6,102,120,125,126,70,71,123,100,136,8,14,24,39,47,57,59,84,91,92,109,147
[ 83] Received message from  59: 3|0,44,52,67,142,3,21,28,116,137,143,37,80,35,43,89,36,68,95,141,74,129,140,149,16,65,144,75,81,55,132,78,121,6,102,120,125,126,70,71,123,100,136,20,24,39,8,14,47,59,91,147,57,83,84,92,109
[ 57] Received message from  91: 3|0,44,52,67,142,3,21,28,116,137,143,37,80,35,43,89,36,68,95,141,74,129,140,149,16,65,144,75,81,55,132,78,121,6,102,120,125,126,70,71,123,100,136,20,24,39,8,14,47,59,91,147,57,83,84,92,109
[ 84] Received message from  47: 3|0,44,52,67,142,3,21,28,116,137,143,37,80,35,43,89,36,68,95,141,74,129,140,149,16,65,144,75,81,55,132,78,121,6,102,120,125,126,70,71,123,100,136,20,24,39,8,14,47,59,91,147,57,83,84,92,109
[147] Received message from  39: 3|0,44,52,67,142,3,21,28,116,137,143,37,80,35,43,89,36,68,95,141,74,129,140,149,16,65,144,75,81,55,132,78,121,6,102,120,125,126,70,71,123,100,136,20,24,39,8,14,47,59,91,147
[ 39] Sent Broadcast: 3|0,44,52,67,142,3,21,28,116,137,143,37,80,35,43,89,36,68,95,141,74,129,140,149,16,65,144,75,81,55,132,78,121,6,102,120,125,126,70,71,123,100,136,20,24,39,8,14,47,59,91,147
[ 84] Received message from  59: 3|0,44,52,67,142,3,21,28,116,137,143,37,80,35,43,89,36,68,95,141,74,129,140,149,16,65,144,75,81,55,132,78,121,6,102,120,125,126,70,71,123,100,136,20,24,39,8,14,47,59,91,147,57,83,84,92,109
[ 59] Received message from 100: 3|0,44,52,67,142,3,21,28,116,137,143,37,80,35,43,89,36,68,95,141,74,129,140,149,16,65,144,75,81,55,132,78,121,6,102,120,125,126,70,71,123,100,136,8,14,24,39,47,57,59,84,91,92,109,147
[ 83] Received message from  91: 3|0,44,52,67,142,3,21,28,116,137,143,37,80,35,43,89,36,68,95,141,74,129,140,149,16,65,144,75,81,55,132,78,121,6,102,120,125,126,70,71,123,100,136,20,24,39,8,14,47,59,91,147,57,83,84,92,109
[ 57] Received message from 147: 3|0,44,52,67,142,3,21,28,116,137,143,37,80,35,43,89,36,68,95,141,74,129,140,149,16,65,144,75,81,55,132,78,121,6,102,120,125,126,70,71,123,100,136,20,24,39,8,14,47,59,91,147,57,84,92,109
[ 66] Received message from  98: 3|0,44,52,67,142,3,21,28,116,137,143,37,80,35,43,89,36,68,95,141,74,129,140,149,16,65,144,75,81,55,132,78,121,6,102,120,125,126,113,23,26,98,130,13,27,66,88
[ 92] Received message from  47: 3|0,44,52,67,142,3,21,28,116,137,143,37,80,35,43,89,36,68,95,141,74,129,140,149,16,65,144,75,81,55,132,78,121,6,102,120,125,126,70,71,123,100,136,20,24,39,8,14,47,59,91,147,57,83,84,92,109
[ 88] Received message from  98: 3|0,44,52,67,142,3,21,28,116,137,143,37,80,35,43,89,36,68,95,141,74,129,140,149,16,65,144,75,81,55,132,78,121,6,102,120,125,126,113,23,26,98,130,13,27,66,88
[ 98] Sent Broadcast: 3|0,44,52,67,142,3,21,28,116,137,143,37,80,35,43,89,36,68,95,141,74,129,140,149,16,65,144,75,81,55,132,78,121,6,102,120,125,126,113,23,26,98,130,13,27,66,88
[109] Received message from  47: 3|0,44,52,67,142,3,21,28,116,137,143,37,80,35,43,89,36,68,95,141,74,129,140,149,16,65,144,75,81,55,132,78,121,6,102,120,125,126,70,71,123,100,136,20,24,39,8,14,47,59,91,147,57,83,84,92,109
[ 92] Received message from  59: 3|0,44,52,67,142,3,21,28,116,137,143,37,80,35,43,89,36,68,95,141,74,129,140,149,16,65,144,75,81,55,132,78,121,6,102,120,125,126,70,71,123,100,136,20,24,39,8,14,47,59,91,147,57,83,84,92,109
[ 47] Sent Broadcast: 3|0,44,52,67,142,3,21,28,116,137,143,37,80,35,43,89,36,68,95,141,74,129,140,149,16,65,144,75,81,55,132,78,121,6,102,120,125,126,70,71,123,100,136,20,24,39,8,14,47,59,91,147,57,83,84,92,109
[ 84] Received message from 100: 3|0,44,52,67,142,3,21,28,116,137,143,37,80,35,43,89,36,68,95,141,74,129,140,149,16,65,144,75,81,55,132,78,121,6,102,120,125,126,70,71,123,100,136,8,14,24,39,47,57,59,84,91,92,109,147
[109] Received message from  59: 3|0,44,52,67,142,3,21,28,116,137,143,37,80,35,43,89,36,68,95,141,74,129,140,149,16,65,144,75,81,55,132,78,121,6,102,120,125,126,70,71,123,100,136,20,24,39,8,14,47,59,91,147,57,83,84,92,109
[ 59] Sent Broadcast: 3|0,44,52,67,142,3,21,28,116,137,143,37,80,35,43,89,36,68,95,141,74,129,140,149,16,65,144,75,81,55,132,78,121,6,102,120,125,126,70,71,123,100,136,20,24,39,8,14,47,59,91,147,57,83,84,92,109
[ 91] Received message from 100: 3|0,44,52,67,142,3,21,28,116,137,143,37,80,35,43,89,36,68,95,141,74,129,140,149,16,65,144,75,81,55,132,78,121,6,102,120,125,126,70,71,123,100,136,8,14,24,39,47,57,59,84,91,92,109,147
[ 92] Received message from 100: 3|0,44,52,67,142,3,21,28,116,137,143,37,80,35,43,89,36,68,95,141,74,129,140,149,16,65,144,75,81,55,132,78,121,6,102,120,125,126,70,71,123,100,136,8,14,24,39,47,57,59,84,91,92,109,147
[ 84] Received message from 147: 3|0,44,52,67,142,3,21,28,116,137,143,37,80,35,43,89,36,68,95,141,74,129,140,149,16,65,144,75,81,55,132,78,121,6,102,120,125,126,70,71,123,100,136,20,24,39,8,14,47,59,91,147,57,84,92,109
[109] Received message from 100: 3|0,44,52,67,142,3,21,28,116,137,143,37,80,35,43,89,36,68,95,141,74,129,140,149,16,65,144,75,81,55,132,78,121,6,102,120,125,126,70,71,123,100,136,8,14,24,39,47,57,59,84,91,92,109,147
[ 84] Received message from  91: 3|0,44,52,67,142,3,21,28,116,137,143,37,80,35,43,89,36,68,95,141,74,129,140,149,16,65,144,75,81,55,132,78,121,6,102,120,125,126,70,71,123,100,136,20,24,39,8,14,47,59,91,147,57,83,84,92,109
[147] Received message from 100: 3|0,44,52,67,142,3,21,28,116,137,143,37,80,35,43,89,36,68,95,141,74,129,140,149,16,65,144,75,81,55,132,78,121,6,102,120,125,126,70,71,123,100,136,8,14,24,39,47,57,59,84,91,92,109,147
[100] Sent Broadcast: 3|0,44,52,67,142,3,21,28,116,137,143,37,80,35,43,89,36,68,95,141,74,129,140,149,16,65,144,75,81,55,132,78,121,6,102,120,125,126,70,71,123,100,136,8,14,24,39,47,57,59,84,91,92,109,147
[ 92] Received message from 147: 3|0,44,52,67,142,3,21,28,116,137,143,37,80,35,43,89,36,68,95,141,74,129,140,149,16,65,144,75,81,55,132,78,121,6,102,120,125,126,70,71,123,100,136,20,24,39,8,14,47,59,91,147,57,84,92,109
[ 92] Received message from  91: 3|0,44,52,67,142,3,21,28,116,137,143,37,80,35,43,89,36,68,95,141,74,129,140,149,16,65,144,75,81,55,132,78,121,6,102,120,125,126,70,71,123,100,136,20,24,39,8,14,47,59,91,147,57,83,84,92,109
[109] Received message from 147: 3|0,44,52,67,142,3,21,28,116,137,143,37,80,35,43,89,36,68,95,141,74,129,140,149,16,65,144,75,81,55,132,78,121,6,102,120,125,126,70,71,123,100,136,20,24,39,8,14,47,59,91,147,57,84,92,109
[147] Sent Broadcast: 3|0,44,52,67,142,3,21,28,116,137,143,37,80,35,43,89,36,68,95,141,74,129,140,149,16,65,144,75,81,55,132,78,121,6,102,120,125,126,70,71,123,100,136,20,24,39,8,14,47,59,91,147,57,84,92,109
[109] Received message from  91: 3|0,44,52,67,142,3,21,28,116,137,143,37,80,35,43,89,36,68,95,141,74,129,140,149,16,65,144,75,81,55,132,78,121,6,102,120,125,126,70,71,123,100,136,20,24,39,8,14,47,59,91,147,57,83,84,92,109
[ 91] Sent Broadcast: 3|0,44,52,67,142,3,21,28,116,137,143,37,80,35,43,89,36,68,95,141,74,129,140,149,16,65,144,75,81,55,132,78,121,6,102,120,125,126,70,71,123,100,136,20,24,39,8,14,47,59,91,147,57,83,84,92,109
[108] Received message from   4: 4|0,108
[  4] Sent Broadcast: 4|0,108
[ 64] Received message from 108: 4|0,108,4,64,106,107
[106] Received message from 108: 4|0,108,4,64,106,107
[  7] Received message from  64: 4|0,108,4,64,106,107,7,29,50,73
[107] Received message from 108: 4|0,108,4,64,106,107
[ 29] Received message from  64: 4|0,108,4,64,106,107,7,29,50,73
[108] Sent Broadcast: 4|0,108,4,64,106,107
[ 50] Received message from  64: 4|0,108,4,64,106,107,7,29,50,73
[ 19] Received message from   7: 4|0,108,4,64,106,107,7,29,50,73,19,33,86
[ 73] Received message from  64: 4|0,108,4,64,106,107,7,29,50,73
[ 64] Sent Broadcast: 4|0,108,4,64,106,107,7,29,50,73
[ 33] Received message from   7: 4|0,108,4,64,106,107,7,29,50,73,19,33,86
[ 19] Received message from  73: 4|0,108,4,64,106,107,7,29,50,73,19,33
[ 86] Received message from   7: 4|0,108,4,64,106,107,7,29,50,73,19,33,86
[  7] Sent Broadcast: 4|0,108,4,64,106,107,7,29,50,73,19,33,86
[ 33] Received message from  73: 4|0,108,4,64,106,107,7,29,50,73,19,33
[ 73] Sent Broadcast: 4|0,108,4,64,106,107,7,29,50,73,19,33
[ 63] Received message from   5: 5|0,63,101,103
[101] Received message from   5: 5|0,63,101,103
[ 94] Received message from  63: 5|0,63,101,103,5,94
[ 63] Sent Broadcast: 5|0,63,101,103,5,94
[103] Received message from   5: 5|0,63,101,103
[  5] Sent Broadcast: 5|0,63,101,103
[133] Received message from 101: 5|0,63,101,103,5,133
[135] Received message from  94: 5|0,63,101,103,5,94,135
[101] Sent Broadcast: 5|0,63,101,103,5,133
[ 94] Sent Broadcast: 5|0,63,101,103,5,94,135
[ 15] Received message from 135: 5|0,63,101,103,5,94,135,15,76
[ 48] Received message from 133: 5|0,63,101,103,5,133,48,51
[ 76] Received message from 135: 5|0,63,101,103,5,94,135,15,76
[135] Sent Broadcast: 5|0,63,101,103,5,94,135,15,76
[ 51] Received message from 133: 5|0,63,101,103,5,133,48,51
[133] Sent Broadcast: 5|0,63,101,103,5,133,48,51
[ 58] Received message from  48: 5|0,63,101,103,5,133,48,51,58
[ 48] Sent Broadcast: 5|0,63,101,103,5,133,48,51,58
[ 58] Received message from  51: 5|0,63,101,103,5,133,48,51,58,146
[146] Received message from  51: 5|0,63,101,103,5,133,48,51,58,146
[ 51] Sent Broadcast: 5|0,63,101,103,5,133,48,51,58,146
[ 22] Received message from  10: 10|0,22,82,112,119,128,139
[ 82] Received message from  10: 10|0,22,82,112,119,128,139
[112] Received message from  10: 10|0,22,82,112,119,128,139
[119] Received message from  10: 10|0,22,82,112,119,128,139
[128] Received message from  10: 10|0,22,82,112,119,128,139
[139] Received message from  10: 10|0,22,82,112,119,128,139
[ 10] Sent Broadcast: 10|0,22,82,112,119,128,139
[ 34] Received message from  82: 10|0,22,82,112,119,128,139,10,34
[ 82] Sent Broadcast: 10|0,22,82,112,119,128,139,10,34
[ 34] Received message from 139: 10|0,22,82,112,119,128,139,10,34
[139] Sent Broadcast: 10|0,22,82,112,119,128,139,10,34
[ 42] Received message from  25: 25|0,42
[ 25] Sent Broadcast: 25|0,42
[ 96] Received message from  30: 30|0,96,97
[ 97] Received message from  30: 30|0,96,97
[ 30] Sent Broadcast: 30|0,96,97
[ 49] Received message from  96: 30|0,96,97,30,49,87,90,117,145
[111] Received message from  97: 30|0,96,97,30,111
[ 87] Received message from  96: 30|0,96,97,30,49,87,90,117,145
[ 97] Sent Broadcast: 30|0,96,97,30,111
[ 90] Received message from  96: 30|0,96,97,30,49,87,90,117,145
[117] Received message from  96: 30|0,96,97,30,49,87,90,117,145
[145] Received message from  96: 30|0,96,97,30,49,87,90,117,145
[ 96] Sent Broadcast: 30|0,96,97,30,49,87,90,117,145
[110] Received message from  60: 60|0,110
[ 60] Sent Broadcast: 60|0,110
