[ 17] Received message from   1: 1|0,17,45,50,104,150
[ 45] Received message from   1: 1|0,17,45,50,104,150
[ 10] Received message from  17: 1|0,17,45,50,104,150,1,10,33
[ 50] Received message from   1: 1|0,17,45,50,104,150
[ 54] Received message from  45: 1|0,17,45,50,104,150,1,54,119
[ 33] Received message from  17: 1|0,17,45,50,104,150,1,10,33
[140] Received message from  10: 1|0,17,45,50,104,150,1,10,33,140
[104] Received message from   1: 1|0,17,45,50,104,150
[ 17] Sent Broadcast: 1|0,17,45,50,104,150,1,10,33
[ 10] Sent Broadcast: 1|0,17,45,50,104,150,1,10,33,140
[ 10] Received message from  50: 1|0,17,45,50,104,150,1,10
[ 21] Received message from  54: 1|0,17,45,50,104,150,1,54,119,21,47,80,117
[119] Received message from  45: 1|0,17,45,50,104,150,1,54,119
[ 31] Received message from  33: 1|0,17,45,50,104,150,1,10,33,31,43,85,109,114
[150] Received message from   1: 1|0,17,45,50,104,150
[ 16] Received message from 140: 1|0,17,45,50,104,150,1,10,33,140,16,21,47,117,130
[ 16] Received message from  21: 1|0,17,45,50,104,150,1,54,119,21,47,80,117,16,140
[ 45] Sent Broadcast: 1|0,17,45,50,104,150,1,54,119
[ 19] Received message from  31: 1|0,17,45,50,104,150,1,10,33,31,43,85,109,114,19,35
[ 50] Sent Broadcast: 1|0,17,45,50,104,150,1,10
[  1] Sent Broadcast: 1|0,17,45,50,104,150
[ 10] Received message from 150: 1|0,17,45,50,104,150,1,10
[ 21] Received message from 119: 1|0,17,45,50,104,150,1,54,119,21,117
[150] Sent Broadcast: 1|0,17,45,50,104,150,1,10
[ 25] Received message from  16: 1|0,17,45,50,104,150,1,10,33,140,16,21,47,117,130,25,80
[ 35] Received message from  31: 1|0,17,45,50,104,150,1,10,33,31,43,85,109,114,19,35
[ 43] Received message from  33: 1|0,17,45,50,104,150,1,10,33,31,43,85,109,114
[ 47] Received message from  54: 1|0,17,45,50,104,150,1,54,119,21,47,80,117
[ 52] Received message from  25: 1|0,17,45,50,104,150,1,10,33,140,16,21,47,117,130,25,80,52
[ 31] Sent Broadcast: 1|0,17,45,50,104,150,1,10,33,31,43,85,109,114,19,35
[ 75] Received message from  43: 1|0,17,45,50,104,150,1,10,33,31,43,85,109,114,75,79,124
[ 80] Received message from  16: 1|0,17,45,50,104,150,1,10,33,140,16,21,47,117,130,25,80
[ 52] Received message from  19: 1|0,17,45,50,104,150,1,10,33,31,43,85,109,114,19,35,52
[ 85] Received message from  33: 1|0,17,45,50,104,150,1,10,33,31,43,85,109,114
[ 25] Sent Broadcast: 1|0,17,45,50,104,150,1,10,33,140,16,21,47,117,130,25,80,52
[140] Received message from  21: 1|0,17,45,50,104,150,1,54,119,21,47,80,117,16,140
[117] Received message from 119: 1|0,17,45,50,104,150,1,54,119,21,117
[ 21] Received message from 140: 1|0,17,45,50,104,150,1,10,33,140,16,21,47,117,130
[ 16] Received message from  47: 1|0,17,45,50,104,150,1,54,119,21,47,80,117,16,140
[ 80] Received message from  54: 1|0,17,45,50,104,150,1,54,119,21,47,80,117
[ 16] Sent Broadcast: 1|0,17,45,50,104,150,1,10,33,140,16,21,47,117,130,25,80
[ 21] Sent Broadcast: 1|0,17,45,50,104,150,1,54,119,21,47,80,117,16,140
[119] Sent Broadcast: 1|0,17,45,50,104,150,1,54,119,21,117
[ 19] Sent Broadcast: 1|0,17,45,50,104,150,1,10,33,31,43,85,109,114,19,35,52
[ 79] Received message from  43: 1|0,17,45,50,104,150,1,10,33,31,43,85,109,114,75,79,124
[ 19] Received message from  52: 1|0,17,45,50,104,150,1,10,33,140,16,21,47,117,130,25,80,52,19,35,77,122
[102] Received message from  75: 1|0,17,45,50,104,150,1,10,33,31,43,85,109,114,75,79,124,102,116,142,149
[ 52] Received message from  35: 1|0,17,45,50,104,150,1,10,33,31,43,85,109,114,19,35,52
[ 54] Received message from  80: 1|0,17,45,50,104,150,1,10,33,140,16,21,47,117,130,25,80,54
[140] Received message from  47: 1|0,17,45,50,104,150,1,54,119,21,47,80,117,16,140
[ 47] Received message from 140: 1|0,17,45,50,104,150,1,10,33,140,16,21,47,117,130
[ 35] Sent Broadcast: 1|0,17,45,50,104,150,1,10,33,31,43,85,109,114,19,35,52
[109] Received message from  33: 1|0,17,45,50,104,150,1,10,33,31,43,85,109,114
[ 16] Received message from 117: 1|0,17,45,50,104,150,1,54,119,21,117,16,47,80,140
[116] Received message from  75: 1|0,17,45,50,104,150,1,10,33,31,43,85,109,114,75,79,124,102,116,142,149
[ 41] Received message from 102: 1|0,17,45,50,104,150,1,10,33,31,43,85,109,114,75,79,124,102,116,142,149,41,147
[124] Received message from  43: 1|0,17,45,50,104,150,1,10,33,31,43,85,109,114,75,79,124
[102] Received message from  79: 1|0,17,45,50,104,150,1,10,33,31,43,85,109,114,75,79,124,102,116,142
[ 19] Received message from 109: 1|0,17,45,50,104,150,1,10,33,31,43,85,109,114,19,35
[ 80] Sent Broadcast: 1|0,17,45,50,104,150,1,10,33,140,16,21,47,117,130,25,80,54
[ 47] Sent Broadcast: 1|0,17,45,50,104,150,1,54,119,21,47,80,117,16,140
[ 56] Received message from 116: 1|0,17,45,50,104,150,1,10,33,31,43,85,109,114,75,79,124,102,116,142,149,56
[  4] Received message from  41: 1|0,17,45,50,104,150,1,10,33,31,43,85,109,114,75,79,124,102,116,142,149,41,147,4
[117] Received message from  54: 1|0,17,45,50,104,150,1,54,119,21,47,80,117
[147] Received message from 102: 1|0,17,45,50,104,150,1,10,33,31,43,85,109,114,75,79,124,102,116,142,149,41,147
[ 35] Received message from  52: 1|0,17,45,50,104,150,1,10,33,140,16,21,47,117,130,25,80,52,19,35,77,122
[ 41] Sent Broadcast: 1|0,17,45,50,104,150,1,10,33,31,43,85,109,114,75,79,124,102,116,142,149,41,147,4
[ 43] Sent Broadcast: 1|0,17,45,50,104,150,1,10,33,31,43,85,109,114,75,79,124
[142] Received message from  75: 1|0,17,45,50,104,150,1,10,33,31,43,85,109,114,75,79,124,102,116,142,149
[117] Received message from 140: 1|0,17,45,50,104,150,1,10,33,140,16,21,47,117,130
[114] Received message from  33: 1|0,17,45,50,104,150,1,10,33,31,43,85,109,114
[116] Received message from  79: 1|0,17,45,50,104,150,1,10,33,31,43,85,109,114,75,79,124,102,116,142
[ 54] Sent Broadcast: 1|0,17,45,50,104,150,1,54,119,21,47,80,117
[102] Sent Broadcast: 1|0,17,45,50,104,150,1,10,33,31,43,85,109,114,75,79,124,102,116,142,149,41,147
[116] Sent Broadcast: 1|0,17,45,50,104,150,1,10,33,31,43,85,109,114,75,79,124,102,116,142,149,56
[113] Received message from   4: 1|0,17,45,50,104,150,1,10,33,31,43,85,109,114,75,79,124,102,116,142,149,41,147,4,113
[  4] Sent Broadcast: 1|0,17,45,50,104,150,1,10,33,31,43,85,109,114,75,79,124,102,116,142,149,41,147,4,113
[ 33] Sent Broadcast: 1|0,17,45,50,104,150,1,10,33,31,43,85,109,114
[ 47] Received message from 117: 1|0,17,45,50,104,150,1,54,119,21,117,16,47,80,140
[ 35] Received message from 109: 1|0,17,45,50,104,150,1,10,33,31,43,85,109,114,19,35
[139] Received message from  56: 1|0,17,45,50,104,150,1,10,33,31,43,85,109,114,75,79,124,102,116,142,149,56,139
[  4] Received message from 147: 1|0,17,45,50,104,150,1,10,33,31,43,85,109,114,75,79,124,102,116,142,149,41,147,4,68,121
[ 27] Received message from 142: 1|0,17,45,50,104,150,1,10,33,31,43,85,109,114,75,79,124,102,116,142,149,27,118,121,147
[ 75] Received message from 114: 1|0,17,45,50,104,150,1,10,33,31,43,85,109,114,75,79,116,124
[ 77] Received message from  52: 1|0,17,45,50,104,150,1,10,33,140,16,21,47,117,130,25,80,52,19,35,77,122
[142] Received message from  79: 1|0,17,45,50,104,150,1,10,33,31,43,85,109,114,75,79,124,102,116,142
[130] Received message from 140: 1|0,17,45,50,104,150,1,10,33,140,16,21,47,117,130
[149] Received message from  75: 1|0,17,45,50,104,150,1,10,33,31,43,85,109,114,75,79,124,102,116,142,149
[ 79] Sent Broadcast: 1|0,17,45,50,104,150,1,10,33,31,43,85,109,114,75,79,124,102,116,142
[109] Sent Broadcast: 1|0,17,45,50,104,150,1,10,33,31,43,85,109,114,19,35
[ 56] Sent Broadcast: 1|0,17,45,50,104,150,1,10,33,31,43,85,109,114,75,79,124,102,116,142,149,56,139
[140] Sent Broadcast: 1|0,17,45,50,104,150,1,10,33,140,16,21,47,117,130
[ 75] Sent Broadcast: 1|0,17,45,50,104,150,1,10,33,31,43,85,109,114,75,79,124,102,116,142,149
[ 67] Received message from 139: 1|0,17,45,50,104,150,1,10,33,31,43,85,109,114,75,79,124,102,116,142,149,56,139,67
[ 80] Received message from 117: 1|0,17,45,50,104,150,1,54,119,21,117,16,47,80,140
[139] Sent Broadcast: 1|0,17,45,50,104,150,1,10,33,31,43,85,109,114,75,79,124,102,116,142,149,56,139,67
[ 44] Received message from  77: 1|0,17,45,50,104,150,1,10,33,140,16,21,47,117,130,25,80,52,19,35,77,122,44,48,90
[ 68] Received message from 147: 1|0,17,45,50,104,150,1,10,33,31,43,85,109,114,75,79,124,102,116,142,149,41,147,4,68,121
[ 56] Received message from 149: 1|0,17,45,50,104,150,1,10,33,31,43,85,109,114,75,79,124,102,116,142,149,56,139
[ 79] Received message from 114: 1|0,17,45,50,104,150,1,10,33,31,43,85,109,114,75,79,116,124
[ 25] Received message from 130: 1|0,17,45,50,104,150,1,10,33,140,16,21,47,117,130,25
[ 68] Received message from  27: 1|0,17,45,50,104,150,1,10,33,31,43,85,109,114,75,79,124,102,116,142,149,27,118,121,147,68,78
[140] Received message from 117: 1|0,17,45,50,104,150,1,54,119,21,117,16,47,80,140
[122] Received message from  52: 1|0,17,45,50,104,150,1,10,33,140,16,21,47,117,130,25,80,52,19,35,77,122
[130] Sent Broadcast: 1|0,17,45,50,104,150,1,10,33,140,16,21,47,117,130,25
[ 27] Received message from  68: 1|0,17,45,50,104,150,1,10,33,31,43,85,109,114,75,79,124,102,116,142,149,41,147,4,68,121,27
[ 28] Received message from  67: 1|0,17,45,50,104,150,1,10,33,31,43,85,109,114,75,79,124,102,116,142,149,56,139,67,28,58
[ 52] Sent Broadcast: 1|0,17,45,50,104,150,1,10,33,140,16,21,47,117,130,25,80,52,19,35,77,122
[118] Received message from 142: 1|0,17,45,50,104,150,1,10,33,31,43,85,109,114,75,79,124,102,116,142,149,27,118,121,147
[ 44] Received message from 122: 1|0,17,45,50,104,150,1,10,33,140,16,21,47,117,130,25,80,52,19,35,77,122,44,48,90
[ 78] Received message from  27: 1|0,17,45,50,104,150,1,10,33,31,43,85,109,114,75,79,124,102,116,142,149,27,118,121,147,68,78
[117] Sent Broadcast: 1|0,17,45,50,104,150,1,54,119,21,117,16,47,80,140
[ 68] Sent Broadcast: 1|0,17,45,50,104,150,1,10,33,31,43,85,109,114,75,79,124,102,116,142,149,41,147,4,68,121,27
[121] Received message from 147: 1|0,17,45,50,104,150,1,10,33,31,43,85,109,114,75,79,124,102,116,142,149,41,147,4,68,121
[139] Received message from 149: 1|0,17,45,50,104,150,1,10,33,31,43,85,109,114,75,79,124,102,116,142,149,56,139
[121] Received message from 142: 1|0,17,45,50,104,150,1,10,33,31,43,85,109,114,75,79,124,102,116,142,149,27,118,121,147
[ 48] Received message from  77: 1|0,17,45,50,104,150,1,10,33,140,16,21,47,117,130,25,80,52,19,35,77,122,44,48,90
[ 27] Sent Broadcast: 1|0,17,45,50,104,150,1,10,33,31,43,85,109,114,75,79,124,102,116,142,149,27,118,121,147,68,78
[147] Sent Broadcast: 1|0,17,45,50,104,150,1,10,33,31,43,85,109,114,75,79,124,102,116,142,149,41,147,4,68,121
[116] Received message from 114: 1|0,17,45,50,104,150,1,10,33,31,43,85,109,114,75,79,116,124
[ 58] Received message from  67: 1|0,17,45,50,104,150,1,10,33,31,43,85,109,114,75,79,124,102,116,142,149,56,139,67,28,58
[ 42] Received message from  78: 1|0,17,45,50,104,150,1,10,33,31,43,85,109,114,75,79,124,102,116,142,149,27,118,121,147,68,78,42,120,127
[149] Sent Broadcast: 1|0,17,45,50,104,150,1,10,33,31,43,85,109,114,75,79,124,102,116,142,149,56,139
[ 67] Sent Broadcast: 1|0,17,45,50,104,150,1,10,33,31,43,85,109,114,75,79,124,102,116,142,149,56,139,67,28,58
[ 48] Received message from 122: 1|0,17,45,50,104,150,1,10,33,140,16,21,47,117,130,25,80,52,19,35,77,122,44,48,90
[124] Received message from 114: 1|0,17,45,50,104,150,1,10,33,31,43,85,109,114,75,79,116,124
[ 27] Received message from 121: 1|0,17,45,50,104,150,1,10,33,31,43,85,109,114,75,79,124,102,116,142,149,41,147,4,68,121,27,118
[147] Received message from 142: 1|0,17,45,50,104,150,1,10,33,31,43,85,109,114,75,79,124,102,116,142,149,27,118,121,147
[138] Received message from  58: 1|0,17,45,50,104,150,1,10,33,31,43,85,109,114,75,79,124,102,116,142,149,56,139,67,28,58,138,148
[145] Received message from  42: 1|17,45,50,104,150,1,10,33,31,43,85,109,114,75,79,124,102,116,142,149,27,118,121,147,68,78,42,120,127,145
[120] Received message from  78: 1|0,17,45,50,104,150,1,10,33,31,43,85,109,114,75,79,124,102,116,142,149,27,118,121,147,68,78,42,120,127
[ 90] Received message from  77: 1|0,17,45,50,104,150,1,10,33,140,16,21,47,117,130,25,80,52,19,35,77,122,44,48,90
[ 90] Received message from 122: 1|0,17,45,50,104,150,1,10,33,140,16,21,47,117,130,25,80,52,19,35,77,122,44,48,90
[114] Sent Broadcast: 1|0,17,45,50,104,150,1,10,33,31,43,85,109,114,75,79,116,124
[142] Sent Broadcast: 1|0,17,45,50,104,150,1,10,33,31,43,85,109,114,75,79,124,102,116,142,149,27,118,121,147
[ 42] Sent Broadcast: 1|17,45,50,104,150,1,10,33,31,43,85,109,114,75,79,124,102,116,142,149,27,118,121,147,68,78,42,120,127,145
[  6] Received message from 145: 1|45,50,104,150,1,10,33,31,43,85,109,114,75,79,124,102,116,142,149,27,118,121,147,68,78,42,120,127,145,6,40,72,84
[ 88] Received message from 120: 1|17,45,50,104,150,1,10,33,31,43,85,109,114,75,79,124,102,116,142,149,27,118,121,147,68,78,42,120,127,88,125
[ 77] Sent Broadcast: 1|0,17,45,50,104,150,1,10,33,140,16,21,47,117,130,25,80,52,19,35,77,122,44,48,90
[122] Sent Broadcast: 1|0,17,45,50,104,150,1,10,33,140,16,21,47,117,130,25,80,52,19,35,77,122,44,48,90
[127] Received message from  78: 1|0,17,45,50,104,150,1,10,33,31,43,85,109,114,75,79,124,102,116,142,149,27,118,121,147,68,78,42,120,127
[  8] Received message from  90: 1|0,17,45,50,104,150,1,10,33,140,16,21,47,117,130,25,80,52,19,35,77,122,44,48,90,8
[148] Received message from  58: 1|0,17,45,50,104,150,1,10,33,31,43,85,109,114,75,79,124,102,116,142,149,56,139,67,28,58,138,148
[118] Received message from 121: 1|0,17,45,50,104,150,1,10,33,31,43,85,109,114,75,79,124,102,116,142,149,41,147,4,68,121,27,118
[ 90] Sent Broadcast: 1|0,17,45,50,104,150,1,10,33,140,16,21,47,117,130,25,80,52,19,35,77,122,44,48,90,8
[ 78] Sent Broadcast: 1|0,17,45,50,104,150,1,10,33,31,43,85,109,114,75,79,124,102,116,142,149,27,118,121,147,68,78,42,120,127
[ 40] Received message from 145: 1|45,50,104,150,1,10,33,31,43,85,109,114,75,79,124,102,116,142,149,27,118,121,147,68,78,42,120,127,145,6,40,72,84
[125] Received message from 120: 1|17,45,50,104,150,1,10,33,31,43,85,109,114,75,79,124,102,116,142,149,27,118,121,147,68,78,42,120,127,88,125
[ 88] Received message from 127: 1|17,45,50,104,150,1,10,33,31,43,85,109,114,75,79,124,102,116,142,149,27,118,121,147,68,78,42,120,127,88
[ 58] Sent Broadcast: 1|0,17,45,50,104,150,1,10,33,31,43,85,109,114,75,79,124,102,116,142,149,56,139,67,28,58,138,148
[ 32] Received message from  88: 1|17,45,50,104,150,1,10,33,31,43,85,109,114,75,79,124,102,116,142,149,27,118,121,147,68,78,42,120,127,88,125,32,84,97
[105] Received message from   8: 1|0,17,45,50,104,150,1,10,33,140,16,21,47,117,130,25,80,52,19,35,77,122,44,48,90,8,105,110
[121] Sent Broadcast: 1|0,17,45,50,104,150,1,10,33,31,43,85,109,114,75,79,124,102,116,142,149,41,147,4,68,121,27,118
[120] Sent Broadcast: 1|17,45,50,104,150,1,10,33,31,43,85,109,114,75,79,124,102,116,142,149,27,118,121,147,68,78,42,120,127,88,125
[127] Sent Broadcast: 1|17,45,50,104,150,1,10,33,31,43,85,109,114,75,79,124,102,116,142,149,27,118,121,147,68,78,42,120,127,88
[134] Received message from 125: 1|17,45,50,104,150,1,10,33,31,43,85,109,114,75,79,124,102,116,142,149,27,118,121,147,68,78,42,120,127,88,125,134
[ 30] Received message from 105: 1|0,17,45,50,104,150,1,10,33,140,16,21,47,117,130,25,80,52,19,35,77,122,44,48,90,8,105,110,30,99
[  3] Received message from  32: 1|17,45,50,104,150,1,10,33,31,43,85,109,114,75,79,124,102,116,142,149,27,118,121,147,68,78,42,120,127,88,125,32,84,97,3,136
[110] Received message from   8: 1|0,17,45,50,104,150,1,10,33,140,16,21,47,117,130,25,80,52,19,35,77,122,44,48,90,8,105,110
[ 84] Received message from  88: 1|17,45,50,104,150,1,10,33,31,43,85,109,114,75,79,124,102,116,142,149,27,118,121,147,68,78,42,120,127,88,125,32,84,97
[ 72] Received message from 145: 1|45,50,104,150,1,10,33,31,43,85,109,114,75,79,124,102,116,142,149,27,118,121,147,68,78,42,120,127,145,6,40,72,84
[125] Sent Broadcast: 1|17,45,50,104,150,1,10,33,31,43,85,109,114,75,79,124,102,116,142,149,27,118,121,147,68,78,42,120,127,88,125,134
[  8] Sent Broadcast: 1|0,17,45,50,104,150,1,10,33,140,16,21,47,117,130,25,80,52,19,35,77,122,44,48,90,8,105,110
[ 97] Received message from 134: 1|17,45,50,104,150,1,10,33,31,43,85,109,114,75,79,124,102,116,142,149,27,118,121,147,68,78,42,120,127,88,125,134,97
[ 53] Received message from  30: 1|17,45,50,104,150,1,10,33,140,16,21,47,117,130,25,80,52,19,35,77,122,44,48,90,8,105,110,30,99,53,65,93,128
[ 99] Received message from 105: 1|0,17,45,50,104,150,1,10,33,140,16,21,47,117,130,25,80,52,19,35,77,122,44,48,90,8,105,110,30,99
[ 11] Received message from 110: 1|0,17,45,50,104,150,1,10,33,140,16,21,47,117,130,25,80,52,19,35,77,122,44,48,90,8,105,110,11
[123] Received message from   3: 1|17,45,50,104,150,1,10,33,31,43,85,109,114,75,79,124,102,116,142,149,27,118,121,147,68,78,42,120,127,88,125,32,84,97,3,136,123,129
[105] Sent Broadcast: 1|0,17,45,50,104,150,1,10,33,140,16,21,47,117,130,25,80,52,19,35,77,122,44,48,90,8,105,110,30,99
[134] Sent Broadcast: 1|17,45,50,104,150,1,10,33,31,43,85,109,114,75,79,124,102,116,142,149,27,118,121,147,68,78,42,120,127,88,125,134,97
[110] Sent Broadcast: 1|0,17,45,50,104,150,1,10,33,140,16,21,47,117,130,25,80,52,19,35,77,122,44,48,90,8,105,110,11
[ 72] Received message from  84: 1|17,45,50,104,150,1,10,33,31,43,85,109,114,75,79,124,102,116,142,149,27,118,121,147,68,78,42,120,127,88,125,32,84,97,72,86,145
[ 97] Received message from  88: 1|17,45,50,104,150,1,10,33,31,43,85,109,114,75,79,124,102,116,142,149,27,118,121,147,68,78,42,120,127,88,125,32,84,97
[ 84] Received message from 145: 1|45,50,104,150,1,10,33,31,43,85,109,114,75,79,124,102,116,142,149,27,118,121,147,68,78,42,120,127,145,6,40,72,84
[ 86] Received message from  72: 1|45,50,104,150,1,10,33,31,43,85,109,114,75,79,124,102,116,142,149,27,118,121,147,68,78,42,120,127,145,6,40,72,84,86
[136] Received message from  32: 1|17,45,50,104,150,1,10,33,31,43,85,109,114,75,79,124,102,116,142,149,27,118,121,147,68,78,42,120,127,88,125,32,84,97,3,136
[ 23] Received message from  99: 1|17,45,50,104,150,1,10,33,140,16,21,47,117,130,25,80,52,19,35,77,122,44,48,90,8,105,110,30,99,23,53,65,76
[129] Received message from   3: 1|17,45,50,104,150,1,10,33,31,43,85,109,114,75,79,124,102,116,142,149,27,118,121,147,68,78,42,120,127,88,125,32,84,97,3,136,123,129
[ 72] Sent Broadcast: 1|45,50,104,150,1,10,33,31,43,85,109,114,75,79,124,102,116,142,149,27,118,121,147,68,78,42,120,127,145,6,40,72,84,86
[ 86] Received message from  84: 1|17,45,50,104,150,1,10,33,31,43,85,109,114,75,79,124,102,116,142,149,27,118,121,147,68,78,42,120,127,88,125,32,84,97,72,86,145
[ 26] Received message from 123: 1|17,45,50,104,150,1,10,33,31,43,85,109,114,75,79,124,102,116,142,149,27,118,121,147,68,78,42,120,127,88,125,32,84,97,3,136,123,129,26,39,60,146
[ 65] Received message from  30: 1|17,45,50,104,150,1,10,33,140,16,21,47,117,130,25,80,52,19,35,77,122,44,48,90,8,105,110,30,99,53,65,93,128
[ 23] Received message from  11: 1|0,17,45,50,104,150,1,10,33,140,16,21,47,117,130,25,80,52,19,35,77,122,44,48,90,8,105,110,11,23
[ 23] Received message from  65: 1|17,45,50,104,150,1,10,33,140,16,21,47,117,130,25,80,52,19,35,77,122,44,48,90,8,105,110,30,99,53,65,93,128,23,76
[ 65] Received message from  23: 1|17,45,50,104,150,1,10,33,140,16,21,47,117,130,25,80,52,19,35,77,122,44,48,90,8,105,110,11,23,65,76,99
[ 88] Sent Broadcast: 1|17,45,50,104,150,1,10,33,31,43,85,109,114,75,79,124,102,116,142,149,27,118,121,147,68,78,42,120,127,88,125,32,84,97
[  3] Received message from  97: 1|17,45,50,104,150,1,10,33,31,43,85,109,114,75,79,124,102,116,142,149,27,118,121,147,68,78,42,120,127,88,125,134,97,3,32,129,136
[145] Sent Broadcast: 1|45,50,104,150,1,10,33,31,43,85,109,114,75,79,124,102,116,142,149,27,118,121,147,68,78,42,120,127,145,6,40,72,84
[ 32] Sent Broadcast: 1|17,45,50,104,150,1,10,33,31,43,85,109,114,75,79,124,102,116,142,149,27,118,121,147,68,78,42,120,127,88,125,32,84,97,3,136
[  3] Sent Broadcast: 1|17,45,50,104,150,1,10,33,31,43,85,109,114,75,79,124,102,116,142,149,27,118,121,147,68,78,42,120,127,88,125,32,84,97,3,136,123,129
[ 76] Received message from  53: 1|17,45,50,104,150,1,10,33,140,16,21,47,117,130,25,80,52,19,35,77,122,44,48,90,8,105,110,30,99,53,65,93,128,76
[129] Received message from 136: 1|17,45,50,104,150,1,10,33,31,43,85,109,114,75,79,124,102,116,142,149,27,118,121,147,68,78,42,120,127,88,125,32,84,97,3,136,129
[136] Sent Broadcast: 1|17,45,50,104,150,1,10,33,31,43,85,109,114,75,79,124,102,116,142,149,27,118,121,147,68,78,42,120,127,88,125,32,84,97,3,136,129
[ 60] Received message from 129: 1|17,45,50,104,150,1,10,33,31,43,85,109,114,75,79,124,102,116,142,149,27,118,121,147,68,78,42,120,127,88,125,32,84,97,3,136,123,129,60,146
[ 53] Sent Broadcast: 1|17,45,50,104,150,1,10,33,140,16,21,47,117,130,25,80,52,19,35,77,122,44,48,90,8,105,110,30,99,53,65,93,128,76
[ 11] Sent Broadcast: 1|0,17,45,50,104,150,1,10,33,140,16,21,47,117,130,25,80,52,19,35,77,122,44,48,90,8,105,110,11,23
[ 23] Received message from  76: 1|17,45,50,104,150,1,10,33,140,16,21,47,117,130,25,80,52,19,35,77,122,44,48,90,8,105,110,30,99,53,65,93,128,76,23
[ 32] Received message from  97: 1|17,45,50,104,150,1,10,33,31,43,85,109,114,75,79,124,102,116,142,149,27,118,121,147,68,78,42,120,127,88,125,134,97,3,32,129,136
[ 39] Received message from 123: 1|17,45,50,104,150,1,10,33,31,43,85,109,114,75,79,124,102,116,142,149,27,118,121,147,68,78,42,120,127,88,125,32,84,97,3,136,123,129,26,39,60,146
[ 57] Received message from  86: 1|45,50,104,150,1,10,33,31,43,85,109,114,75,79,124,102,116,142,149,27,118,121,147,68,78,42,120,127,145,6,40,72,84,86,57
[ 53] Received message from  99: 1|17,45,50,104,150,1,10,33,140,16,21,47,117,130,25,80,52,19,35,77,122,44,48,90,8,105,110,30,99,23,53,65,76
[ 76] Sent Broadcast: 1|17,45,50,104,150,1,10,33,140,16,21,47,117,130,25,80,52,19,35,77,122,44,48,90,8,105,110,30,99,53,65,93,128,76,23
[146] Received message from 129: 1|17,45,50,104,150,1,10,33,31,43,85,109,114,75,79,124,102,116,142,149,27,118,121,147,68,78,42,120,127,88,125,32,84,97,3,136,123,129,60,146
[ 76] Received message from  65: 1|17,45,50,104,150,1,10,33,140,16,21,47,117,130,25,80,52,19,35,77,122,44,48,90,8,105,110,30,99,53,65,93,128,23,76
[ 93] Received message from  30: 1|17,45,50,104,150,1,10,33,140,16,21,47,117,130,25,80,52,19,35,77,122,44,48,90,8,105,110,30,99,53,65,93,128
[ 86] Sent Broadcast: 1|45,50,104,150,1,10,33,31,43,85,109,114,75,79,124,102,116,142,149,27,118,121,147,68,78,42,120,127,145,6,40,72,84,86,57
[129] Sent Broadcast: 1|17,45,50,104,150,1,10,33,31,43,85,109,114,75,79,124,102,116,142,149,27,118,121,147,68,78,42,120,127,88,125,32,84,97,3,136,123,129,60,146
[ 65] Sent Broadcast: 1|17,45,50,104,150,1,10,33,140,16,21,47,117,130,25,80,52,19,35,77,122,44,48,90,8,105,110,30,99,53,65,93,128,23,76
[ 26] Received message from  60: 1|17,45,50,104,150,1,10,33,31,43,85,109,114,75,79,124,102,116,142,149,27,118,121,147,68,78,42,120,127,88,125,32,84,97,3,136,123,129,60,146,26,39
[ 76] Received message from  23: 1|17,45,50,104,150,1,10,33,140,16,21,47,117,130,25,80,52,19,35,77,122,44,48,90,8,105,110,11,23,65,76,99
[129] Received message from  97: 1|17,45,50,104,150,1,10,33,31,43,85,109,114,75,79,124,102,116,142,149,27,118,121,147,68,78,42,120,127,88,125,134,97,3,32,129,136
[145] Received message from  84: 1|17,45,50,104,150,1,10,33,31,43,85,109,114,75,79,124,102,116,142,149,27,118,121,147,68,78,42,120,127,88,125,32,84,97,72,86,145
[132] Received message from  57: 1|45,50,104,150,1,10,33,31,43,85,109,114,75,79,124,102,116,142,149,27,118,121,147,68,78,42,120,127,145,6,40,72,84,86,57,132
[ 92] Received message from  93: 1|17,45,50,104,150,1,10,33,140,16,21,47,117,130,25,80,52,19,35,77,122,44,48,90,8,105,110,30,99,53,65,93,128,92,96
[ 26] Received message from 146: 1|17,45,50,104,150,1,10,33,31,43,85,109,114,75,79,124,102,116,142,149,27,118,121,147,68,78,42,120,127,88,125,32,84,97,3,136,123,129,60,146,26,39
[ 60] Received message from 123: 1|17,45,50,104,150,1,10,33,31,43,85,109,114,75,79,124,102,116,142,149,27,118,121,147,68,78,42,120,127,88,125,32,84,97,3,136,123,129,26,39,60,146
[ 51] Received message from 132: 1|45,50,104,150,1,10,33,31,43,85,109,114,75,79,124,102,116,142,149,27,118,121,147,68,78,42,120,127,145,6,40,72,84,86,57,132,51,64
[ 65] Received message from  99: 1|17,45,50,104,150,1,10,33,140,16,21,47,117,130,25,80,52,19,35,77,122,44,48,90,8,105,110,30,99,23,53,65,76
[ 34] Received message from  39: 1|17,45,50,104,150,1,10,33,31,43,85,109,114,75,79,124,102,116,142,149,27,118,121,147,68,78,42,120,127,88,125,32,84,97,3,136,123,129,26,39,60,146,34
[ 37] Received message from  51: 1|45,50,104,150,1,10,33,31,43,85,109,114,75,79,124,102,116,142,149,27,118,121,147,68,78,42,120,127,145,6,40,72,84,86,57,132,51,64,37
[ 84] Sent Broadcast: 1|17,45,50,104,150,1,10,33,31,43,85,109,114,75,79,124,102,116,142,149,27,118,121,147,68,78,42,120,127,88,125,32,84,97,72,86,145
[ 57] Sent Broadcast: 1|45,50,104,150,1,10,33,31,43,85,109,114,75,79,124,102,116,142,149,27,118,121,147,68,78,42,120,127,145,6,40,72,84,86,57,132
[ 99] Received message from  23: 1|17,45,50,104,150,1,10,33,140,16,21,47,117,130,25,80,52,19,35,77,122,44,48,90,8,105,110,11,23,65,76,99
[ 39] Received message from  60: 1|17,45,50,104,150,1,10,33,31,43,85,109,114,75,79,124,102,116,142,149,27,118,121,147,68,78,42,120,127,88,125,32,84,97,3,136,123,129,60,146,26,39
[128] Received message from  30: 1|17,45,50,104,150,1,10,33,140,16,21,47,117,130,25,80,52,19,35,77,122,44,48,90,8,105,110,30,99,53,65,93,128
[ 23] Sent Broadcast: 1|17,45,50,104,150,1,10,33,140,16,21,47,117,130,25,80,52,19,35,77,122,44,48,90,8,105,110,11,23,65,76,99
[ 30] Sent Broadcast: 1|17,45,50,104,150,1,10,33,140,16,21,47,117,130,25,80,52,19,35,77,122,44,48,90,8,105,110,30,99,53,65,93,128
[ 51] Sent Broadcast: 1|45,50,104,150,1,10,33,31,43,85,109,114,75,79,124,102,116,142,149,27,118,121,147,68,78,42,120,127,145,6,40,72,84,86,57,132,51,64,37
[ 39] Sent Broadcast: 1|17,45,50,104,150,1,10,33,31,43,85,109,114,75,79,124,102,116,142,149,27,118,121,147,68,78,42,120,127,88,125,32,84,97,3,136,123,129,26,39,60,146,34
[146] Received message from 123: 1|17,45,50,104,150,1,10,33,31,43,85,109,114,75,79,124,102,116,142,149,27,118,121,147,68,78,42,120,127,88,125,32,84,97,3,136,123,129,26,39,60,146
[ 46] Received message from  37: 1|45,50,104,150,1,10,33,31,43,85,109,114,75,79,124,102,116,142,149,27,118,121,147,68,78,42,120,127,145,6,40,72,84,86,57,132,51,64,37,46,59,74,144
[ 96] Received message from  93: 1|17,45,50,104,150,1,10,33,140,16,21,47,117,130,25,80,52,19,35,77,122,44,48,90,8,105,110,30,99,53,65,93,128,92,96
[ 39] Received message from 146: 1|17,45,50,104,150,1,10,33,31,43,85,109,114,75,79,124,102,116,142,149,27,118,121,147,68,78,42,120,127,88,125,32,84,97,3,136,123,129,60,146,26,39
[ 76] Received message from  99: 1|17,45,50,104,150,1,10,33,140,16,21,47,117,130,25,80,52,19,35,77,122,44,48,90,8,105,110,30,99,23,53,65,76
[136] Received message from  97: 1|17,45,50,104,150,1,10,33,31,43,85,109,114,75,79,124,102,116,142,149,27,118,121,147,68,78,42,120,127,88,125,134,97,3,32,129,136
[ 60] Sent Broadcast: 1|17,45,50,104,150,1,10,33,31,43,85,109,114,75,79,124,102,116,142,149,27,118,121,147,68,78,42,120,127,88,125,32,84,97,3,136,123,129,60,146,26,39
[123] Sent Broadcast: 1|17,45,50,104,150,1,10,33,31,43,85,109,114,75,79,124,102,116,142,149,27,118,121,147,68,78,42,120,127,88,125,32,84,97,3,136,123,129,26,39,60,146
[ 64] Received message from 132: 1|45,50,104,150,1,10,33,31,43,85,109,114,75,79,124,102,116,142,149,27,118,121,147,68,78,42,120,127,145,6,40,72,84,86,57,132,51,64
[ 93] Sent Broadcast: 1|17,45,50,104,150,1,10,33,140,16,21,47,117,130,25,80,52,19,35,77,122,44,48,90,8,105,110,30,99,53,65,93,128,92,96
[ 97] Sent Broadcast: 1|17,45,50,104,150,1,10,33,31,43,85,109,114,75,79,124,102,116,142,149,27,118,121,147,68,78,42,120,127,88,125,134,97,3,32,129,136
[ 99] Sent Broadcast: 1|17,45,50,104,150,1,10,33,140,16,21,47,117,130,25,80,52,19,35,77,122,44,48,90,8,105,110,30,99,23,53,65,76
[146] Sent Broadcast: 1|17,45,50,104,150,1,10,33,31,43,85,109,114,75,79,124,102,116,142,149,27,118,121,147,68,78,42,120,127,88,125,32,84,97,3,136,123,129,60,146,26,39
[ 92] Received message from 128: 1|17,45,50,104,150,1,10,33,140,16,21,47,117,130,25,80,52,19,35,77,122,44,48,90,8,105,110,30,99,53,65,93,128,92,96
[132] Sent Broadcast: 1|45,50,104,150,1,10,33,31,43,85,109,114,75,79,124,102,116,142,149,27,118,121,147,68,78,42,120,127,145,6,40,72,84,86,57,132,51,64
[ 59] Received message from  37: 1|45,50,104,150,1,10,33,31,43,85,109,114,75,79,124,102,116,142,149,27,118,121,147,68,78,42,120,127,145,6,40,72,84,86,57,132,51,64,37,46,59,74,144
[  2] Received message from  64: 1|45,50,104,150,1,10,33,31,43,85,109,114,75,79,124,102,116,142,149,27,118,121,147,68,78,42,120,127,145,6,40,72,84,86,57,132,51,64,2,24
[ 96] Received message from 128: 1|17,45,50,104,150,1,10,33,140,16,21,47,117,130,25,80,52,19,35,77,122,44,48,90,8,105,110,30,99,53,65,93,128,92,96
[128] Sent Broadcast: 1|17,45,50,104,150,1,10,33,140,16,21,47,117,130,25,80,52,19,35,77,122,44,48,90,8,105,110,30,99,53,65,93,128,92,96
[ 24] Received message from  64: 1|45,50,104,150,1,10,33,31,43,85,109,114,75,79,124,102,116,142,149,27,118,121,147,68,78,42,120,127,145,6,40,72,84,86,57,132,51,64,2,24
[ 74] Received message from  37: 1|45,50,104,150,1,10,33,31,43,85,109,114,75,79,124,102,116,142,149,27,118,121,147,68,78,42,120,127,145,6,40,72,84,86,57,132,51,64,37,46,59,74,144
[ 70] Received message from   2: 1|45,50,104,150,1,10,33,31,43,85,109,114,75,79,124,102,116,142,149,27,118,121,147,68,78,42,120,127,145,6,40,72,84,86,57,132,51,64,2,24,70,101
[ 64] Sent Broadcast: 1|45,50,104,150,1,10,33,31,43,85,109,114,75,79,124,102,116,142,149,27,118,121,147,68,78,42,120,127,145,6,40,72,84,86,57,132,51,64,2,24
[ 70] Received message from  24: 1|45,50,104,150,1,10,33,31,43,85,109,114,75,79,124,102,116,142,149,27,118,121,147,68,78,42,120,127,145,6,40,72,84,86,57,132,51,64,2,24,70,101,131
[144] Received message from  37: 1|45,50,104,150,1,10,33,31,43,85,109,114,75,79,124,102,116,142,149,27,118,121,147,68,78,42,120,127,145,6,40,72,84,86,57,132,51,64,37,46,59,74,144
[ 37] Sent Broadcast: 1|45,50,104,150,1,10,33,31,43,85,109,114,75,79,124,102,116,142,149,27,118,121,147,68,78,42,120,127,145,6,40,72,84,86,57,132,51,64,37,46,59,74,144
[101] Received message from   2: 1|45,50,104,150,1,10,33,31,43,85,109,114,75,79,124,102,116,142,149,27,118,121,147,68,78,42,120,127,145,6,40,72,84,86,57,132,51,64,2,24,70,101
[ 55] Received message from  70: 1|45,50,104,150,1,10,33,31,43,85,109,114,75,79,124,102,116,142,149,27,118,121,147,68,78,42,120,127,145,6,40,72,84,86,57,132,51,64,2,24,70,101,55,107,131
[  2] Sent Broadcast: 1|45,50,104,150,1,10,33,31,43,85,109,114,75,79,124,102,116,142,149,27,118,121,147,68,78,42,120,127,145,6,40,72,84,86,57,132,51,64,2,24,70,101
[107] Received message from  70: 1|45,50,104,150,1,10,33,31,43,85,109,114,75,79,124,102,116,142,149,27,118,121,147,68,78,42,120,127,145,6,40,72,84,86,57,132,51,64,2,24,70,101,55,107,131
[101] Received message from  24: 1|45,50,104,150,1,10,33,31,43,85,109,114,75,79,124,102,116,142,149,27,118,121,147,68,78,42,120,127,145,6,40,72,84,86,57,132,51,64,2,24,70,101,131
[ 55] Received message from 101: 1|45,50,104,150,1,10,33,31,43,85,109,114,75,79,124,102,116,142,149,27,118,121,147,68,78,42,120,127,145,6,40,72,84,86,57,132,51,64,2,24,70,101,55,107,115,131
[131] Received message from  70: 1|45,50,104,150,1,10,33,31,43,85,109,114,75,79,124,102,116,142,149,27,118,121,147,68,78,42,120,127,145,6,40,72,84,86,57,132,51,64,2,24,70,101,55,107,131
[ 70] Sent Broadcast: 1|45,50,104,150,1,10,33,31,43,85,109,114,75,79,124,102,116,142,149,27,118,121,147,68,78,42,120,127,145,6,40,72,84,86,57,132,51,64,2,24,70,101,55,107,131
[ 12] Received message from 107: 1|45,50,104,150,1,10,33,31,43,85,109,114,75,79,124,102,116,142,149,27,118,121,147,68,78,42,120,127,145,6,40,72,84,86,57,132,51,64,2,24,70,101,55,107,131,12,115
[115] Received message from 107: 1|45,50,104,150,1,10,33,31,43,85,109,114,75,79,124,102,116,142,149,27,118,121,147,68,78,42,120,127,145,6,40,72,84,86,57,132,51,64,2,24,70,101,55,107,131,12,115
[107] Sent Broadcast: 1|45,50,104,150,1,10,33,31,43,85,109,114,75,79,124,102,116,142,149,27,118,121,147,68,78,42,120,127,145,6,40,72,84,86,57,132,51,64,2,24,70,101,55,107,131,12,115
[131] Received message from  24: 1|45,50,104,150,1,10,33,31,43,85,109,114,75,79,124,102,116,142,149,27,118,121,147,68,78,42,120,127,145,6,40,72,84,86,57,132,51,64,2,24,70,101,131
[ 24] Sent Broadcast: 1|45,50,104,150,1,10,33,31,43,85,109,114,75,79,124,102,116,142,149,27,118,121,147,68,78,42,120,127,145,6,40,72,84,86,57,132,51,64,2,24,70,101,131
[ 49] Received message from  12: 1|45,50,104,150,1,10,33,31,43,85,109,114,75,79,124,102,116,142,149,27,118,121,147,68,78,42,120,127,145,6,40,72,84,86,57,132,51,64,2,24,70,101,55,107,131,12,115,49
[141] Received message from 115: 1|45,50,104,150,1,10,33,31,43,85,109,114,75,79,124,102,116,142,149,27,118,121,147,68,78,42,120,127,145,6,40,72,84,86,57,132,51,64,2,24,70,101,55,107,131,12,115,141
[107] Received message from 101: 1|45,50,104,150,1,10,33,31,43,85,109,114,75,79,124,102,116,142,149,27,118,121,147,68,78,42,120,127,145,6,40,72,84,86,57,132,51,64,2,24,70,101,55,107,115,131
[ 12] Sent Broadcast: 1|45,50,104,150,1,10,33,31,43,85,109,114,75,79,124,102,116,142,149,27,118,121,147,68,78,42,120,127,145,6,40,72,84,86,57,132,51,64,2,24,70,101,55,107,131,12,115,49
[115] Sent Broadcast: 1|45,50,104,150,1,10,33,31,43,85,109,114,75,79,124,102,116,142,149,27,118,121,147,68,78,42,120,127,145,6,40,72,84,86,57,132,51,64,2,24,70,101,55,107,131,12,115,141
[ 63] Received message from  49: 1|45,50,104,150,1,10,33,31,43,85,109,114,75,79,124,102,116,142,149,27,118,121,147,68,78,42,120,127,145,6,40,72,84,86,57,132,51,64,2,24,70,101,55,107,131,12,115,49,63,73
[115] Received message from 101: 1|45,50,104,150,1,10,33,31,43,85,109,114,75,79,124,102,116,142,149,27,118,121,147,68,78,42,120,127,145,6,40,72,84,86,57,132,51,64,2,24,70,101,55,107,115,131
[ 20] Received message from 141: 1|45,50,104,150,1,10,33,31,43,85,109,114,75,79,124,102,116,142,149,27,118,121,147,68,78,42,120,127,145,6,40,72,84,86,57,132,51,64,2,24,70,101,55,107,131,12,115,141,20,111
[ 73] Received message from  49: 1|45,50,104,150,1,10,33,31,43,85,109,114,75,79,124,102,116,142,149,27,118,121,147,68,78,42,120,127,145,6,40,72,84,86,57,132,51,64,2,24,70,101,55,107,131,12,115,49,63,73
[ 49] Sent Broadcast: 1|45,50,104,150,1,10,33,31,43,85,109,114,75,79,124,102,116,142,149,27,118,121,147,68,78,42,120,127,145,6,40,72,84,86,57,132,51,64,2,24,70,101,55,107,131,12,115,49,63,73
[  9] Received message from  63: 1|45,50,104,150,1,10,33,31,43,85,109,114,75,79,124,102,116,142,149,27,118,121,147,68,78,42,120,127,145,6,40,72,84,86,57,132,51,64,2,24,70,101,55,107,131,12,115,49,63,73,9,29,94
[111] Received message from 141: 1|45,50,104,150,1,10,33,31,43,85,109,114,75,79,124,102,116,142,149,27,118,121,147,68,78,42,120,127,145,6,40,72,84,86,57,132,51,64,2,24,70,101,55,107,131,12,115,141,20,111
[141] Sent Broadcast: 1|45,50,104,150,1,10,33,31,43,85,109,114,75,79,124,102,116,142,149,27,118,121,147,68,78,42,120,127,145,6,40,72,84,86,57,132,51,64,2,24,70,101,55,107,131,12,115,141,20,111
[112] Received message from  20: 1|45,50,104,150,1,10,33,31,43,85,109,114,75,79,124,102,116,142,149,27,118,121,147,68,78,42,120,127,145,6,40,72,84,86,57,132,51,64,2,24,70,101,55,107,131,12,115,141,20,111,112
[ 20] Sent Broadcast: 1|45,50,104,150,1,10,33,31,43,85,109,114,75,79,124,102,116,142,149,27,118,121,147,68,78,42,120,127,145,6,40,72,84,86,57,132,51,64,2,24,70,101,55,107,131,12,115,141,20,111,112
[131] Received message from 101: 1|45,50,104,150,1,10,33,31,43,85,109,114,75,79,124,102,116,142,149,27,118,121,147,68,78,42,120,127,145,6,40,72,84,86,57,132,51,64,2,24,70,101,55,107,115,131
[ 29] Received message from  63: 1|45,50,104,150,1,10,33,31,43,85,109,114,75,79,124,102,116,142,149,27,118,121,147,68,78,42,120,127,145,6,40,72,84,86,57,132,51,64,2,24,70,101,55,107,131,12,115,49,63,73,9,29,94
[101] Sent Broadcast: 1|45,50,104,150,1,10,33,31,43,85,109,114,75,79,124,102,116,142,149,27,118,121,147,68,78,42,120,127,145,6,40,72,84,86,57,132,51,64,2,24,70,101,55,107,115,131
[ 82] Received message from 112: 1|45,50,104,150,1,10,33,31,43,85,109,114,75,79,124,102,116,142,149,27,118,121,147,68,78,42,120,127,145,6,40,72,84,86,57,132,51,64,2,24,70,101,55,107,131,12,115,141,20,111,112,82,126,135
[ 94] Received message from  63: 1|45,50,104,150,1,10,33,31,43,85,109,114,75,79,124,102,116,142,149,27,118,121,147,68,78,42,120,127,145,6,40,72,84,86,57,132,51,64,2,24,70,101,55,107,131,12,115,49,63,73,9,29,94
[ 63] Sent Broadcast: 1|45,50,104,150,1,10,33,31,43,85,109,114,75,79,124,102,116,142,149,27,118,121,147,68,78,42,120,127,145,6,40,72,84,86,57,132,51,64,2,24,70,101,55,107,131,12,115,49,63,73,9,29,94
[112] Received message from 111: 1|45,50,104,150,1,10,33,31,43,85,109,114,75,79,124,102,116,142,149,27,118,121,147,68,78,42,120,127,145,6,40,72,84,86,57,132,51,64,2,24,70,101,55,107,131,12,115,141,20,111,112,135
[135] Received message from 111: 1|45,50,104,150,1,10,33,31,43,85,109,114,75,79,124,102,116,142,149,27,118,121,147,68,78,42,120,127,145,6,40,72,84,86,57,132,51,64,2,24,70,101,55,107,131,12,115,141,20,111,112,135
[111] Sent Broadcast: 1|45,50,104,150,1,10,33,31,43,85,109,114,75,79,124,102,116,142,149,27,118,121,147,68,78,42,120,127,145,6,40,72,84,86,57,132,51,64,2,24,70,101,55,107,131,12,115,141,20,111,112,135
[ 87] Received message from  82: 1|45,50,104,150,1,10,33,31,43,85,109,114,75,79,124,102,116,142,149,27,118,121,147,68,78,42,120,127,145,6,40,72,84,86,57,132,51,64,2,24,70,101,55,107,131,12,115,141,20,111,112,82,126,135,87
[126] Received message from 112: 1|45,50,104,150,1,10,33,31,43,85,109,114,75,79,124,102,116,142,149,27,118,121,147,68,78,42,120,127,145,6,40,72,84,86,57,132,51,64,2,24,70,101,55,107,131,12,115,141,20,111,112,82,126,135
[ 82] Sent Broadcast: 1|45,50,104,150,1,10,33,31,43,85,109,114,75,79,124,102,116,142,149,27,118,121,147,68,78,42,120,127,145,6,40,72,84,86,57,132,51,64,2,24,70,101,55,107,131,12,115,141,20,111,112,82,126,135,87
[ 98] Received message from 135: 1|45,50,104,150,1,10,33,31,43,85,109,114,75,79,124,102,116,142,149,27,118,121,147,68,78,42,120,127,145,6,40,72,84,86,57,132,51,64,2,24,70,101,55,107,131,12,115,141,20,111,112,135,98,126
[ 61] Received message from 126: 1|45,50,104,150,1,10,33,31,43,85,109,114,75,79,124,102,116,142,149,27,118,121,147,68,78,42,120,127,145,6,40,72,84,86,57,132,51,64,2,24,70,101,55,107,131,12,115,141,20,111,112,82,126,135,61,87,98
[135] Received message from 112: 1|45,50,104,150,1,10,33,31,43,85,109,114,75,79,124,102,116,142,149,27,118,121,147,68,78,42,120,127,145,6,40,72,84,86,57,132,51,64,2,24,70,101,55,107,131,12,115,141,20,111,112,82,126,135
[126] Received message from 135: 1|45,50,104,150,1,10,33,31,43,85,109,114,75,79,124,102,116,142,149,27,118,121,147,68,78,42,120,127,145,6,40,72,84,86,57,132,51,64,2,24,70,101,55,107,131,12,115,141,20,111,112,135,98,126
[112] Sent Broadcast: 1|45,50,104,150,1,10,33,31,43,85,109,114,75,79,124,102,116,142,149,27,118,121,147,68,78,42,120,127,145,6,40,72,84,86,57,132,51,64,2,24,70,101,55,107,131,12,115,141,20,111,112,82,126,135
[135] Sent Broadcast: 1|45,50,104,150,1,10,33,31,43,85,109,114,75,79,124,102,116,142,149,27,118,121,147,68,78,42,120,127,145,6,40,72,84,86,57,132,51,64,2,24,70,101,55,107,131,12,115,141,20,111,112,135,98,126
[ 61] Received message from  98: 1|45,50,104,150,1,10,33,31,43,85,109,114,75,79,124,102,116,142,149,27,118,121,147,68,78,42,120,127,145,6,40,72,84,86,57,132,51,64,2,24,70,101,55,107,131,12,115,141,20,111,112,135,98,126,61
[ 98] Sent Broadcast: 1|45,50,104,150,1,10,33,31,43,85,109,114,75,79,124,102,116,142,149,27,118,121,147,68,78,42,120,127,145,6,40,72,84,86,57,132,51,64,2,24,70,101,55,107,131,12,115,141,20,111,112,135,98,126,61
[ 87] Received message from 126: 1|45,50,104,150,1,10,33,31,43,85,109,114,75,79,124,102,116,142,149,27,118,121,147,68,78,42,120,127,145,6,40,72,84,86,57,132,51,64,2,24,70,101,55,107,131,12,115,141,20,111,112,82,126,135,61,87,98
[ 98] Received message from 126: 1|45,50,104,150,1,10,33,31,43,85,109,114,75,79,124,102,116,142,149,27,118,121,147,68,78,42,120,127,145,6,40,72,84,86,57,132,51,64,2,24,70,101,55,107,131,12,115,141,20,111,112,82,126,135,61,87,98
[126] Sent Broadcast: 1|45,50,104,150,1,10,33,31,43,85,109,114,75,79,124,102,116,142,149,27,118,121,147,68,78,42,120,127,145,6,40,72,84,86,57,132,51,64,2,24,70,101,55,107,131,12,115,141,20,111,112,82,126,135,61,87,98
[ 15] Received message from   5: 5|0,15,36,83,103,108,143
[ 36] Received message from   5: 5|0,15,36,83,103,108,143
[ 81] Received message from  15: 5|0,15,36,83,103,108,143,5,81
[ 15] Sent Broadcast: 5|0,15,36,83,103,108,143,5,81
[ 62] Received message from  81: 5|0,15,36,83,103,108,143,5,81,62
[ 13] Received message from  36: 5|0,15,36,83,103,108,143,5,13,100
[ 81] Sent Broadcast: 5|0,15,36,83,103,108,143,5,81,62
[ 83] Received message from   5: 5|0,15,36,83,103,108,143
[137] Received message from  83: 5|0,15,36,83,103,108,143,5,137
[ 83] Sent Broadcast: 5|0,15,36,83,103,108,143,5,137
[103] Received message from   5: 5|0,15,36,83,103,108,143
[100] Received message from  36: 5|0,15,36,83,103,108,143,5,13,100
[ 36] Sent Broadcast: 5|0,15,36,83,103,108,143,5,13,100
[108] Received message from   5: 5|0,15,36,83,103,108,143
[ 89] Received message from 137: 5|0,15,36,83,103,108,143,5,137,89,95
[ 81] Received message from 103: 5|0,15,36,83,103,108,143,5,81
[143] Received message from   5: 5|0,15,36,83,103,108,143
[103] Sent Broadcast: 5|0,15,36,83,103,108,143,5,81
[  5] Sent Broadcast: 5|0,15,36,83,103,108,143
[137] Received message from 108: 5|0,15,36,83,103,108,143,5,137
[  7] Received message from  89: 5|0,15,36,83,103,108,143,5,137,89,95,7,18,66,133
[108] Sent Broadcast: 5|0,15,36,83,103,108,143,5,137
[ 95] Received message from 137: 5|0,15,36,83,103,108,143,5,137,89,95
[137] Sent Broadcast: 5|0,15,36,83,103,108,143,5,137,89,95
[ 18] Received message from  89: 5|0,15,36,83,103,108,143,5,137,89,95,7,18,66,133
[ 38] Received message from   7: 5|0,15,36,83,103,108,143,5,137,89,95,7,18,66,133,38
[  7] Sent Broadcast: 5|0,15,36,83,103,108,143,5,137,89,95,7,18,66,133,38
[  7] Received message from  95: 5|0,15,36,83,103,108,143,5,137,89,95,7,18,38,66
[ 66] Received message from  89: 5|0,15,36,83,103,108,143,5,137,89,95,7,18,66,133
[ 81] Received message from 143: 5|0,15,36,83,103,108,143,5,81
[133] Received message from  89: 5|0,15,36,83,103,108,143,5,137,89,95,7,18,66,133
[ 38] Received message from  18: 5|0,15,36,83,103,108,143,5,137,89,95,7,18,66,133,38
[ 89] Sent Broadcast: 5|0,15,36,83,103,108,143,5,137,89,95,7,18,66,133
[ 18] Sent Broadcast: 5|0,15,36,83,103,108,143,5,137,89,95,7,18,66,133,38
[143] Sent Broadcast: 5|0,15,36,83,103,108,143,5,81
[ 18] Received message from  95: 5|0,15,36,83,103,108,143,5,137,89,95,7,18,38,66
[ 38] Received message from  66: 5|0,15,36,83,103,108,143,5,137,89,95,7,18,66,133,38
[ 66] Sent Broadcast: 5|0,15,36,83,103,108,143,5,137,89,95,7,18,66,133,38
[ 38] Received message from  95: 5|0,15,36,83,103,108,143,5,137,89,95,7,18,38,66
[ 66] Received message from  95: 5|0,15,36,83,103,108,143,5,137,89,95,7,18,38,66
[ 95] Sent Broadcast: 5|0,15,36,83,103,108,143,5,137,89,95,7,18,38,66
[ 91] Received message from  14: 14|0,91,106
[106] Received message from  14: 14|0,91,106
[ 14] Sent Broadcast: 14|0,91,106
[ 69] Received message from 106: 14|0,91,106,14,69
[106] Sent Broadcast: 14|0,91,106,14,69
[ 71] Received message from  22: 22|0,71
[ 22] Sent Broadcast: 22|0,71
