[  7] Received message from   1: 1|0,7,15,47,141
[ 15] Received message from   1: 1|0,7,15,47,141
[ 47] Received message from   1: 1|0,7,15,47,141
[ 71] Received message from   7: 1|0,7,15,47,141,1,71
[  7] Sent Broadcast: 1|0,7,15,47,141,1,71
[124] Received message from  15: 1|0,7,15,47,141,1,124
[ 15] Sent Broadcast: 1|0,7,15,47,141,1,124
[  3] Received message from  47: 1|0,7,15,47,141,1,3,33,84,108
[141] Received message from   1: 1|0,7,15,47,141
[117] Received message from  71: 1|0,7,15,47,141,1,71,117
[  1] Sent Broadcast: 1|0,7,15,47,141
[ 71] Sent Broadcast: 1|0,7,15,47,141,1,71,117
[ 33] Received message from  47: 1|0,7,15,47,141,1,3,33,84,108
[ 92] Received message from   3: 1|0,7,15,47,141,1,3,33,84,108,92
[  3] Sent Broadcast: 1|0,7,15,47,141,1,3,33,84,108,92
[ 84] Received message from  47: 1|0,7,15,47,141,1,3,33,84,108
[124] Received message from 141: 1|0,7,15,47,141,1,124
[ 92] Received message from  33: 1|0,7,15,47,141,1,3,33,84,108,92
[141] Sent Broadcast: 1|0,7,15,47,141,1,124
[ 33] Sent Broadcast: 1|0,7,15,47,141,1,3,33,84,108,92
[124] Received message from  92: 1|0,7,15,47,141,1,3,33,84,108,92,124
[108] Received message from  47: 1|0,7,15,47,141,1,3,33,84,108
[ 39] Received message from 124: 1|0,7,15,47,141,1,124,39,92,108
[ 24] Received message from 117: 1|0,7,15,47,141,1,71,117,24,143
[ 92] Sent Broadcast: 1|0,7,15,47,141,1,3,33,84,108,92,124
[ 47] Sent Broadcast: 1|0,7,15,47,141,1,3,33,84,108
[ 78] Received message from  39: 1|0,7,15,47,141,1,124,39,92,108,78
[ 92] Received message from 108: 1|0,7,15,47,141,1,3,33,84,108,92,124
[ 34] Received message from  24: 1|0,7,15,47,141,1,71,117,24,143,34,65
[ 43] Received message from  84: 1|0,7,15,47,141,1,3,33,84,108,43
[ 92] Received message from 124: 1|0,7,15,47,141,1,124,39,92,108
[ 65] Received message from  24: 1|0,7,15,47,141,1,71,117,24,143,34,65
[ 39] Sent Broadcast: 1|0,7,15,47,141,1,124,39,92,108,78
[124] Received message from 108: 1|0,7,15,47,141,1,3,33,84,108,92,124
[ 21] Received message from  34: 1|0,7,15,47,141,1,71,117,24,143,34,65,21,30,93,116,146
[ 84] Sent Broadcast: 1|0,7,15,47,141,1,3,33,84,108,43
[ 24] Sent Broadcast: 1|0,7,15,47,141,1,71,117,24,143,34,65
[108] Sent Broadcast: 1|0,7,15,47,141,1,3,33,84,108,92,124
[130] Received message from  78: 1|0,7,15,47,141,1,124,39,92,108,78,130,147
[145] Received message from  43: 1|0,7,15,47,141,1,3,33,84,108,43,145
[143] Received message from 117: 1|0,7,15,47,141,1,71,117,24,143
[ 30] Received message from  34: 1|0,7,15,47,141,1,71,117,24,143,34,65,21,30,93,116,146
[108] Received message from 124: 1|0,7,15,47,141,1,124,39,92,108
[117] Sent Broadcast: 1|0,7,15,47,141,1,71,117,24,143
[ 43] Sent Broadcast: 1|0,7,15,47,141,1,3,33,84,108,43,145
[124] Sent Broadcast: 1|0,7,15,47,141,1,124,39,92,108
[ 77] Received message from  65: 1|0,7,15,47,141,1,71,117,24,143,34,65,77,114
[147] Received message from  78: 1|0,7,15,47,141,1,124,39,92,108,78,130,147
[111] Received message from  21: 1|0,7,15,47,141,1,71,117,24,143,34,65,21,30,93,116,146,111
[ 20] Received message from 145: 1|0,7,15,47,141,1,3,33,84,108,43,145,20,40,73,113
[ 10] Received message from 130: 1|0,7,15,47,141,1,124,39,92,108,78,130,147,10,88
[ 78] Sent Broadcast: 1|0,7,15,47,141,1,124,39,92,108,78,130,147
[ 93] Received message from  34: 1|0,7,15,47,141,1,71,117,24,143,34,65,21,30,93,116,146
[114] Received message from  65: 1|0,7,15,47,141,1,71,117,24,143,34,65,77,114
[111] Received message from  30: 1|0,7,15,47,141,1,71,117,24,143,34,65,21,30,93,116,146,111
[ 21] Received message from 143: 1|0,7,15,47,141,1,71,117,24,143,21,30,34,65,93,116,146
[ 25] Received message from  77: 1|0,7,15,47,141,1,71,117,24,143,34,65,77,114,25,57
[ 21] Sent Broadcast: 1|0,7,15,47,141,1,71,117,24,143,34,65,21,30,93,116,146,111
[ 65] Sent Broadcast: 1|0,7,15,47,141,1,71,117,24,143,34,65,77,114
[ 88] Received message from 147: 1|0,7,15,47,141,1,124,39,92,108,78,130,147,88
[ 30] Sent Broadcast: 1|0,7,15,47,141,1,71,117,24,143,34,65,21,30,93,116,146,111
[ 30] Received message from 143: 1|0,7,15,47,141,1,71,117,24,143,21,30,34,65,93,116,146
[ 40] Received message from 145: 1|0,7,15,47,141,1,3,33,84,108,43,145,20,40,73,113
[116] Received message from  34: 1|0,7,15,47,141,1,71,117,24,143,34,65,21,30,93,116,146
[ 88] Received message from 130: 1|0,7,15,47,141,1,124,39,92,108,78,130,147,10,88
[147] Sent Broadcast: 1|0,7,15,47,141,1,124,39,92,108,78,130,147,88
[ 27] Received message from  25: 1|0,7,15,47,141,1,71,117,24,143,34,65,77,114,25,57,27,97,149
[ 57] Received message from  77: 1|0,7,15,47,141,1,71,117,24,143,34,65,77,114,25,57
[130] Sent Broadcast: 1|0,7,15,47,141,1,124,39,92,108,78,130,147,10,88
[ 34] Received message from 143: 1|0,7,15,47,141,1,71,117,24,143,21,30,34,65,93,116,146
[ 77] Sent Broadcast: 1|0,7,15,47,141,1,71,117,24,143,34,65,77,114,25,57
[ 10] Received message from  88: 1|0,7,15,47,141,1,124,39,92,108,78,130,147,88,10
[111] Received message from  93: 1|0,7,15,47,141,1,71,117,24,143,34,65,21,30,93,116,146,111
[ 88] Sent Broadcast: 1|0,7,15,47,141,1,124,39,92,108,78,130,147,88,10
[ 93] Sent Broadcast: 1|0,7,15,47,141,1,71,117,24,143,34,65,21,30,93,116,146,111
[ 73] Received message from 145: 1|0,7,15,47,141,1,3,33,84,108,43,145,20,40,73,113
[ 97] Received message from  25: 1|0,7,15,47,141,1,71,117,24,143,34,65,77,114,25,57,27,97,149
[111] Received message from 116: 1|0,7,15,47,141,1,71,117,24,143,34,65,21,30,93,116,146,111
[146] Received message from  34: 1|0,7,15,47,141,1,71,117,24,143,34,65,21,30,93,116,146
[ 25] Received message from 114: 1|0,7,15,47,141,1,71,117,24,143,34,65,77,114,25,97
[  6] Received message from  27: 1|0,7,15,47,141,1,71,117,24,143,34,65,77,114,25,57,27,97,149,6,98,107,119
[ 63] Received message from  57: 1|0,7,15,47,141,1,71,117,24,143,34,65,77,114,25,57,63,107
[139] Received message from  40: 1|0,7,15,47,141,1,3,33,84,108,43,145,20,40,73,113,139
[ 65] Received message from 143: 1|0,7,15,47,141,1,71,117,24,143,21,30,34,65,93,116,146
[ 34] Sent Broadcast: 1|0,7,15,47,141,1,71,117,24,143,34,65,21,30,93,116,146
[116] Sent Broadcast: 1|0,7,15,47,141,1,71,117,24,143,34,65,21,30,93,116,146,111
[ 40] Sent Broadcast: 1|0,7,15,47,141,1,3,33,84,108,43,145,20,40,73,113,139
[ 68] Received message from  73: 1|0,7,15,47,141,1,3,33,84,108,43,145,20,40,73,113,68,102
[113] Received message from 145: 1|0,7,15,47,141,1,3,33,84,108,43,145,20,40,73,113
[111] Received message from 146: 1|0,7,15,47,141,1,71,117,24,143,34,65,21,30,93,116,146,111
[149] Received message from  25: 1|0,7,15,47,141,1,71,117,24,143,34,65,77,114,25,57,27,97,149
[ 97] Received message from 114: 1|0,7,15,47,141,1,71,117,24,143,34,65,77,114,25,97
[ 93] Received message from 143: 1|0,7,15,47,141,1,71,117,24,143,21,30,34,65,93,116,146
[ 98] Received message from  27: 1|0,7,15,47,141,1,71,117,24,143,34,65,77,114,25,57,27,97,149,6,98,107,119
[ 38] Received message from   6: 1|0,7,15,47,141,1,71,117,24,143,34,65,77,114,25,57,27,97,149,6,98,107,119,38,54,81,105,137
[ 12] Received message from 139: 1|0,7,15,47,141,1,3,33,84,108,43,145,20,40,73,113,139,12,109
[145] Sent Broadcast: 1|0,7,15,47,141,1,3,33,84,108,43,145,20,40,73,113
[146] Sent Broadcast: 1|0,7,15,47,141,1,71,117,24,143,34,65,21,30,93,116,146,111
[114] Sent Broadcast: 1|0,7,15,47,141,1,71,117,24,143,34,65,77,114,25,97
[ 25] Sent Broadcast: 1|0,7,15,47,141,1,71,117,24,143,34,65,77,114,25,57,27,97,149
[ 29] Received message from  97: 1|0,7,15,47,141,1,71,117,24,143,34,65,77,114,25,57,27,97,149,29
[107] Received message from  57: 1|0,7,15,47,141,1,71,117,24,143,34,65,77,114,25,57,63,107
[ 44] Received message from  38: 1|0,7,15,47,141,1,71,117,24,143,34,65,77,114,25,57,27,97,149,6,98,107,119,38,54,81,105,137,44,58,85,100
[ 97] Sent Broadcast: 1|0,7,15,47,141,1,71,117,24,143,34,65,77,114,25,57,27,97,149,29
[ 68] Received message from 113: 1|0,7,15,47,141,1,3,33,84,108,43,145,20,40,73,113,68
[ 70] Received message from  63: 1|0,7,15,47,141,1,71,117,24,143,34,65,77,114,25,57,63,107,70,119,128
[ 54] Received message from  98: 1|0,7,15,47,141,1,71,117,24,143,34,65,77,114,25,57,27,97,149,6,98,107,119,54,81,137
[ 57] Sent Broadcast: 1|0,7,15,47,141,1,71,117,24,143,34,65,77,114,25,57,63,107
[102] Received message from  73: 1|0,7,15,47,141,1,3,33,84,108,43,145,20,40,73,113,68,102
[ 54] Received message from   6: 1|0,7,15,47,141,1,71,117,24,143,34,65,77,114,25,57,27,97,149,6,98,107,119,38,54,81,105,137
[113] Sent Broadcast: 1|0,7,15,47,141,1,3,33,84,108,43,145,20,40,73,113,68
[  6] Received message from 149: 1|0,7,15,47,141,1,71,117,24,143,34,65,77,114,25,57,27,97,149,6,44,54,98,107,119,137
[ 58] Received message from  38: 1|0,7,15,47,141,1,71,117,24,143,34,65,77,114,25,57,27,97,149,6,98,107,119,38,54,81,105,137,44,58,85,100
[ 81] Received message from  98: 1|0,7,15,47,141,1,71,117,24,143,34,65,77,114,25,57,27,97,149,6,98,107,119,54,81,137
[ 38] Received message from  54: 1|0,7,15,47,141,1,71,117,24,143,34,65,77,114,25,57,27,97,149,6,98,107,119,54,81,137,38,44,58,85
[116] Received message from 143: 1|0,7,15,47,141,1,71,117,24,143,21,30,34,65,93,116,146
[101] Received message from  29: 1|0,7,15,47,141,1,71,117,24,143,34,65,77,114,25,57,27,97,149,29,101,140
[107] Received message from  27: 1|0,7,15,47,141,1,71,117,24,143,34,65,77,114,25,57,27,97,149,6,98,107,119
[109] Received message from 139: 1|0,7,15,47,141,1,3,33,84,108,43,145,20,40,73,113,139,12,109
[ 27] Received message from 107: 1|0,7,15,47,141,1,71,117,24,143,34,65,77,114,25,57,63,107,27,44,119,149
[138] Received message from  44: 1|0,7,15,47,141,1,71,117,24,143,34,65,77,114,25,57,27,97,149,6,98,107,119,38,54,81,105,137,44,58,85,100,138
[ 73] Sent Broadcast: 1|0,7,15,47,141,1,3,33,84,108,43,145,20,40,73,113,68,102
[ 85] Received message from  38: 1|0,7,15,47,141,1,71,117,24,143,34,65,77,114,25,57,27,97,149,6,98,107,119,38,54,81,105,137,44,58,85,100
[119] Received message from  63: 1|0,7,15,47,141,1,71,117,24,143,34,65,77,114,25,57,63,107,70,119,128
[137] Received message from  98: 1|0,7,15,47,141,1,71,117,24,143,34,65,77,114,25,57,27,97,149,6,98,107,119,54,81,137
[105] Received message from  81: 1|0,7,15,47,141,1,71,117,24,143,34,65,77,114,25,57,27,97,149,6,98,107,119,54,81,137,105
[ 44] Received message from 149: 1|0,7,15,47,141,1,71,117,24,143,34,65,77,114,25,57,27,97,149,6,44,54,98,107,119,137
[139] Sent Broadcast: 1|0,7,15,47,141,1,3,33,84,108,43,145,20,40,73,113,139,12,109
[ 27] Received message from 119: 1|0,7,15,47,141,1,71,117,24,143,34,65,77,114,25,57,63,107,70,119,128,27,44,149
[ 44] Sent Broadcast: 1|0,7,15,47,141,1,71,117,24,143,34,65,77,114,25,57,27,97,149,6,98,107,119,38,54,81,105,137,44,58,85,100,138
[ 81] Sent Broadcast: 1|0,7,15,47,141,1,71,117,24,143,34,65,77,114,25,57,27,97,149,6,98,107,119,54,81,137,105
[119] Received message from  27: 1|0,7,15,47,141,1,71,117,24,143,34,65,77,114,25,57,27,97,149,6,98,107,119
[138] Received message from  85: 1|0,7,15,47,141,1,71,117,24,143,34,65,77,114,25,57,27,97,149,6,98,107,119,38,54,81,105,137,44,58,85,100,138
[ 44] Received message from  54: 1|0,7,15,47,141,1,71,117,24,143,34,65,77,114,25,57,27,97,149,6,98,107,119,54,81,137,38,44,58,85
[146] Received message from 143: 1|0,7,15,47,141,1,71,117,24,143,21,30,34,65,93,116,146
[ 38] Received message from 137: 1|0,7,15,47,141,1,71,117,24,143,34,65,77,114,25,57,27,97,149,6,98,107,119,54,81,137,38,44,58,85,100
[ 44] Received message from 107: 1|0,7,15,47,141,1,71,117,24,143,34,65,77,114,25,57,63,107,27,44,119,149
[ 81] Received message from   6: 1|0,7,15,47,141,1,71,117,24,143,34,65,77,114,25,57,27,97,149,6,98,107,119,38,54,81,105,137
[140] Received message from  29: 1|0,7,15,47,141,1,71,117,24,143,34,65,77,114,25,57,27,97,149,29,101,140
[ 27] Sent Broadcast: 1|0,7,15,47,141,1,71,117,24,143,34,65,77,114,25,57,27,97,149,6,98,107,119
[ 98] Sent Broadcast: 1|0,7,15,47,141,1,71,117,24,143,34,65,77,114,25,57,27,97,149,6,98,107,119,54,81,137
[ 85] Sent Broadcast: 1|0,7,15,47,141,1,71,117,24,143,34,65,77,114,25,57,27,97,149,6,98,107,119,38,54,81,105,137,44,58,85,100,138
[143] Sent Broadcast: 1|0,7,15,47,141,1,71,117,24,143,21,30,34,65,93,116,146
[105] Received message from   6: 1|0,7,15,47,141,1,71,117,24,143,34,65,77,114,25,57,27,97,149,6,98,107,119,38,54,81,105,137
[ 54] Received message from 149: 1|0,7,15,47,141,1,71,117,24,143,34,65,77,114,25,57,27,97,149,6,44,54,98,107,119,137
[ 44] Received message from 119: 1|0,7,15,47,141,1,71,117,24,143,34,65,77,114,25,57,63,107,70,119,128,27,44,149
[100] Received message from  38: 1|0,7,15,47,141,1,71,117,24,143,34,65,77,114,25,57,27,97,149,6,98,107,119,38,54,81,105,137,44,58,85,100
[128] Received message from  63: 1|0,7,15,47,141,1,71,117,24,143,34,65,77,114,25,57,63,107,70,119,128
[ 44] Received message from 137: 1|0,7,15,47,141,1,71,117,24,143,34,65,77,114,25,57,27,97,149,6,98,107,119,54,81,137,38,44,58,85,100
[137] Received message from   6: 1|0,7,15,47,141,1,71,117,24,143,34,65,77,114,25,57,27,97,149,6,98,107,119,38,54,81,105,137
[ 61] Received message from 128: 1|0,7,15,47,141,1,71,117,24,143,34,65,77,114,25,57,63,107,70,119,128,61
[ 87] Received message from  61: 1|0,7,15,47,141,1,71,117,24,143,34,65,77,114,25,57,63,107,70,119,128,61,87
[  6] Sent Broadcast: 1|0,7,15,47,141,1,71,117,24,143,34,65,77,114,25,57,27,97,149,6,98,107,119,38,54,81,105,137
[ 58] Received message from  54: 1|0,7,15,47,141,1,71,117,24,143,34,65,77,114,25,57,27,97,149,6,98,107,119,54,81,137,38,44,58,85
[ 42] Received message from  87: 1|0,7,15,47,141,1,71,117,24,143,34,65,77,114,25,57,63,107,70,119,128,61,87,42,106
[ 29] Sent Broadcast: 1|0,7,15,47,141,1,71,117,24,143,34,65,77,114,25,57,27,97,149,29,101,140
[ 98] Received message from 149: 1|0,7,15,47,141,1,71,117,24,143,34,65,77,114,25,57,27,97,149,6,44,54,98,107,119,137
[119] Received message from 107: 1|0,7,15,47,141,1,71,117,24,143,34,65,77,114,25,57,63,107,27,44,119,149
[ 38] Sent Broadcast: 1|0,7,15,47,141,1,71,117,24,143,34,65,77,114,25,57,27,97,149,6,98,107,119,38,54,81,105,137,44,58,85,100
[ 63] Sent Broadcast: 1|0,7,15,47,141,1,71,117,24,143,34,65,77,114,25,57,63,107,70,119,128
[128] Sent Broadcast: 1|0,7,15,47,141,1,71,117,24,143,34,65,77,114,25,57,63,107,70,119,128,61
[ 61] Sent Broadcast: 1|0,7,15,47,141,1,71,117,24,143,34,65,77,114,25,57,63,107,70,119,128,61,87
[ 58] Received message from 137: 1|0,7,15,47,141,1,71,117,24,143,34,65,77,114,25,57,27,97,149,6,98,107,119,54,81,137,38,44,58,85,100
[106] Received message from  87: 1|0,7,15,47,141,1,71,117,24,143,34,65,77,114,25,57,63,107,70,119,128,61,87,42,106
[ 87] Sent Broadcast: 1|0,7,15,47,141,1,71,117,24,143,34,65,77,114,25,57,63,107,70,119,128,61,87,42,106
[107] Received message from 149: 1|0,7,15,47,141,1,71,117,24,143,34,65,77,114,25,57,27,97,149,6,44,54,98,107,119,137
[ 85] Received message from  54: 1|0,7,15,47,141,1,71,117,24,143,34,65,77,114,25,57,27,97,149,6,98,107,119,54,81,137,38,44,58,85
[149] Received message from 119: 1|0,7,15,47,141,1,71,117,24,143,34,65,77,114,25,57,63,107,70,119,128,27,44,149
[ 54] Sent Broadcast: 1|0,7,15,47,141,1,71,117,24,143,34,65,77,114,25,57,27,97,149,6,98,107,119,54,81,137,38,44,58,85
[149] Received message from 107: 1|0,7,15,47,141,1,71,117,24,143,34,65,77,114,25,57,63,107,27,44,119,149
[119] Sent Broadcast: 1|0,7,15,47,141,1,71,117,24,143,34,65,77,114,25,57,63,107,70,119,128,27,44,149
[107] Sent Broadcast: 1|0,7,15,47,141,1,71,117,24,143,34,65,77,114,25,57,63,107,27,44,119,149
[ 66] Received message from 106: 1|0,7,15,47,141,1,71,117,24,143,34,65,77,114,25,57,63,107,70,119,128,61,87,42,106,66,122
[119] Received message from 149: 1|0,7,15,47,141,1,71,117,24,143,34,65,77,114,25,57,27,97,149,6,44,54,98,107,119,137
[ 85] Received message from 137: 1|0,7,15,47,141,1,71,117,24,143,34,65,77,114,25,57,27,97,149,6,98,107,119,54,81,137,38,44,58,85,100
[136] Received message from  66: 1|0,7,15,47,141,1,71,117,24,143,34,65,77,114,25,57,63,107,70,119,128,61,87,42,106,66,122,136
[ 66] Sent Broadcast: 1|0,7,15,47,141,1,71,117,24,143,34,65,77,114,25,57,63,107,70,119,128,61,87,42,106,66,122,136
[122] Received message from 106: 1|0,7,15,47,141,1,71,117,24,143,34,65,77,114,25,57,63,107,70,119,128,61,87,42,106,66,122
[100] Received message from 137: 1|0,7,15,47,141,1,71,117,24,143,34,65,77,114,25,57,27,97,149,6,98,107,119,54,81,137,38,44,58,85,100
[137] Sent Broadcast: 1|0,7,15,47,141,1,71,117,24,143,34,65,77,114,25,57,27,97,149,6,98,107,119,54,81,137,38,44,58,85,100
[137] Received message from 149: 1|0,7,15,47,141,1,71,117,24,143,34,65,77,114,25,57,27,97,149,6,44,54,98,107,119,137
[106] Sent Broadcast: 1|0,7,15,47,141,1,71,117,24,143,34,65,77,114,25,57,63,107,70,119,128,61,87,42,106,66,122
[149] Sent Broadcast: 1|0,7,15,47,141,1,71,117,24,143,34,65,77,114,25,57,27,97,149,6,44,54,98,107,119,137
[136] Received message from 122: 1|0,7,15,47,141,1,71,117,24,143,34,65,77,114,25,57,63,107,70,119,128,61,87,42,106,66,122,136
[122] Sent Broadcast: 1|0,7,15,47,141,1,71,117,24,143,34,65,77,114,25,57,63,107,70,119,128,61,87,42,106,66,122,136
[ 16] Received message from   2: 2|0,16,32,51,95,118,133
[ 32] Received message from   2: 2|0,16,32,51,95,118,133
[ 51] Received message from   2: 2|0,16,32,51,95,118,133
[  4] Received message from  16: 2|0,16,32,51,95,118,133,2,4,41,90
[ 95] Received message from   2: 2|0,16,32,51,95,118,133
[ 41] Received message from  16: 2|0,16,32,51,95,118,133,2,4,41,90
[ 79] Received message from  32: 2|0,16,32,51,95,118,133,2,79
[ 32] Sent Broadcast: 2|0,16,32,51,95,118,133,2,79
[  9] Received message from   4: 2|0,16,32,51,95,118,133,2,4,41,90,9
[  9] Received message from  41: 2|0,16,32,51,95,118,133,2,4,41,90,9
[  4] Sent Broadcast: 2|0,16,32,51,95,118,133,2,4,41,90,9
[118] Received message from   2: 2|0,16,32,51,95,118,133
[ 90] Received message from  16: 2|0,16,32,51,95,118,133,2,4,41,90
[ 16] Sent Broadcast: 2|0,16,32,51,95,118,133,2,4,41,90
[ 79] Received message from  95: 2|0,16,32,51,95,118,133,2,79
[ 95] Sent Broadcast: 2|0,16,32,51,95,118,133,2,79
[ 41] Sent Broadcast: 2|0,16,32,51,95,118,133,2,4,41,90,9
[133] Received message from   2: 2|0,16,32,51,95,118,133
[  2] Sent Broadcast: 2|0,16,32,51,95,118,133
[  9] Received message from  90: 2|0,16,32,51,95,118,133,2,4,41,90,9
[ 90] Sent Broadcast: 2|0,16,32,51,95,118,133,2,4,41,90,9
[ 79] Received message from 118: 2|0,16,32,51,95,118,133,2,79
[118] Sent Broadcast: 2|0,16,32,51,95,118,133,2,79
[ 79] Received message from 133: 2|0,16,32,51,95,118,133,2,79
[133] Sent Broadcast: 2|0,16,32,51,95,118,133,2,79
[ 11] Received message from   5: 5|0,11,18,28,60,82,127
[ 18] Received message from   5: 5|0,11,18,28,60,82,127
[ 28] Received message from   5: 5|0,11,18,28,60,82,127
[ 60] Received message from   5: 5|0,11,18,28,60,82,127
[ 82] Received message from   5: 5|0,11,18,28,60,82,127
[127] Received message from   5: 5|0,11,18,28,60,82,127
[  5] Sent Broadcast: 5|0,11,18,28,60,82,127
[148] Received message from 127: 5|0,11,18,28,60,82,127,5,148
[127] Sent Broadcast: 5|0,11,18,28,60,82,127,5,148
[ 55] Received message from 148: 5|0,11,18,28,60,82,127,5,148,55,86,91,112
[ 86] Received message from 148: 5|0,11,18,28,60,82,127,5,148,55,86,91,112
[ 45] Received message from  55: 5|0,11,18,28,60,82,127,5,148,55,86,91,112,45,83,99
[ 91] Received message from 148: 5|0,11,18,28,60,82,127,5,148,55,86,91,112
[ 83] Received message from  86: 5|0,11,18,28,60,82,127,5,148,55,86,91,112,83,99
[ 83] Received message from  55: 5|0,11,18,28,60,82,127,5,148,55,86,91,112,45,83,99
[ 49] Received message from  45: 5|0,11,18,28,60,82,127,5,148,55,86,91,112,45,83,99,49,76,129
[ 99] Received message from  86: 5|0,11,18,28,60,82,127,5,148,55,86,91,112,83,99
[112] Received message from 148: 5|0,11,18,28,60,82,127,5,148,55,86,91,112
[ 86] Sent Broadcast: 5|0,11,18,28,60,82,127,5,148,55,86,91,112,83,99
[ 45] Received message from  83: 5|0,11,18,28,60,82,127,5,148,55,86,91,112,83,99,45,49,76,129
[ 99] Received message from  55: 5|0,11,18,28,60,82,127,5,148,55,86,91,112,45,83,99
[ 76] Received message from  45: 5|0,11,18,28,60,82,127,5,148,55,86,91,112,45,83,99,49,76,129
[148] Sent Broadcast: 5|0,11,18,28,60,82,127,5,148,55,86,91,112
[ 55] Sent Broadcast: 5|0,11,18,28,60,82,127,5,148,55,86,91,112,45,83,99
[ 83] Received message from 112: 5|0,11,18,28,60,82,127,5,148,55,86,91,112,83
[112] Sent Broadcast: 5|0,11,18,28,60,82,127,5,148,55,86,91,112,83
[ 26] Received message from  99: 5|0,11,18,28,60,82,127,5,148,55,86,91,112,83,99,26,94
[129] Received message from  45: 5|0,11,18,28,60,82,127,5,148,55,86,91,112,45,83,99,49,76,129
[ 49] Received message from  83: 5|0,11,18,28,60,82,127,5,148,55,86,91,112,83,99,45,49,76,129
[ 45] Sent Broadcast: 5|0,11,18,28,60,82,127,5,148,55,86,91,112,45,83,99,49,76,129
[ 94] Received message from  99: 5|0,11,18,28,60,82,127,5,148,55,86,91,112,83,99,26,94
[ 99] Sent Broadcast: 5|0,11,18,28,60,82,127,5,148,55,86,91,112,83,99,26,94
[ 36] Received message from  26: 5|0,11,18,28,60,82,127,5,148,55,86,91,112,83,99,26,94,36,46,53,74,135
[ 76] Received message from  83: 5|0,11,18,28,60,82,127,5,148,55,86,91,112,83,99,45,49,76,129
[ 48] Received message from 129: 5|0,11,18,28,60,82,127,5,148,55,86,91,112,45,83,99,49,76,129,48
[ 46] Received message from  26: 5|0,11,18,28,60,82,127,5,148,55,86,91,112,83,99,26,94,36,46,53,74,135
[129] Sent Broadcast: 5|0,11,18,28,60,82,127,5,148,55,86,91,112,45,83,99,49,76,129,48
[129] Received message from  83: 5|0,11,18,28,60,82,127,5,148,55,86,91,112,83,99,45,49,76,129
[ 17] Received message from  36: 5|0,11,18,28,60,82,127,5,148,55,86,91,112,83,99,26,94,36,46,53,74,135,17,131
[ 83] Sent Broadcast: 5|0,11,18,28,60,82,127,5,148,55,86,91,112,83,99,45,49,76,129
[ 53] Received message from  26: 5|0,11,18,28,60,82,127,5,148,55,86,91,112,83,99,26,94,36,46,53,74,135
[ 17] Received message from  46: 5|0,11,18,28,60,82,127,5,148,55,86,91,112,83,99,26,94,36,46,53,74,135,17,104,131
[ 13] Received message from  48: 5|0,11,18,28,60,82,127,5,148,55,86,91,112,45,83,99,49,76,129,48,13,132
[131] Received message from  36: 5|0,11,18,28,60,82,127,5,148,55,86,91,112,83,99,26,94,36,46,53,74,135,17,131
[ 17] Received message from  53: 5|0,11,18,28,60,82,127,5,148,55,86,91,112,83,99,26,94,36,46,53,74,135,17,131
[ 59] Received message from  17: 5|0,11,18,28,60,82,127,5,148,55,86,91,112,83,99,26,94,36,46,53,74,135,17,131,59,104
[ 36] Sent Broadcast: 5|0,11,18,28,60,82,127,5,148,55,86,91,112,83,99,26,94,36,46,53,74,135,17,131
[ 74] Received message from  26: 5|0,11,18,28,60,82,127,5,148,55,86,91,112,83,99,26,94,36,46,53,74,135
[132] Received message from  48: 5|0,11,18,28,60,82,127,5,148,55,86,91,112,45,83,99,49,76,129,48,13,132
[104] Received message from  46: 5|0,11,18,28,60,82,127,5,148,55,86,91,112,83,99,26,94,36,46,53,74,135,17,104,131
[ 22] Received message from  13: 5|0,11,18,28,60,82,127,5,148,55,86,91,112,45,83,99,49,76,129,48,13,132,22,115
[104] Received message from 131: 5|0,11,18,28,60,82,127,5,148,55,86,91,112,83,99,26,94,36,46,53,74,135,17,131,104
[ 48] Sent Broadcast: 5|0,11,18,28,60,82,127,5,148,55,86,91,112,45,83,99,49,76,129,48,13,132
[131] Received message from  53: 5|0,11,18,28,60,82,127,5,148,55,86,91,112,83,99,26,94,36,46,53,74,135,17,131
[115] Received message from 132: 5|0,11,18,28,60,82,127,5,148,55,86,91,112,45,83,99,49,76,129,48,13,132,115
[ 69] Received message from  59: 5|0,11,18,28,60,82,127,5,148,55,86,91,112,83,99,26,94,36,46,53,74,135,17,131,59,104,69,72
[ 89] Received message from  22: 5|0,11,18,28,60,82,127,5,148,55,86,91,112,45,83,99,49,76,129,48,13,132,22,115,89
[104] Received message from  17: 5|0,11,18,28,60,82,127,5,148,55,86,91,112,83,99,26,94,36,46,53,74,135,17,131,59,104
[ 53] Sent Broadcast: 5|0,11,18,28,60,82,127,5,148,55,86,91,112,83,99,26,94,36,46,53,74,135,17,131
[135] Received message from  26: 5|0,11,18,28,60,82,127,5,148,55,86,91,112,83,99,26,94,36,46,53,74,135
[ 59] Received message from 104: 5|0,11,18,28,60,82,127,5,148,55,86,91,112,83,99,26,94,36,46,53,74,135,17,104,131,59
[ 22] Received message from 115: 5|0,11,18,28,60,82,127,5,148,55,86,91,112,45,83,99,49,76,129,48,13,132,115,22,89
[ 75] Received message from  69: 5|0,11,18,28,60,82,127,5,148,55,86,91,112,83,99,26,94,36,46,53,74,135,17,131,59,104,69,72,75
[132] Sent Broadcast: 5|0,11,18,28,60,82,127,5,148,55,86,91,112,45,83,99,49,76,129,48,13,132,115
[ 26] Sent Broadcast: 5|0,11,18,28,60,82,127,5,148,55,86,91,112,83,99,26,94,36,46,53,74,135
[131] Sent Broadcast: 5|0,11,18,28,60,82,127,5,148,55,86,91,112,83,99,26,94,36,46,53,74,135,17,131,104
[104] Sent Broadcast: 5|0,11,18,28,60,82,127,5,148,55,86,91,112,83,99,26,94,36,46,53,74,135,17,104,131,59
[ 22] Sent Broadcast: 5|0,11,18,28,60,82,127,5,148,55,86,91,112,45,83,99,49,76,129,48,13,132,22,115,89
[ 17] Sent Broadcast: 5|0,11,18,28,60,82,127,5,148,55,86,91,112,83,99,26,94,36,46,53,74,135,17,131,59,104
[131] Received message from  46: 5|0,11,18,28,60,82,127,5,148,55,86,91,112,83,99,26,94,36,46,53,74,135,17,104,131
[ 46] Sent Broadcast: 5|0,11,18,28,60,82,127,5,148,55,86,91,112,83,99,26,94,36,46,53,74,135,17,104,131
[ 69] Sent Broadcast: 5|0,11,18,28,60,82,127,5,148,55,86,91,112,83,99,26,94,36,46,53,74,135,17,131,59,104,69,72,75
[ 89] Received message from 115: 5|0,11,18,28,60,82,127,5,148,55,86,91,112,45,83,99,49,76,129,48,13,132,115,22,89
[ 72] Received message from  59: 5|0,11,18,28,60,82,127,5,148,55,86,91,112,83,99,26,94,36,46,53,74,135,17,131,59,104,69,72
[115] Sent Broadcast: 5|0,11,18,28,60,82,127,5,148,55,86,91,112,45,83,99,49,76,129,48,13,132,115,22,89
[115] Received message from  13: 5|0,11,18,28,60,82,127,5,148,55,86,91,112,45,83,99,49,76,129,48,13,132,22,115
[ 13] Sent Broadcast: 5|0,11,18,28,60,82,127,5,148,55,86,91,112,45,83,99,49,76,129,48,13,132,22,115
[ 59] Sent Broadcast: 5|0,11,18,28,60,82,127,5,148,55,86,91,112,83,99,26,94,36,46,53,74,135,17,131,59,104,69,72
[ 75] Received message from  72: 5|0,11,18,28,60,82,127,5,148,55,86,91,112,83,99,26,94,36,46,53,74,135,17,131,59,104,69,72,75
[ 72] Sent Broadcast: 5|0,11,18,28,60,82,127,5,148,55,86,91,112,83,99,26,94,36,46,53,74,135,17,131,59,104,69,72,75
[ 37] Received message from   8: 8|0,37,50,121,144
[ 50] Received message from   8: 8|0,37,50,121,144
[121] Received message from   8: 8|0,37,50,121,144
[144] Received message from   8: 8|0,37,50,121,144
[  8] Sent Broadcast: 8|0,37,50,121,144
[ 19] Received message from 121: 8|0,37,50,121,144,8,19,134
[134] Received message from 144: 8|0,37,50,121,144,8,134
[144] Sent Broadcast: 8|0,37,50,121,144,8,134
[134] Received message from 121: 8|0,37,50,121,144,8,19,134
[121] Sent Broadcast: 8|0,37,50,121,144,8,19,134
[ 19] Received message from 134: 8|0,37,50,121,144,8,134,19,67,142
[ 67] Received message from 134: 8|0,37,50,121,144,8,134,19,67,142
[142] Received message from 134: 8|0,37,50,121,144,8,134,19,67,142
[134] Sent Broadcast: 8|0,37,50,121,144,8,134,19,67,142
[ 62] Received message from  67: 8|0,37,50,121,144,8,134,19,67,142,62,96,103,125
[ 35] Received message from 142: 8|0,37,50,121,144,8,134,19,67,142,35,96,103
[ 56] Received message from  62: 8|0,37,50,121,144,8,134,19,67,142,62,96,103,125,56,123
[ 96] Received message from  67: 8|0,37,50,121,144,8,134,19,67,142,62,96,103,125
[ 14] Received message from  56: 8|0,37,50,121,144,8,134,19,67,142,62,96,103,125,56,123,14
[ 56] Sent Broadcast: 8|0,37,50,121,144,8,134,19,67,142,62,96,103,125,56,123,14
[103] Received message from  67: 8|0,37,50,121,144,8,134,19,67,142,62,96,103,125
[123] Received message from  62: 8|0,37,50,121,144,8,134,19,67,142,62,96,103,125,56,123
[ 62] Sent Broadcast: 8|0,37,50,121,144,8,134,19,67,142,62,96,103,125,56,123
[ 31] Received message from  35: 8|0,37,50,121,144,8,134,19,67,142,35,96,103,31
[ 35] Sent Broadcast: 8|0,37,50,121,144,8,134,19,67,142,35,96,103,31
[125] Received message from  67: 8|0,37,50,121,144,8,134,19,67,142,62,96,103,125
[ 67] Sent Broadcast: 8|0,37,50,121,144,8,134,19,67,142,62,96,103,125
[ 35] Received message from  96: 8|0,37,50,121,144,8,134,19,67,142,62,96,103,125,35
[ 96] Sent Broadcast: 8|0,37,50,121,144,8,134,19,67,142,62,96,103,125,35
[ 14] Received message from 123: 8|0,37,50,121,144,8,134,19,67,142,62,96,103,125,56,123,14
[123] Sent Broadcast: 8|0,37,50,121,144,8,134,19,67,142,62,96,103,125,56,123,14
[ 96] Received message from 142: 8|0,37,50,121,144,8,134,19,67,142,35,96,103
[ 52] Received message from  31: 8|0,37,50,121,144,8,134,19,67,142,35,96,103,31,52,120,150
[103] Received message from 142: 8|0,37,50,121,144,8,134,19,67,142,35,96,103
[142] Sent Broadcast: 8|0,37,50,121,144,8,134,19,67,142,35,96,103
[ 35] Received message from 103: 8|0,37,50,121,144,8,134,19,67,142,62,96,103,125,35
[103] Sent Broadcast: 8|0,37,50,121,144,8,134,19,67,142,62,96,103,125,35
[120] Received message from  31: 8|0,37,50,121,144,8,134,19,67,142,35,96,103,31,52,120,150
[150] Received message from  31: 8|0,37,50,121,144,8,134,19,67,142,35,96,103,31,52,120,150
[ 31] Sent Broadcast: 8|0,37,50,121,144,8,134,19,67,142,35,96,103,31,52,120,150
[ 80] Received message from  23: 23|0,80,126
[126] Received message from  23: 23|0,80,126
[ 23] Sent Broadcast: 23|0,80,126
[110] Received message from  64: 64|0,110
[ 64] Sent Broadcast: 64|0,110
