[ 20] Received message from   1: 1|0,20,25,37,38,47,49,54,74,91,92,98,125
[  2] Received message from  20: 1|0,20,25,37,38,47,49,54,74,91,92,98,125,1,2,80,112,143,148
[ 25] Received message from   1: 1|0,20,25,37,38,47,49,54,74,91,92,98,125
[ 26] Received message from   2: 1|0,20,25,37,38,47,49,54,74,91,92,98,125,1,2,80,112,143,148,26,48,89
[ 19] Received message from  25: 1|0,20,25,37,38,47,49,54,74,91,92,98,125,1,19,148
[ 80] Received message from  20: 1|0,20,25,37,38,47,49,54,74,91,92,98,125,1,2,80,112,143,148
[ 37] Received message from   1: 1|0,20,25,37,38,47,49,54,74,91,92,98,125
[ 18] Received message from  26: 1|0,20,25,37,38,47,49,54,74,91,92,98,125,1,2,80,112,143,148,26,48,89,18,59,61,69,106
[ 48] Received message from   2: 1|0,20,25,37,38,47,49,54,74,91,92,98,125,1,2,80,112,143,148,26,48,89
[ 10] Received message from  19: 1|0,20,25,37,38,47,49,54,74,91,92,98,125,1,19,148,10,15,137
[148] Received message from  25: 1|0,20,25,37,38,47,49,54,74,91,92,98,125,1,19,148
[ 38] Received message from   1: 1|0,20,25,37,38,47,49,54,74,91,92,98,125
[ 82] Received message from  80: 1|0,20,25,37,38,47,49,54,74,91,92,98,125,1,2,80,112,143,148,82
[ 97] Received message from  37: 1|0,20,25,37,38,47,49,54,74,91,92,98,125,1,97,100,110
[112] Received message from  20: 1|0,20,25,37,38,47,49,54,74,91,92,98,125,1,2,80,112,143,148
[ 15] Received message from  19: 1|0,20,25,37,38,47,49,54,74,91,92,98,125,1,19,148,10,15,137
[ 80] Sent Broadcast: 1|0,20,25,37,38,47,49,54,74,91,92,98,125,1,2,80,112,143,148,82
[ 25] Sent Broadcast: 1|0,20,25,37,38,47,49,54,74,91,92,98,125,1,19,148
[ 18] Received message from  48: 1|0,20,25,37,38,47,49,54,74,91,92,98,125,1,2,80,112,143,148,26,48,89,18,59,61,69,84,106
[ 70] Received message from  18: 1|0,20,25,37,38,47,49,54,74,91,92,98,125,1,2,80,112,143,148,26,48,89,18,59,61,69,106,70,147
[ 45] Received message from  10: 1|0,20,25,37,38,47,49,54,74,91,92,98,125,1,19,148,10,15,137,45,46,65,66,75,103,138,141
[ 33] Received message from  38: 1|0,20,25,37,38,47,49,54,74,91,92,98,125,1,33,146
[ 31] Received message from  97: 1|0,20,25,37,38,47,49,54,74,91,92,98,125,1,97,100,110,31,116
[  2] Received message from 148: 1|0,20,25,37,38,47,49,54,74,91,92,98,125,1,19,148,2,48,89
[ 82] Received message from 112: 1|0,20,25,37,38,47,49,54,74,91,92,98,125,1,2,80,112,143,148,82,137
[143] Received message from  20: 1|0,20,25,37,38,47,49,54,74,91,92,98,125,1,2,80,112,143,148
[ 89] Received message from   2: 1|0,20,25,37,38,47,49,54,74,91,92,98,125,1,2,80,112,143,148,26,48,89
[ 59] Received message from  26: 1|0,20,25,37,38,47,49,54,74,91,92,98,125,1,2,80,112,143,148,26,48,89,18,59,61,69,106
[100] Received message from  37: 1|0,20,25,37,38,47,49,54,74,91,92,98,125,1,97,100,110
[ 11] Received message from  82: 1|0,20,25,37,38,47,49,54,74,91,92,98,125,1,2,80,112,143,148,82,11,42,43,133
[ 47] Received message from   1: 1|0,20,25,37,38,47,49,54,74,91,92,98,125
[ 30] Received message from  15: 1|0,20,25,37,38,47,49,54,74,91,92,98,125,1,19,148,10,15,137,30,46,65,85,113,138,141
[ 59] Received message from  48: 1|0,20,25,37,38,47,49,54,74,91,92,98,125,1,2,80,112,143,148,26,48,89,18,59,61,69,84,106
[  2] Sent Broadcast: 1|0,20,25,37,38,47,49,54,74,91,92,98,125,1,2,80,112,143,148,26,48,89
[108] Received message from  31: 1|0,20,25,37,38,47,49,54,74,91,92,98,125,1,97,100,110,31,116,108,122
[ 22] Received message from  45: 1|0,20,25,37,38,47,49,54,74,91,92,98,125,1,19,148,10,15,137,45,46,65,66,75,103,138,141,22,53,109,150
[146] Received message from  38: 1|0,20,25,37,38,47,49,54,74,91,92,98,125,1,33,146
[137] Received message from  19: 1|0,20,25,37,38,47,49,54,74,91,92,98,125,1,19,148,10,15,137
[ 24] Received message from 100: 1|0,20,25,37,38,47,49,54,74,91,92,98,125,1,97,100,110,24,116
[ 42] Received message from  82: 1|0,20,25,37,38,47,49,54,74,91,92,98,125,1,2,80,112,143,148,82,11,42,43,133
[ 82] Received message from 143: 1|0,20,25,37,38,47,49,54,74,91,92,98,125,1,2,80,112,143,148,82,137
[148] Received message from  20: 1|0,20,25,37,38,47,49,54,74,91,92,98,125,1,2,80,112,143,148
[ 48] Received message from 148: 1|0,20,25,37,38,47,49,54,74,91,92,98,125,1,19,148,2,48,89
[137] Received message from 112: 1|0,20,25,37,38,47,49,54,74,91,92,98,125,1,2,80,112,143,148,82,137
[ 61] Received message from  26: 1|0,20,25,37,38,47,49,54,74,91,92,98,125,1,2,80,112,143,148,26,48,89,18,59,61,69,106
[ 46] Received message from  10: 1|0,20,25,37,38,47,49,54,74,91,92,98,125,1,19,148,10,15,137,45,46,65,66,75,103,138,141
[ 24] Received message from  89: 1|0,20,25,37,38,47,49,54,74,91,92,98,125,1,2,80,112,143,148,26,48,89,24,59,61,69,106
[ 31] Received message from  47: 1|0,20,25,37,38,47,49,54,74,91,92,98,125,1,31,33
[114] Received message from  30: 1|0,20,25,37,38,47,49,54,74,91,92,98,125,1,19,148,10,15,137,30,46,65,85,113,138,141,114
[147] Received message from  18: 1|0,20,25,37,38,47,49,54,74,91,92,98,125,1,2,80,112,143,148,26,48,89,18,59,61,69,106,70,147
[116] Received message from  97: 1|0,20,25,37,38,47,49,54,74,91,92,98,125,1,97,100,110,31,116
[ 46] Received message from  15: 1|0,20,25,37,38,47,49,54,74,91,92,98,125,1,19,148,10,15,137,30,46,65,85,113,138,141
[ 84] Received message from  59: 1|0,20,25,37,38,47,49,54,74,91,92,98,125,1,2,80,112,143,148,26,48,89,18,59,61,69,106,84
[ 53] Received message from  45: 1|0,20,25,37,38,47,49,54,74,91,92,98,125,1,19,148,10,15,137,45,46,65,66,75,103,138,141,22,53,109,150
[ 18] Sent Broadcast: 1|0,20,25,37,38,47,49,54,74,91,92,98,125,1,2,80,112,143,148,26,48,89,18,59,61,69,106,70,147
[ 19] Sent Broadcast: 1|0,20,25,37,38,47,49,54,74,91,92,98,125,1,19,148,10,15,137
[ 38] Sent Broadcast: 1|0,20,25,37,38,47,49,54,74,91,92,98,125,1,33,146
[ 49] Received message from   1: 1|0,20,25,37,38,47,49,54,74,91,92,98,125
[ 57] Received message from 108: 1|0,20,25,37,38,47,49,54,74,91,92,98,125,1,97,100,110,31,116,108,122,57,88,126,135
[110] Received message from  37: 1|0,20,25,37,38,47,49,54,74,91,92,98,125,1,97,100,110
[ 61] Received message from  24: 1|0,20,25,37,38,47,49,54,74,91,92,98,125,1,97,100,110,24,116,61,69,89
[ 20] Sent Broadcast: 1|0,20,25,37,38,47,49,54,74,91,92,98,125,1,2,80,112,143,148
[ 30] Sent Broadcast: 1|0,20,25,37,38,47,49,54,74,91,92,98,125,1,19,148,10,15,137,30,46,65,85,113,138,141,114
[ 97] Sent Broadcast: 1|0,20,25,37,38,47,49,54,74,91,92,98,125,1,97,100,110,31,116
[112] Sent Broadcast: 1|0,20,25,37,38,47,49,54,74,91,92,98,125,1,2,80,112,143,148,82,137
[ 59] Sent Broadcast: 1|0,20,25,37,38,47,49,54,74,91,92,98,125,1,2,80,112,143,148,26,48,89,18,59,61,69,106,84
[  6] Received message from  22: 1|0,20,25,37,38,47,49,54,74,91,92,98,125,1,19,148,10,15,137,45,46,65,66,75,103,138,141,22,53,109,150,6,28,35,124,139
[ 61] Received message from  48: 1|0,20,25,37,38,47,49,54,74,91,92,98,125,1,2,80,112,143,148,26,48,89,18,59,61,69,84,106
[ 88] Received message from 108: 1|0,20,25,37,38,47,49,54,74,91,92,98,125,1,97,100,110,31,116,108,122,57,88,126,135
[ 59] Received message from  89: 1|0,20,25,37,38,47,49,54,74,91,92,98,125,1,2,80,112,143,148,26,48,89,24,59,61,69,106
[ 43] Received message from  82: 1|0,20,25,37,38,47,49,54,74,91,92,98,125,1,2,80,112,143,148,82,11,42,43,133
[  6] Received message from  53: 1|0,20,25,37,38,47,49,54,74,91,92,98,125,1,19,148,10,15,137,45,46,65,66,75,103,138,141,22,53,109,150,6,35,124,139
[116] Received message from 100: 1|0,20,25,37,38,47,49,54,74,91,92,98,125,1,97,100,110,24,116
[ 30] Received message from 137: 1|0,20,25,37,38,47,49,54,74,91,92,98,125,1,19,148,10,15,137,30,112,138,141,143
[ 37] Sent Broadcast: 1|0,20,25,37,38,47,49,54,74,91,92,98,125,1,97,100,110
[109] Received message from  45: 1|0,20,25,37,38,47,49,54,74,91,92,98,125,1,19,148,10,15,137,45,46,65,66,75,103,138,141,22,53,109,150
[ 43] Received message from 114: 1|0,20,25,37,38,47,49,54,74,91,92,98,125,1,19,148,10,15,137,30,46,65,85,113,138,141,114,43
[ 69] Received message from  26: 1|0,20,25,37,38,47,49,54,74,91,92,98,125,1,2,80,112,143,148,26,48,89,18,59,61,69,106
[ 89] Received message from 148: 1|0,20,25,37,38,47,49,54,74,91,92,98,125,1,19,148,2,48,89
[ 86] Received message from  84: 1|0,20,25,37,38,47,49,54,74,91,92,98,125,1,2,80,112,143,148,26,48,89,18,59,61,69,106,84,86
[ 30] Received message from  46: 1|0,20,25,37,38,47,49,54,74,91,92,98,125,1,19,148,10,15,137,45,46,65,66,75,103,138,141,30,109
[ 33] Received message from  47: 1|0,20,25,37,38,47,49,54,74,91,92,98,125,1,31,33
[ 50] Received message from  57: 1|0,20,25,37,38,47,49,54,74,91,92,98,125,1,97,100,110,31,116,108,122,57,88,126,135,50,104
[137] Received message from 143: 1|0,20,25,37,38,47,49,54,74,91,92,98,125,1,2,80,112,143,148,82,137
[122] Received message from  31: 1|0,20,25,37,38,47,49,54,74,91,92,98,125,1,97,100,110,31,116,108,122
[ 36] Received message from 147: 1|0,20,25,37,38,47,49,54,74,91,92,98,125,1,2,80,112,143,148,26,48,89,18,59,61,69,106,70,147,36
[ 24] Received message from  61: 1|0,20,25,37,38,47,49,54,74,91,92,98,125,1,2,80,112,143,148,26,48,89,18,59,61,69,106,24,84
[ 54] Received message from   1: 1|0,20,25,37,38,47,49,54,74,91,92,98,125
[ 65] Received message from  10: 1|0,20,25,37,38,47,49,54,74,91,92,98,125,1,19,148,10,15,137,45,46,65,66,75,103,138,141
[100] Sent Broadcast: 1|0,20,25,37,38,47,49,54,74,91,92,98,125,1,97,100,110,24,116
[ 69] Received message from  24: 1|0,20,25,37,38,47,49,54,74,91,92,98,125,1,97,100,110,24,116,61,69,89
[ 65] Received message from  15: 1|0,20,25,37,38,47,49,54,74,91,92,98,125,1,19,148,10,15,137,30,46,65,85,113,138,141
[ 24] Received message from 116: 1|0,20,25,37,38,47,49,54,74,91,92,98,125,1,97,100,110,31,116,24,32,130,142
[114] Sent Broadcast: 1|0,20,25,37,38,47,49,54,74,91,92,98,125,1,19,148,10,15,137,30,46,65,85,113,138,141,114,43
[148] Sent Broadcast: 1|0,20,25,37,38,47,49,54,74,91,92,98,125,1,19,148,2,48,89
[113] Received message from  43: 1|0,20,25,37,38,47,49,54,74,91,92,98,125,1,2,80,112,143,148,82,11,42,43,133,113,114,138
[ 14] Received message from  88: 1|0,20,25,37,38,47,49,54,74,91,92,98,125,1,97,100,110,31,116,108,122,57,88,126,135,14,50,104
[ 84] Sent Broadcast: 1|0,20,25,37,38,47,49,54,74,91,92,98,125,1,2,80,112,143,148,26,48,89,18,59,61,69,106,84,86
[ 69] Received message from  48: 1|0,20,25,37,38,47,49,54,74,91,92,98,125,1,2,80,112,143,148,26,48,89,18,59,61,69,84,106
[ 24] Received message from 110: 1|0,20,25,37,38,47,49,54,74,91,92,98,125,1,97,100,110,24,116
[  3] Received message from  50: 1|0,20,25,37,38,47,49,54,74,91,92,98,125,1,97,100,110,31,116,108,122,57,88,126,135,50,104,3,40,99
[  2] Received message from  54: 1|0,20,25,37,38,47,49,54,74,91,92,98,125,1,2,80,112,143,148
[ 33] Received message from  49: 1|0,20,25,37,38,47,49,54,74,91,92,98,125,1,33,146
[  6] Received message from 109: 1|0,20,25,37,38,47,49,54,74,91,92,98,125,1,19,148,10,15,137,45,46,65,66,75,103,138,141,22,53,109,150,6,28,52
[ 15] Received message from 113: 1|0,20,25,37,38,47,49,54,74,91,92,98,125,1,2,80,112,143,148,82,11,42,43,133,113,114,138,15,30,65,85,141
[133] Received message from  82: 1|0,20,25,37,38,47,49,54,74,91,92,98,125,1,2,80,112,143,148,82,11,42,43,133
[ 85] Received message from  15: 1|0,20,25,37,38,47,49,54,74,91,92,98,125,1,19,148,10,15,137,30,46,65,85,113,138,141
[109] Received message from  46: 1|0,20,25,37,38,47,49,54,74,91,92,98,125,1,19,148,10,15,137,45,46,65,66,75,103,138,141,30,109
[ 76] Received message from  86: 1|0,20,25,37,38,47,49,54,74,91,92,98,125,1,2,80,112,143,148,26,48,89,18,59,61,69,106,84,86,76
[ 66] Received message from  10: 1|0,20,25,37,38,47,49,54,74,91,92,98,125,1,19,148,10,15,137,45,46,65,66,75,103,138,141
[ 57] Received message from 122: 1|0,20,25,37,38,47,49,54,74,91,92,98,125,1,97,100,110,31,116,108,122,57,126,135
[ 30] Received message from  65: 1|0,20,25,37,38,47,49,54,74,91,92,98,125,1,19,148,10,15,137,45,46,65,66,75,103,138,141,30,85,113,114
[ 61] Received message from  89: 1|0,20,25,37,38,47,49,54,74,91,92,98,125,1,2,80,112,143,148,26,48,89,24,59,61,69,106
[  4] Received message from  36: 1|20,25,37,38,47,49,54,74,91,92,98,125,1,2,80,112,143,148,26,48,89,18,59,61,69,106,70,147,36,4,107,133
[ 28] Received message from  22: 1|0,20,25,37,38,47,49,54,74,91,92,98,125,1,19,148,10,15,137,45,46,65,66,75,103,138,141,22,53,109,150,6,28,35,124,139
[ 80] Received message from  54: 1|0,20,25,37,38,47,49,54,74,91,92,98,125,1,2,80,112,143,148
[114] Received message from  43: 1|0,20,25,37,38,47,49,54,74,91,92,98,125,1,2,80,112,143,148,82,11,42,43,133,113,114,138
[ 47] Sent Broadcast: 1|0,20,25,37,38,47,49,54,74,91,92,98,125,1,31,33
[147] Sent Broadcast: 1|0,20,25,37,38,47,49,54,74,91,92,98,125,1,2,80,112,143,148,26,48,89,18,59,61,69,106,70,147,36
[ 31] Sent Broadcast: 1|0,20,25,37,38,47,49,54,74,91,92,98,125,1,97,100,110,31,116,108,122
[112] Received message from 137: 1|0,20,25,37,38,47,49,54,74,91,92,98,125,1,19,148,10,15,137,30,112,138,141,143
[126] Received message from 108: 1|0,20,25,37,38,47,49,54,74,91,92,98,125,1,97,100,110,31,116,108,122,57,88,126,135
[143] Sent Broadcast: 1|0,20,25,37,38,47,49,54,74,91,92,98,125,1,2,80,112,143,148,82,137
[106] Received message from  26: 1|0,20,25,37,38,47,49,54,74,91,92,98,125,1,2,80,112,143,148,26,48,89,18,59,61,69,106
[ 35] Received message from  53: 1|0,20,25,37,38,47,49,54,74,91,92,98,125,1,19,148,10,15,137,45,46,65,66,75,103,138,141,22,53,109,150,6,35,124,139
[ 24] Received message from  69: 1|0,20,25,37,38,47,49,54,74,91,92,98,125,1,2,80,112,143,148,26,48,89,18,59,61,69,106,24,84
[109] Received message from  66: 1|0,20,25,37,38,47,49,54,74,91,92,98,125,1,19,148,10,15,137,45,46,65,66,75,103,138,141,109
[ 74] Received message from   1: 1|0,20,25,37,38,47,49,54,74,91,92,98,125
[104] Received message from  57: 1|0,20,25,37,38,47,49,54,74,91,92,98,125,1,97,100,110,31,116,108,122,57,88,126,135,50,104
[ 82] Sent Broadcast: 1|0,20,25,37,38,47,49,54,74,91,92,98,125,1,2,80,112,143,148,82,11,42,43,133
[ 84] Received message from  61: 1|0,20,25,37,38,47,49,54,74,91,92,98,125,1,2,80,112,143,148,26,48,89,18,59,61,69,106,24,84
[ 89] Received message from  24: 1|0,20,25,37,38,47,49,54,74,91,92,98,125,1,97,100,110,24,116,61,69,89
[ 84] Received message from  48: 1|0,20,25,37,38,47,49,54,74,91,92,98,125,1,2,80,112,143,148,26,48,89,18,59,61,69,84,106
[150] Received message from  45: 1|0,20,25,37,38,47,49,54,74,91,92,98,125,1,19,148,10,15,137,45,46,65,66,75,103,138,141,22,53,109,150
[ 30] Received message from 113: 1|0,20,25,37,38,47,49,54,74,91,92,98,125,1,2,80,112,143,148,82,11,42,43,133,113,114,138,15,30,65,85,141
[113] Received message from  15: 1|0,20,25,37,38,47,49,54,74,91,92,98,125,1,19,148,10,15,137,30,46,65,85,113,138,141
[ 93] Received message from  76: 1|20,25,37,38,47,49,54,74,91,92,98,125,1,2,80,112,143,148,26,48,89,18,59,61,69,106,84,86,76,93,142
[ 50] Received message from  88: 1|0,20,25,37,38,47,49,54,74,91,92,98,125,1,97,100,110,31,116,108,122,57,88,126,135,14,50,104
[146] Received message from  49: 1|0,20,25,37,38,47,49,54,74,91,92,98,125,1,33,146
[ 28] Received message from 109: 1|0,20,25,37,38,47,49,54,74,91,92,98,125,1,19,148,10,15,137,45,46,65,66,75,103,138,141,22,53,109,150,6,28,52
[ 40] Received message from  14: 1|0,20,25,37,38,47,49,54,74,91,92,98,125,1,97,100,110,31,116,108,122,57,88,126,135,14,50,104,40,68
[ 36] Received message from 133: 1|0,20,25,37,38,47,49,54,74,91,92,98,125,1,2,80,112,143,148,82,11,42,43,133,36,107
[ 46] Sent Broadcast: 1|0,20,25,37,38,47,49,54,74,91,92,98,125,1,19,148,10,15,137,45,46,65,66,75,103,138,141,30,109
[ 86] Sent Broadcast: 1|0,20,25,37,38,47,49,54,74,91,92,98,125,1,2,80,112,143,148,26,48,89,18,59,61,69,106,84,86,76
[ 78] Received message from   3: 1|20,25,37,38,47,49,54,74,91,92,98,125,1,97,100,110,31,116,108,122,57,88,126,135,50,104,3,40,99,78
[114] Received message from  85: 1|0,20,25,37,38,47,49,54,74,91,92,98,125,1,19,148,10,15,137,30,46,65,85,113,138,141,114
[135] Received message from 108: 1|0,20,25,37,38,47,49,54,74,91,92,98,125,1,97,100,110,31,116,108,122,57,88,126,135
[ 52] Received message from  28: 1|0,20,25,37,38,47,49,54,74,91,92,98,125,1,19,148,10,15,137,45,46,65,66,75,103,138,141,22,53,109,150,6,28,35,124,139,52,64,73,96,111
[105] Received message from  35: 1|0,20,25,37,38,47,49,54,74,91,92,98,125,1,19,148,10,15,137,45,46,65,66,75,103,138,141,22,53,109,150,6,35,124,139,105,132
[  6] Received message from 150: 1|0,20,25,37,38,47,49,54,74,91,92,98,125,1,19,148,10,15,137,45,46,65,66,75,103,138,141,22,53,109,150,6,139
[ 26] Sent Broadcast: 1|0,20,25,37,38,47,49,54,74,91,92,98,125,1,2,80,112,143,148,26,48,89,18,59,61,69,106
[  3] Sent Broadcast: 1|20,25,37,38,47,49,54,74,91,92,98,125,1,97,100,110,31,116,108,122,57,88,126,135,50,104,3,40,99,78
[112] Received message from  54: 1|0,20,25,37,38,47,49,54,74,91,92,98,125,1,2,80,112,143,148
[104] Received message from 126: 1|0,20,25,37,38,47,49,54,74,91,92,98,125,1,97,100,110,31,116,108,122,57,88,126,135,104
[ 57] Sent Broadcast: 1|0,20,25,37,38,47,49,54,74,91,92,98,125,1,97,100,110,31,116,108,122,57,88,126,135,50,104
[ 84] Received message from 106: 1|0,20,25,37,38,47,49,54,74,91,92,98,125,1,2,80,112,143,148,26,48,89,18,59,61,69,106,84
[126] Received message from 122: 1|0,20,25,37,38,47,49,54,74,91,92,98,125,1,97,100,110,31,116,108,122,57,126,135
[ 24] Sent Broadcast: 1|0,20,25,37,38,47,49,54,74,91,92,98,125,1,97,100,110,24,116,61,69,89
[ 61] Sent Broadcast: 1|0,20,25,37,38,47,49,54,74,91,92,98,125,1,2,80,112,143,148,26,48,89,18,59,61,69,106,24,84
[ 40] Received message from  50: 1|0,20,25,37,38,47,49,54,74,91,92,98,125,1,97,100,110,31,116,108,122,57,88,126,135,50,104,3,40,99
[ 19] Received message from  74: 1|0,20,25,37,38,47,49,54,74,91,92,98,125,1,19
[ 45] Sent Broadcast: 1|0,20,25,37,38,47,49,54,74,91,92,98,125,1,19,148,10,15,137,45,46,65,66,75,103,138,141,22,53,109,150
[ 14] Received message from 104: 1|0,20,25,37,38,47,49,54,74,91,92,98,125,1,97,100,110,31,116,108,122,57,88,126,135,50,104,14
[ 75] Received message from  10: 1|0,20,25,37,38,47,49,54,74,91,92,98,125,1,19,148,10,15,137,45,46,65,66,75,103,138,141
[ 35] Received message from  22: 1|0,20,25,37,38,47,49,54,74,91,92,98,125,1,19,148,10,15,137,45,46,65,66,75,103,138,141,22,53,109,150,6,28,35,124,139
[ 65] Received message from 113: 1|0,20,25,37,38,47,49,54,74,91,92,98,125,1,2,80,112,143,148,82,11,42,43,133,113,114,138,15,30,65,85,141
[ 49] Sent Broadcast: 1|0,20,25,37,38,47,49,54,74,91,92,98,125,1,33,146
[106] Sent Broadcast: 1|0,20,25,37,38,47,49,54,74,91,92,98,125,1,2,80,112,143,148,26,48,89,18,59,61,69,106,84
[138] Received message from  43: 1|0,20,25,37,38,47,49,54,74,91,92,98,125,1,2,80,112,143,148,82,11,42,43,133,113,114,138
[ 66] Sent Broadcast: 1|0,20,25,37,38,47,49,54,74,91,92,98,125,1,19,148,10,15,137,45,46,65,66,75,103,138,141,109
[ 69] Received message from  89: 1|0,20,25,37,38,47,49,54,74,91,92,98,125,1,2,80,112,143,148,26,48,89,24,59,61,69,106
[107] Received message from  36: 1|20,25,37,38,47,49,54,74,91,92,98,125,1,2,80,112,143,148,26,48,89,18,59,61,69,106,70,147,36,4,107,133
[  3] Received message from  40: 1|20,25,37,38,47,49,54,74,91,92,98,125,1,97,100,110,31,116,108,122,57,88,126,135,14,50,104,40,68,3,78,99
[ 85] Received message from  65: 1|0,20,25,37,38,47,49,54,74,91,92,98,125,1,19,148,10,15,137,45,46,65,66,75,103,138,141,30,85,113,114
[116] Received message from 110: 1|0,20,25,37,38,47,49,54,74,91,92,98,125,1,97,100,110,24,116
[124] Received message from  53: 1|0,20,25,37,38,47,49,54,74,91,92,98,125,1,19,148,10,15,137,45,46,65,66,75,103,138,141,22,53,109,150,6,35,124,139
[104] Sent Broadcast: 1|0,20,25,37,38,47,49,54,74,91,92,98,125,1,97,100,110,31,116,108,122,57,88,126,135,50,104,14
[ 32] Received message from 116: 1|0,20,25,37,38,47,49,54,74,91,92,98,125,1,97,100,110,31,116,24,32,130,142
[ 91] Received message from   1: 1|0,20,25,37,38,47,49,54,74,91,92,98,125
[106] Received message from  48: 1|0,20,25,37,38,47,49,54,74,91,92,98,125,1,2,80,112,143,148,26,48,89,18,59,61,69,84,106
[ 44] Received message from  93: 1|20,25,37,38,47,49,54,74,91,92,98,125,1,2,80,112,143,148,26,48,89,18,59,61,69,106,84,86,76,93,142,44,79
[107] Received message from 133: 1|0,20,25,37,38,47,49,54,74,91,92,98,125,1,2,80,112,143,148,82,11,42,43,133,36,107
[  7] Received message from 105: 1|0,20,25,37,38,47,49,54,74,91,92,98,125,1,19,148,10,15,137,45,46,65,66,75,103,138,141,22,53,109,150,6,35,124,139,105,132,7,51,81,115,121
[ 85] Sent Broadcast: 1|0,20,25,37,38,47,49,54,74,91,92,98,125,1,19,148,10,15,137,30,46,65,85,113,138,141,114
[ 43] Sent Broadcast: 1|0,20,25,37,38,47,49,54,74,91,92,98,125,1,2,80,112,143,148,82,11,42,43,133,113,114,138
[108] Sent Broadcast: 1|0,20,25,37,38,47,49,54,74,91,92,98,125,1,97,100,110,31,116,108,122,57,88,126,135
[139] Received message from 150: 1|0,20,25,37,38,47,49,54,74,91,92,98,125,1,19,148,10,15,137,45,46,65,66,75,103,138,141,22,53,109,150,6,139
[126] Sent Broadcast: 1|0,20,25,37,38,47,49,54,74,91,92,98,125,1,97,100,110,31,116,108,122,57,88,126,135,104
[ 50] Received message from 135: 1|0,20,25,37,38,47,49,54,74,91,92,98,125,1,97,100,110,31,116,108,122,57,88,126,135,50,104
[138] Received message from 137: 1|0,20,25,37,38,47,49,54,74,91,92,98,125,1,19,148,10,15,137,30,112,138,141,143
[ 22] Received message from  75: 1|0,20,25,37,38,47,49,54,74,91,92,98,125,1,19,148,10,15,137,45,46,65,66,75,103,138,141,22,109
[ 74] Sent Broadcast: 1|0,20,25,37,38,47,49,54,74,91,92,98,125,1,19
[ 99] Received message from  50: 1|0,20,25,37,38,47,49,54,74,91,92,98,125,1,97,100,110,31,116,108,122,57,88,126,135,50,104,3,40,99
[ 50] Sent Broadcast: 1|0,20,25,37,38,47,49,54,74,91,92,98,125,1,97,100,110,31,116,108,122,57,88,126,135,50,104,3,40,99
[110] Sent Broadcast: 1|0,20,25,37,38,47,49,54,74,91,92,98,125,1,97,100,110,24,116
[ 68] Received message from  14: 1|0,20,25,37,38,47,49,54,74,91,92,98,125,1,97,100,110,31,116,108,122,57,88,126,135,14,50,104,40,68
[133] Sent Broadcast: 1|0,20,25,37,38,47,49,54,74,91,92,98,125,1,2,80,112,143,148,82,11,42,43,133,36,107
[  2] Received message from  91: 1|0,20,25,37,38,47,49,54,74,91,92,98,125,1,2,89,148
[104] Received message from  88: 1|0,20,25,37,38,47,49,54,74,91,92,98,125,1,97,100,110,31,116,108,122,57,88,126,135,14,50,104
[103] Received message from  10: 1|0,20,25,37,38,47,49,54,74,91,92,98,125,1,19,148,10,15,137,45,46,65,66,75,103,138,141
[135] Received message from 122: 1|0,20,25,37,38,47,49,54,74,91,92,98,125,1,97,100,110,31,116,108,122,57,126,135
[138] Received message from  15: 1|0,20,25,37,38,47,49,54,74,91,92,98,125,1,19,148,10,15,137,30,46,65,85,113,138,141
[124] Received message from  22: 1|0,20,25,37,38,47,49,54,74,91,92,98,125,1,19,148,10,15,137,45,46,65,66,75,103,138,141,22,53,109,150,6,28,35,124,139
[142] Received message from  76: 1|20,25,37,38,47,49,54,74,91,92,98,125,1,2,80,112,143,148,26,48,89,18,59,61,69,106,84,86,76,93,142
[102] Received message from   7: 1|0,20,25,37,38,47,49,54,74,91,92,98,125,1,19,148,10,15,137,45,46,65,66,75,103,138,141,22,53,109,150,6,35,124,139,105,132,7,51,81,115,121,102
[106] Received message from  89: 1|0,20,25,37,38,47,49,54,74,91,92,98,125,1,2,80,112,143,148,26,48,89,24,59,61,69,106
[132] Received message from  35: 1|0,20,25,37,38,47,49,54,74,91,92,98,125,1,19,148,10,15,137,45,46,65,66,75,103,138,141,22,53,109,150,6,35,124,139,105,132
[ 28] Received message from 124: 1|0,20,25,37,38,47,49,54,74,91,92,98,125,1,19,148,10,15,137,45,46,65,66,75,103,138,141,22,53,109,150,6,35,124,139,28,64,105,132
[ 14] Sent Broadcast: 1|0,20,25,37,38,47,49,54,74,91,92,98,125,1,97,100,110,31,116,108,122,57,88,126,135,14,50,104,40,68
[ 84] Received message from  69: 1|0,20,25,37,38,47,49,54,74,91,92,98,125,1,2,80,112,143,148,26,48,89,18,59,61,69,106,24,84
[ 51] Received message from 105: 1|0,20,25,37,38,47,49,54,74,91,92,98,125,1,19,148,10,15,137,45,46,65,66,75,103,138,141,22,53,109,150,6,35,124,139,105,132,7,51,81,115,121
[130] Received message from 116: 1|0,20,25,37,38,47,49,54,74,91,92,98,125,1,97,100,110,31,116,24,32,130,142
[ 64] Received message from  28: 1|0,20,25,37,38,47,49,54,74,91,92,98,125,1,19,148,10,15,137,45,46,65,66,75,103,138,141,22,53,109,150,6,28,35,124,139,52,64,73,96,111
[ 52] Received message from 109: 1|0,20,25,37,38,47,49,54,74,91,92,98,125,1,19,148,10,15,137,45,46,65,66,75,103,138,141,22,53,109,150,6,28,52
[ 10] Received message from 138: 1|0,20,25,37,38,47,49,54,74,91,92,98,125,1,2,80,112,143,148,82,11,42,43,133,113,114,138,10,15,30,46,65,85,137,141
[143] Received message from  54: 1|0,20,25,37,38,47,49,54,74,91,92,98,125,1,2,80,112,143,148
[ 35] Received message from 139: 1|0,20,25,37,38,47,49,54,74,91,92,98,125,1,19,148,10,15,137,45,46,65,66,75,103,138,141,22,53,109,150,6,139,35,124
[ 69] Sent Broadcast: 1|0,20,25,37,38,47,49,54,74,91,92,98,125,1,2,80,112,143,148,26,48,89,18,59,61,69,106,24,84
[ 48] Sent Broadcast: 1|0,20,25,37,38,47,49,54,74,91,92,98,125,1,2,80,112,143,148,26,48,89,18,59,61,69,84,106
[150] Sent Broadcast: 1|0,20,25,37,38,47,49,54,74,91,92,98,125,1,19,148,10,15,137,45,46,65,66,75,103,138,141,22,53,109,150,6,139
[ 22] Received message from 103: 1|0,20,25,37,38,47,49,54,74,91,92,98,125,1,19,148,10,15,137,45,46,65,66,75,103,138,141,22,53,109,150
[ 62] Received message from  32: 1|0,20,25,37,38,47,49,54,74,91,92,98,125,1,97,100,110,31,116,24,32,130,142,62
[139] Received message from  53: 1|0,20,25,37,38,47,49,54,74,91,92,98,125,1,19,148,10,15,137,45,46,65,66,75,103,138,141,22,53,109,150,6,35,124,139
[104] Received message from 135: 1|0,20,25,37,38,47,49,54,74,91,92,98,125,1,97,100,110,31,116,108,122,57,88,126,135,50,104
[ 32] Sent Broadcast: 1|0,20,25,37,38,47,49,54,74,91,92,98,125,1,97,100,110,31,116,24,32,130,142,62
[133] Received message from  36: 1|20,25,37,38,47,49,54,74,91,92,98,125,1,2,80,112,143,148,26,48,89,18,59,61,69,106,70,147,36,4,107,133
[ 88] Sent Broadcast: 1|0,20,25,37,38,47,49,54,74,91,92,98,125,1,97,100,110,31,116,108,122,57,88,126,135,14,50,104
[113] Received message from  65: 1|0,20,25,37,38,47,49,54,74,91,92,98,125,1,19,148,10,15,137,45,46,65,66,75,103,138,141,30,85,113,114
[ 79] Received message from  93: 1|20,25,37,38,47,49,54,74,91,92,98,125,1,2,80,112,143,148,26,48,89,18,59,61,69,106,84,86,76,93,142,44,79
[  7] Received message from 132: 1|0,20,25,37,38,47,49,54,74,91,92,98,125,1,19,148,10,15,137,45,46,65,66,75,103,138,141,22,53,109,150,6,35,124,139,105,132,7,51
[ 78] Received message from  40: 1|20,25,37,38,47,49,54,74,91,92,98,125,1,97,100,110,31,116,108,122,57,88,126,135,14,50,104,40,68,3,78,99
[ 85] Received message from 113: 1|0,20,25,37,38,47,49,54,74,91,92,98,125,1,2,80,112,143,148,82,11,42,43,133,113,114,138,15,30,65,85,141
[ 78] Received message from  99: 1|20,25,37,38,47,49,54,74,91,92,98,125,1,97,100,110,31,116,108,122,57,88,126,135,50,104,3,40,99,78
[ 89] Received message from  91: 1|0,20,25,37,38,47,49,54,74,91,92,98,125,1,2,89,148
[ 36] Sent Broadcast: 1|20,25,37,38,47,49,54,74,91,92,98,125,1,2,80,112,143,148,26,48,89,18,59,61,69,106,70,147,36,4,107,133
[122] Sent Broadcast: 1|0,20,25,37,38,47,49,54,74,91,92,98,125,1,97,100,110,31,116,108,122,57,126,135
[  7] Sent Broadcast: 1|0,20,25,37,38,47,49,54,74,91,92,98,125,1,19,148,10,15,137,45,46,65,66,75,103,138,141,22,53,109,150,6,35,124,139,105,132,7,51,81,115,121,102
[ 76] Sent Broadcast: 1|20,25,37,38,47,49,54,74,91,92,98,125,1,2,80,112,143,148,26,48,89,18,59,61,69,106,84,86,76,93,142
[ 53] Received message from 103: 1|0,20,25,37,38,47,49,54,74,91,92,98,125,1,19,148,10,15,137,45,46,65,66,75,103,138,141,22,53,109,150
[ 12] Received message from  68: 1|20,25,37,38,47,49,54,74,91,92,98,125,1,97,100,110,31,116,108,122,57,88,126,135,14,50,104,40,68,12,17,71,128,144
[ 92] Received message from   1: 1|0,20,25,37,38,47,49,54,74,91,92,98,125
[138] Received message from  10: 1|0,20,25,37,38,47,49,54,74,91,92,98,125,1,19,148,10,15,137,45,46,65,66,75,103,138,141
[ 13] Received message from 102: 1|0,20,25,37,38,47,49,54,74,91,92,98,125,1,19,148,10,15,137,45,46,65,66,75,103,138,141,22,53,109,150,6,35,124,139,105,132,7,51,81,115,121,102,13,23,145
[ 35] Sent Broadcast: 1|0,20,25,37,38,47,49,54,74,91,92,98,125,1,19,148,10,15,137,45,46,65,66,75,103,138,141,22,53,109,150,6,35,124,139,105,132
[ 32] Received message from 142: 1|20,25,37,38,47,49,54,74,91,92,98,125,1,2,80,112,143,148,26,48,89,18,59,61,69,106,84,86,76,93,142,32,116
[109] Sent Broadcast: 1|0,20,25,37,38,47,49,54,74,91,92,98,125,1,19,148,10,15,137,45,46,65,66,75,103,138,141,22,53,109,150,6,28,52
[109] Received message from  75: 1|0,20,25,37,38,47,49,54,74,91,92,98,125,1,19,148,10,15,137,45,46,65,66,75,103,138,141,22,109
[ 53] Sent Broadcast: 1|0,20,25,37,38,47,49,54,74,91,92,98,125,1,19,148,10,15,137,45,46,65,66,75,103,138,141,22,53,109,150,6,35,124,139
[139] Received message from  22: 1|0,20,25,37,38,47,49,54,74,91,92,98,125,1,19,148,10,15,137,45,46,65,66,75,103,138,141,22,53,109,150,6,28,35,124,139
[ 55] Received message from  51: 1|0,20,25,37,38,47,49,54,74,91,92,98,125,1,19,148,10,15,137,45,46,65,66,75,103,138,141,22,53,109,150,6,35,124,139,105,132,7,51,81,115,121,55,120
[141] Received message from 137: 1|0,20,25,37,38,47,49,54,74,91,92,98,125,1,19,148,10,15,137,30,112,138,141,143
[ 81] Received message from 105: 1|0,20,25,37,38,47,49,54,74,91,92,98,125,1,19,148,10,15,137,45,46,65,66,75,103,138,141,22,53,109,150,6,35,124,139,105,132,7,51,81,115,121
[148] Received message from  54: 1|0,20,25,37,38,47,49,54,74,91,92,98,125,1,2,80,112,143,148
[124] Received message from 139: 1|0,20,25,37,38,47,49,54,74,91,92,98,125,1,19,148,10,15,137,45,46,65,66,75,103,138,141,22,53,109,150,6,139,35,124
[142] Received message from 116: 1|0,20,25,37,38,47,49,54,74,91,92,98,125,1,97,100,110,31,116,24,32,130,142
[ 19] Received message from  92: 1|0,20,25,37,38,47,49,54,74,91,92,98,125,1,19
[ 22] Sent Broadcast: 1|0,20,25,37,38,47,49,54,74,91,92,98,125,1,19,148,10,15,137,45,46,65,66,75,103,138,141,22,53,109,150,6,28,35,124,139
[ 89] Sent Broadcast: 1|0,20,25,37,38,47,49,54,74,91,92,98,125,1,2,80,112,143,148,26,48,89,24,59,61,69,106
[ 64] Received message from 124: 1|0,20,25,37,38,47,49,54,74,91,92,98,125,1,19,148,10,15,137,45,46,65,66,75,103,138,141,22,53,109,150,6,35,124,139,28,64,105,132
[135] Sent Broadcast: 1|0,20,25,37,38,47,49,54,74,91,92,98,125,1,97,100,110,31,116,108,122,57,88,126,135,50,104
[ 93] Sent Broadcast: 1|20,25,37,38,47,49,54,74,91,92,98,125,1,2,80,112,143,148,26,48,89,18,59,61,69,106,84,86,76,93,142,44,79
[ 73] Received message from  28: 1|0,20,25,37,38,47,49,54,74,91,92,98,125,1,19,148,10,15,137,45,46,65,66,75,103,138,141,22,53,109,150,6,28,35,124,139,52,64,73,96,111
[ 92] Sent Broadcast: 1|0,20,25,37,38,47,49,54,74,91,92,98,125,1,19
[ 15] Received message from 138: 1|0,20,25,37,38,47,49,54,74,91,92,98,125,1,2,80,112,143,148,82,11,42,43,133,113,114,138,10,15,30,46,65,85,137,141
[101] Received message from  12: 1|20,25,37,38,47,49,54,74,91,92,98,125,1,97,100,110,31,116,108,122,57,88,126,135,14,50,104,40,68,12,17,71,128,144,101
[116] Received message from 142: 1|20,25,37,38,47,49,54,74,91,92,98,125,1,2,80,112,143,148,26,48,89,18,59,61,69,106,84,86,76,93,142,32,116
[141] Received message from  15: 1|0,20,25,37,38,47,49,54,74,91,92,98,125,1,19,148,10,15,137,30,46,65,85,113,138,141
[109] Received message from 103: 1|0,20,25,37,38,47,49,54,74,91,92,98,125,1,19,148,10,15,137,45,46,65,66,75,103,138,141,22,53,109,150
[148] Received message from  91: 1|0,20,25,37,38,47,49,54,74,91,92,98,125,1,2,89,148
[114] Received message from  65: 1|0,20,25,37,38,47,49,54,74,91,92,98,125,1,19,148,10,15,137,45,46,65,66,75,103,138,141,30,85,113,114
[ 17] Received message from  68: 1|20,25,37,38,47,49,54,74,91,92,98,125,1,97,100,110,31,116,108,122,57,88,126,135,14,50,104,40,68,12,17,71,128,144
[ 46] Received message from 141: 1|0,20,25,37,38,47,49,54,74,91,92,98,125,1,19,148,10,15,137,30,112,138,141,143,46,65,85,113
[ 75] Sent Broadcast: 1|0,20,25,37,38,47,49,54,74,91,92,98,125,1,19,148,10,15,137,45,46,65,66,75,103,138,141,22,109
[ 15] Sent Broadcast: 1|0,20,25,37,38,47,49,54,74,91,92,98,125,1,19,148,10,15,137,30,46,65,85,113,138,141
[139] Sent Broadcast: 1|0,20,25,37,38,47,49,54,74,91,92,98,125,1,19,148,10,15,137,45,46,65,66,75,103,138,141,22,53,109,150,6,139,35,124
[ 54] Sent Broadcast: 1|0,20,25,37,38,47,49,54,74,91,92,98,125,1,2,80,112,143,148
[ 91] Sent Broadcast: 1|0,20,25,37,38,47,49,54,74,91,92,98,125,1,2,89,148
[116] Sent Broadcast: 1|0,20,25,37,38,47,49,54,74,91,92,98,125,1,97,100,110,31,116,24,32,130,142
[ 65] Sent Broadcast: 1|0,20,25,37,38,47,49,54,74,91,92,98,125,1,19,148,10,15,137,45,46,65,66,75,103,138,141,30,85,113,114
[ 23] Received message from 102: 1|0,20,25,37,38,47,49,54,74,91,92,98,125,1,19,148,10,15,137,45,46,65,66,75,103,138,141,22,53,109,150,6,35,124,139,105,132,7,51,81,115,121,102,13,23,145
[ 99] Received message from  40: 1|20,25,37,38,47,49,54,74,91,92,98,125,1,97,100,110,31,116,108,122,57,88,126,135,14,50,104,40,68,3,78,99
[ 51] Received message from 132: 1|0,20,25,37,38,47,49,54,74,91,92,98,125,1,19,148,10,15,137,45,46,65,66,75,103,138,141,22,53,109,150,6,35,124,139,105,132,7,51
[141] Received message from 113: 1|0,20,25,37,38,47,49,54,74,91,92,98,125,1,2,80,112,143,148,82,11,42,43,133,113,114,138,15,30,65,85,141
[102] Received message from  81: 1|0,20,25,37,38,47,49,54,74,91,92,98,125,1,19,148,10,15,137,45,46,65,66,75,103,138,141,22,53,109,150,6,35,124,139,105,132,7,51,81,115,121,102
[ 98] Received message from   1: 1|0,20,25,37,38,47,49,54,74,91,92,98,125
[ 30] Received message from 138: 1|0,20,25,37,38,47,49,54,74,91,92,98,125,1,2,80,112,143,148,82,11,42,43,133,113,114,138,10,15,30,46,65,85,137,141
[115] Received message from 105: 1|0,20,25,37,38,47,49,54,74,91,92,98,125,1,19,148,10,15,137,45,46,65,66,75,103,138,141,22,53,109,150,6,35,124,139,105,132,7,51,81,115,121
[141] Received message from  10: 1|0,20,25,37,38,47,49,54,74,91,92,98,125,1,19,148,10,15,137,45,46,65,66,75,103,138,141
[143] Received message from 137: 1|0,20,25,37,38,47,49,54,74,91,92,98,125,1,19,148,10,15,137,30,112,138,141,143
[101] Received message from  17: 1|20,25,37,38,47,49,54,74,91,92,98,125,1,97,100,110,31,116,108,122,57,88,126,135,14,50,104,40,68,12,17,71,128,144,101
[ 95] Received message from  23: 1|0,20,25,37,38,47,49,54,74,91,92,98,125,1,19,148,10,15,137,45,46,65,66,75,103,138,141,22,53,109,150,6,35,124,139,105,132,7,51,81,115,121,102,13,23,145,95
[ 12] Sent Broadcast: 1|20,25,37,38,47,49,54,74,91,92,98,125,1,97,100,110,31,116,108,122,57,88,126,135,14,50,104,40,68,12,17,71,128,144,101
[142] Sent Broadcast: 1|20,25,37,38,47,49,54,74,91,92,98,125,1,2,80,112,143,148,26,48,89,18,59,61,69,106,84,86,76,93,142,32,116
[ 99] Sent Broadcast: 1|20,25,37,38,47,49,54,74,91,92,98,125,1,97,100,110,31,116,108,122,57,88,126,135,50,104,3,40,99,78
[ 40] Sent Broadcast: 1|20,25,37,38,47,49,54,74,91,92,98,125,1,97,100,110,31,116,108,122,57,88,126,135,14,50,104,40,68,3,78,99
[132] Sent Broadcast: 1|0,20,25,37,38,47,49,54,74,91,92,98,125,1,19,148,10,15,137,45,46,65,66,75,103,138,141,22,53,109,150,6,35,124,139,105,132,7,51
[120] Received message from  51: 1|0,20,25,37,38,47,49,54,74,91,92,98,125,1,19,148,10,15,137,45,46,65,66,75,103,138,141,22,53,109,150,6,35,124,139,105,132,7,51,81,115,121,55,120
[113] Sent Broadcast: 1|0,20,25,37,38,47,49,54,74,91,92,98,125,1,2,80,112,143,148,82,11,42,43,133,113,114,138,15,30,65,85,141
[ 81] Sent Broadcast: 1|0,20,25,37,38,47,49,54,74,91,92,98,125,1,19,148,10,15,137,45,46,65,66,75,103,138,141,22,53,109,150,6,35,124,139,105,132,7,51,81,115,121,102
[150] Received message from 103: 1|0,20,25,37,38,47,49,54,74,91,92,98,125,1,19,148,10,15,137,45,46,65,66,75,103,138,141,22,53,109,150
[ 55] Received message from 115: 1|0,20,25,37,38,47,49,54,74,91,92,98,125,1,19,148,10,15,137,45,46,65,66,75,103,138,141,22,53,109,150,6,35,124,139,105,132,7,51,81,115,121,55,120
[145] Received message from 102: 1|0,20,25,37,38,47,49,54,74,91,92,98,125,1,19,148,10,15,137,45,46,65,66,75,103,138,141,22,53,109,150,6,35,124,139,105,132,7,51,81,115,121,102,13,23,145
[125] Received message from   1: 1|0,20,25,37,38,47,49,54,74,91,92,98,125
[ 71] Received message from  68: 1|20,25,37,38,47,49,54,74,91,92,98,125,1,97,100,110,31,116,108,122,57,88,126,135,14,50,104,40,68,12,17,71,128,144
[105] Received message from 124: 1|0,20,25,37,38,47,49,54,74,91,92,98,125,1,19,148,10,15,137,45,46,65,66,75,103,138,141,22,53,109,150,6,35,124,139,28,64,105,132
[137] Sent Broadcast: 1|0,20,25,37,38,47,49,54,74,91,92,98,125,1,19,148,10,15,137,30,112,138,141,143
[ 17] Sent Broadcast: 1|20,25,37,38,47,49,54,74,91,92,98,125,1,97,100,110,31,116,108,122,57,88,126,135,14,50,104,40,68,12,17,71,128,144,101
[ 51] Sent Broadcast: 1|0,20,25,37,38,47,49,54,74,91,92,98,125,1,19,148,10,15,137,45,46,65,66,75,103,138,141,22,53,109,150,6,35,124,139,105,132,7,51,81,115,121,55,120
[103] Sent Broadcast: 1|0,20,25,37,38,47,49,54,74,91,92,98,125,1,19,148,10,15,137,45,46,65,66,75,103,138,141,22,53,109,150
[ 65] Received message from 141: 1|0,20,25,37,38,47,49,54,74,91,92,98,125,1,19,148,10,15,137,30,112,138,141,143,46,65,85,113
[ 19] Received message from  98: 1|0,20,25,37,38,47,49,54,74,91,92,98,125,1,19
[ 46] Received message from 138: 1|0,20,25,37,38,47,49,54,74,91,92,98,125,1,2,80,112,143,148,82,11,42,43,133,113,114,138,10,15,30,46,65,85,137,141
[ 96] Received message from  28: 1|0,20,25,37,38,47,49,54,74,91,92,98,125,1,19,148,10,15,137,45,46,65,66,75,103,138,141,22,53,109,150,6,28,35,124,139,52,64,73,96,111
[ 96] Received message from 120: 1|0,20,25,37,38,47,49,54,74,91,92,98,125,1,19,148,10,15,137,45,46,65,66,75,103,138,141,22,53,109,150,6,35,124,139,105,132,7,51,81,115,121,55,120,96
[ 19] Received message from 125: 1|0,20,25,37,38,47,49,54,74,91,92,98,125,1,19,80
[101] Received message from  71: 1|20,25,37,38,47,49,54,74,91,92,98,125,1,97,100,110,31,116,108,122,57,88,126,135,14,50,104,40,68,12,17,71,128,144,101
[121] Received message from 105: 1|0,20,25,37,38,47,49,54,74,91,92,98,125,1,19,148,10,15,137,45,46,65,66,75,103,138,141,22,53,109,150,6,35,124,139,105,132,7,51,81,115,121
[ 10] Sent Broadcast: 1|0,20,25,37,38,47,49,54,74,91,92,98,125,1,19,148,10,15,137,45,46,65,66,75,103,138,141
[ 23] Sent Broadcast: 1|0,20,25,37,38,47,49,54,74,91,92,98,125,1,19,148,10,15,137,45,46,65,66,75,103,138,141,22,53,109,150,6,35,124,139,105,132,7,51,81,115,121,102,13,23,145,95
[  1] Sent Broadcast: 1|0,20,25,37,38,47,49,54,74,91,92,98,125
[102] Sent Broadcast: 1|0,20,25,37,38,47,49,54,74,91,92,98,125,1,19,148,10,15,137,45,46,65,66,75,103,138,141,22,53,109,150,6,35,124,139,105,132,7,51,81,115,121,102,13,23,145
[120] Sent Broadcast: 1|0,20,25,37,38,47,49,54,74,91,92,98,125,1,19,148,10,15,137,45,46,65,66,75,103,138,141,22,53,109,150,6,35,124,139,105,132,7,51,81,115,121,55,120,96
[ 98] Sent Broadcast: 1|0,20,25,37,38,47,49,54,74,91,92,98,125,1,19
[ 71] Sent Broadcast: 1|20,25,37,38,47,49,54,74,91,92,98,125,1,97,100,110,31,116,108,122,57,88,126,135,14,50,104,40,68,12,17,71,128,144,101
[ 87] Received message from  96: 1|0,20,25,37,38,47,49,54,74,91,92,98,125,1,19,148,10,15,137,45,46,65,66,75,103,138,141,22,53,109,150,6,28,35,124,139,52,64,73,96,111,87,120,127
[111] Received message from  28: 1|0,20,25,37,38,47,49,54,74,91,92,98,125,1,19,148,10,15,137,45,46,65,66,75,103,138,141,22,53,109,150,6,28,35,124,139,52,64,73,96,111
[ 65] Received message from 138: 1|0,20,25,37,38,47,49,54,74,91,92,98,125,1,2,80,112,143,148,82,11,42,43,133,113,114,138,10,15,30,46,65,85,137,141
[ 80] Received message from 125: 1|0,20,25,37,38,47,49,54,74,91,92,98,125,1,19,80
[132] Received message from 124: 1|0,20,25,37,38,47,49,54,74,91,92,98,125,1,19,148,10,15,137,45,46,65,66,75,103,138,141,22,53,109,150,6,35,124,139,28,64,105,132
[128] Received message from  68: 1|20,25,37,38,47,49,54,74,91,92,98,125,1,97,100,110,31,116,108,122,57,88,126,135,14,50,104,40,68,12,17,71,128,144
[120] Received message from 115: 1|0,20,25,37,38,47,49,54,74,91,92,98,125,1,19,148,10,15,137,45,46,65,66,75,103,138,141,22,53,109,150,6,35,124,139,105,132,7,51,81,115,121,55,120
[105] Sent Broadcast: 1|0,20,25,37,38,47,49,54,74,91,92,98,125,1,19,148,10,15,137,45,46,65,66,75,103,138,141,22,53,109,150,6,35,124,139,105,132,7,51,81,115,121
[ 55] Received message from 121: 1|0,20,25,37,38,47,49,54,74,91,92,98,125,1,19,148,10,15,137,45,46,65,66,75,103,138,141,22,53,109,150,6,35,124,139,105,132,7,51,81,115,121,55,120
[ 85] Received message from 141: 1|0,20,25,37,38,47,49,54,74,91,92,98,125,1,19,148,10,15,137,30,112,138,141,143,46,65,85,113
[ 28] Sent Broadcast: 1|0,20,25,37,38,47,49,54,74,91,92,98,125,1,19,148,10,15,137,45,46,65,66,75,103,138,141,22,53,109,150,6,28,35,124,139,52,64,73,96,111
[125] Sent Broadcast: 1|0,20,25,37,38,47,49,54,74,91,92,98,125,1,19,80
[115] Sent Broadcast: 1|0,20,25,37,38,47,49,54,74,91,92,98,125,1,19,148,10,15,137,45,46,65,66,75,103,138,141,22,53,109,150,6,35,124,139,105,132,7,51,81,115,121,55,120
[124] Sent Broadcast: 1|0,20,25,37,38,47,49,54,74,91,92,98,125,1,19,148,10,15,137,45,46,65,66,75,103,138,141,22,53,109,150,6,35,124,139,28,64,105,132
[120] Received message from 121: 1|0,20,25,37,38,47,49,54,74,91,92,98,125,1,19,148,10,15,137,45,46,65,66,75,103,138,141,22,53,109,150,6,35,124,139,105,132,7,51,81,115,121,55,120
[121] Sent Broadcast: 1|0,20,25,37,38,47,49,54,74,91,92,98,125,1,19,148,10,15,137,45,46,65,66,75,103,138,141,22,53,109,150,6,35,124,139,105,132,7,51,81,115,121,55,120
[101] Received message from 128: 1|20,25,37,38,47,49,54,74,91,92,98,125,1,97,100,110,31,116,108,122,57,88,126,135,14,50,104,40,68,12,17,71,128,144,101
[120] Received message from  96: 1|0,20,25,37,38,47,49,54,74,91,92,98,125,1,19,148,10,15,137,45,46,65,66,75,103,138,141,22,53,109,150,6,28,35,124,139,52,64,73,96,111,87,120,127
[144] Received message from  68: 1|20,25,37,38,47,49,54,74,91,92,98,125,1,97,100,110,31,116,108,122,57,88,126,135,14,50,104,40,68,12,17,71,128,144
[128] Sent Broadcast: 1|20,25,37,38,47,49,54,74,91,92,98,125,1,97,100,110,31,116,108,122,57,88,126,135,14,50,104,40,68,12,17,71,128,144,101
[113] Received message from 141: 1|0,20,25,37,38,47,49,54,74,91,92,98,125,1,19,148,10,15,137,30,112,138,141,143,46,65,85,113
[101] Received message from 144: 1|20,25,37,38,47,49,54,74,91,92,98,125,1,97,100,110,31,116,108,122,57,88,126,135,14,50,104,40,68,12,17,71,128,144,101
[ 85] Received message from 138: 1|0,20,25,37,38,47,49,54,74,91,92,98,125,1,2,80,112,143,148,82,11,42,43,133,113,114,138,10,15,30,46,65,85,137,141
[ 68] Sent Broadcast: 1|20,25,37,38,47,49,54,74,91,92,98,125,1,97,100,110,31,116,108,122,57,88,126,135,14,50,104,40,68,12,17,71,128,144
[144] Sent Broadcast: 1|20,25,37,38,47,49,54,74,91,92,98,125,1,97,100,110,31,116,108,122,57,88,126,135,14,50,104,40,68,12,17,71,128,144,101
[141] Sent Broadcast: 1|0,20,25,37,38,47,49,54,74,91,92,98,125,1,19,148,10,15,137,30,112,138,141,143,46,65,85,113
[137] Received message from 138: 1|0,20,25,37,38,47,49,54,74,91,92,98,125,1,2,80,112,143,148,82,11,42,43,133,113,114,138,10,15,30,46,65,85,137,141
[141] Received message from 138: 1|0,20,25,37,38,47,49,54,74,91,92,98,125,1,2,80,112,143,148,82,11,42,43,133,113,114,138,10,15,30,46,65,85,137,141
[138] Sent Broadcast: 1|0,20,25,37,38,47,49,54,74,91,92,98,125,1,2,80,112,143,148,82,11,42,43,133,113,114,138,10,15,30,46,65,85,137,141
[127] Received message from  96: 1|0,20,25,37,38,47,49,54,74,91,92,98,125,1,19,148,10,15,137,45,46,65,66,75,103,138,141,22,53,109,150,6,28,35,124,139,52,64,73,96,111,87,120,127
[ 96] Sent Broadcast: 1|0,20,25,37,38,47,49,54,74,91,92,98,125,1,19,148,10,15,137,45,46,65,66,75,103,138,141,22,53,109,150,6,28,35,124,139,52,64,73,96,111,87,120,127
[  8] Received message from   5: 5|0,8,27,34,41,72
[ 27] Received message from   5: 5|0,8,27,34,41,72
[ 34] Received message from   5: 5|0,8,27,34,41,72
[ 41] Received message from   5: 5|0,8,27,34,41,72
[ 94] Received message from  34: 5|0,8,27,34,41,72,5,94,118,129,136,140,149
[ 67] Received message from   8: 5|0,8,27,34,41,72,5,67,90,94,129,140,149
[ 67] Received message from  27: 5|0,8,27,34,41,72,5,67,90,94,140,149
[ 90] Received message from   8: 5|0,8,27,34,41,72,5,67,90,94,129,140,149
[ 72] Received message from   5: 5|0,8,27,34,41,72
[  5] Sent Broadcast: 5|0,8,27,34,41,72
[ 58] Received message from  94: 5|0,8,27,34,41,72,5,94,118,129,136,140,149,58,67,90
[129] Received message from  41: 5|0,8,27,34,41,72,5,129
[ 94] Received message from   8: 5|0,8,27,34,41,72,5,67,90,94,129,140,149
[ 90] Received message from  27: 5|0,8,27,34,41,72,5,67,90,94,140,149
[118] Received message from  34: 5|0,8,27,34,41,72,5,94,118,129,136,140,149
[ 58] Received message from  67: 5|0,8,27,34,41,72,5,67,90,94,129,140,149,58,134
[129] Received message from  72: 5|0,8,27,34,41,72,5,129
[ 58] Received message from  90: 5|0,8,27,34,41,72,5,67,90,94,129,140,149,58,134
[ 41] Sent Broadcast: 5|0,8,27,34,41,72,5,129
[ 72] Sent Broadcast: 5|0,8,27,34,41,72,5,129
[ 67] Received message from  94: 5|0,8,27,34,41,72,5,94,118,129,136,140,149,58,67,90
[ 56] Received message from 129: 5|0,8,27,34,41,72,5,129,56,118,131,136,149
[134] Received message from  67: 5|0,8,27,34,41,72,5,67,90,94,129,140,149,58,134
[129] Received message from  34: 5|0,8,27,34,41,72,5,94,118,129,136,140,149
[ 67] Sent Broadcast: 5|0,8,27,34,41,72,5,67,90,94,129,140,149,58,134
[134] Received message from  90: 5|0,8,27,34,41,72,5,67,90,94,129,140,149,58,134
[118] Received message from 129: 5|0,8,27,34,41,72,5,129,56,118,131,136,149
[ 90] Sent Broadcast: 5|0,8,27,34,41,72,5,67,90,94,129,140,149,58,134
[ 94] Received message from  27: 5|0,8,27,34,41,72,5,67,90,94,140,149
[129] Received message from   8: 5|0,8,27,34,41,72,5,67,90,94,129,140,149
[ 56] Received message from 118: 5|0,8,27,34,41,72,5,94,118,129,136,140,149,56,60,63,119,134
[ 60] Received message from  56: 5|0,8,27,34,41,72,5,129,56,118,131,136,149,60,63,119
[136] Received message from  34: 5|0,8,27,34,41,72,5,94,118,129,136,140,149
[140] Received message from  27: 5|0,8,27,34,41,72,5,67,90,94,140,149
[ 63] Received message from 134: 5|0,8,27,34,41,72,5,67,90,94,129,140,149,58,134,63,83,118
[ 90] Received message from  94: 5|0,8,27,34,41,72,5,94,118,129,136,140,149,58,67,90
[140] Received message from  34: 5|0,8,27,34,41,72,5,94,118,129,136,140,149
[149] Received message from  27: 5|0,8,27,34,41,72,5,67,90,94,140,149
[ 63] Received message from  56: 5|0,8,27,34,41,72,5,129,56,118,131,136,149,60,63,119
[  9] Received message from  60: 5|0,8,27,34,41,72,5,129,56,118,131,136,149,60,63,119,9,16,39
[ 58] Received message from 140: 5|0,8,27,34,41,72,5,67,90,94,140,149,58,134
[ 94] Sent Broadcast: 5|0,8,27,34,41,72,5,94,118,129,136,140,149,58,67,90
[ 60] Received message from 118: 5|0,8,27,34,41,72,5,94,118,129,136,140,149,56,60,63,119,134
[ 83] Received message from 134: 5|0,8,27,34,41,72,5,67,90,94,129,140,149,58,134,63,83,118
[ 27] Sent Broadcast: 5|0,8,27,34,41,72,5,67,90,94,140,149
[ 56] Received message from 136: 5|0,8,27,34,41,72,5,94,118,129,136,140,149,56,60,63,119,131
[117] Received message from   9: 5|0,8,27,34,41,72,5,129,56,118,131,136,149,60,63,119,9,16,39,117
[140] Received message from   8: 5|0,8,27,34,41,72,5,67,90,94,129,140,149
[ 63] Received message from 118: 5|0,8,27,34,41,72,5,94,118,129,136,140,149,56,60,63,119,134
[ 56] Received message from 149: 5|0,8,27,34,41,72,5,67,90,94,140,149,56,63,118,129,134,136
[149] Received message from  34: 5|0,8,27,34,41,72,5,94,118,129,136,140,149
[131] Received message from 129: 5|0,8,27,34,41,72,5,129,56,118,131,136,149
[  9] Sent Broadcast: 5|0,8,27,34,41,72,5,129,56,118,131,136,149,60,63,119,9,16,39,117
[ 34] Sent Broadcast: 5|0,8,27,34,41,72,5,94,118,129,136,140,149
[149] Received message from   8: 5|0,8,27,34,41,72,5,67,90,94,129,140,149
[118] Received message from 134: 5|0,8,27,34,41,72,5,67,90,94,129,140,149,58,134,63,83,118
[  8] Sent Broadcast: 5|0,8,27,34,41,72,5,67,90,94,129,140,149
[ 60] Received message from 136: 5|0,8,27,34,41,72,5,94,118,129,136,140,149,56,60,63,119,131
[134] Sent Broadcast: 5|0,8,27,34,41,72,5,67,90,94,129,140,149,58,134,63,83,118
[ 16] Received message from  63: 5|0,8,27,34,41,72,5,67,90,94,129,140,149,58,134,63,83,118,16,39,56,136
[ 60] Received message from 131: 5|0,8,27,34,41,72,5,129,56,118,131,136,149,60,119
[119] Received message from  56: 5|0,8,27,34,41,72,5,129,56,118,131,136,149,60,63,119
[ 16] Received message from  60: 5|0,8,27,34,41,72,5,129,56,118,131,136,149,60,63,119,9,16,39
[134] Received message from 140: 5|0,8,27,34,41,72,5,67,90,94,140,149,58,134
[ 63] Received message from 149: 5|0,8,27,34,41,72,5,67,90,94,140,149,56,63,118,129,134,136
[119] Received message from 118: 5|0,8,27,34,41,72,5,94,118,129,136,140,149,56,60,63,119,134
[140] Sent Broadcast: 5|0,8,27,34,41,72,5,67,90,94,140,149,58,134
[ 56] Sent Broadcast: 5|0,8,27,34,41,72,5,129,56,118,131,136,149,60,63,119
[ 39] Received message from  60: 5|0,8,27,34,41,72,5,129,56,118,131,136,149,60,63,119,9,16,39
[119] Received message from 131: 5|0,8,27,34,41,72,5,129,56,118,131,136,149,60,119
[136] Received message from 129: 5|0,8,27,34,41,72,5,129,56,118,131,136,149
[ 63] Received message from 136: 5|0,8,27,34,41,72,5,94,118,129,136,140,149,56,60,63,119,131
[  9] Received message from  16: 5|0,8,27,34,41,72,5,67,90,94,129,140,149,58,134,63,83,118,16,39,56,136,9,60,117,119
[131] Sent Broadcast: 5|0,8,27,34,41,72,5,129,56,118,131,136,149,60,119
[ 60] Sent Broadcast: 5|0,8,27,34,41,72,5,129,56,118,131,136,149,60,63,119,9,16,39
[  9] Received message from 119: 5|0,8,27,34,41,72,5,129,56,118,131,136,149,60,63,119,9,16,39
[134] Received message from 118: 5|0,8,27,34,41,72,5,94,118,129,136,140,149,56,60,63,119,134
[ 39] Received message from  63: 5|0,8,27,34,41,72,5,67,90,94,129,140,149,58,134,63,83,118,16,39,56,136
[119] Received message from 136: 5|0,8,27,34,41,72,5,94,118,129,136,140,149,56,60,63,119,131
[118] Received message from 149: 5|0,8,27,34,41,72,5,67,90,94,140,149,56,63,118,129,134,136
[117] Received message from  39: 5|0,8,27,34,41,72,5,129,56,118,131,136,149,60,63,119,9,16,39,117
[118] Sent Broadcast: 5|0,8,27,34,41,72,5,94,118,129,136,140,149,56,60,63,119,134
[ 39] Sent Broadcast: 5|0,8,27,34,41,72,5,129,56,118,131,136,149,60,63,119,9,16,39,117
[ 60] Received message from  16: 5|0,8,27,34,41,72,5,67,90,94,129,140,149,58,134,63,83,118,16,39,56,136,9,60,117,119
[ 16] Received message from 119: 5|0,8,27,34,41,72,5,129,56,118,131,136,149,60,63,119,9,16,39
[ 56] Received message from  63: 5|0,8,27,34,41,72,5,67,90,94,129,140,149,58,134,63,83,118,16,39,56,136
[117] Received message from  16: 5|0,8,27,34,41,72,5,67,90,94,129,140,149,58,134,63,83,118,16,39,56,136,9,60,117,119
[129] Received message from 149: 5|0,8,27,34,41,72,5,67,90,94,140,149,56,63,118,129,134,136
[149] Received message from 129: 5|0,8,27,34,41,72,5,129,56,118,131,136,149
[136] Received message from  63: 5|0,8,27,34,41,72,5,67,90,94,129,140,149,58,134,63,83,118,16,39,56,136
[129] Sent Broadcast: 5|0,8,27,34,41,72,5,129,56,118,131,136,149
[ 39] Received message from 119: 5|0,8,27,34,41,72,5,129,56,118,131,136,149,60,63,119,9,16,39
[119] Sent Broadcast: 5|0,8,27,34,41,72,5,129,56,118,131,136,149,60,63,119,9,16,39
[131] Received message from 136: 5|0,8,27,34,41,72,5,94,118,129,136,140,149,56,60,63,119,131
[ 63] Sent Broadcast: 5|0,8,27,34,41,72,5,67,90,94,129,140,149,58,134,63,83,118,16,39,56,136
[119] Received message from  16: 5|0,8,27,34,41,72,5,67,90,94,129,140,149,58,134,63,83,118,16,39,56,136,9,60,117,119
[136] Sent Broadcast: 5|0,8,27,34,41,72,5,94,118,129,136,140,149,56,60,63,119,131
[ 16] Sent Broadcast: 5|0,8,27,34,41,72,5,67,90,94,129,140,149,58,134,63,83,118,16,39,56,136,9,60,117,119
[134] Received message from 149: 5|0,8,27,34,41,72,5,67,90,94,140,149,56,63,118,129,134,136
[136] Received message from 149: 5|0,8,27,34,41,72,5,67,90,94,140,149,56,63,118,129,134,136
[149] Sent Broadcast: 5|0,8,27,34,41,72,5,67,90,94,140,149,56,63,118,129,134,136
[ 29] Received message from  21: 21|0,29
[ 21] Sent Broadcast: 21|0,29
[123] Received message from  77: 77|0,123
[ 77] Sent Broadcast: 77|0,123
