[ 40] Received message from   1: 1|0,40,41,77,96,97,100,103,123,124,141,149
[ 41] Received message from   1: 1|0,40,41,77,96,97,100,103,123,124,141,149
[108] Received message from  40: 1|0,40,41,77,96,97,100,103,123,124,141,149,1,108,135,143
[ 77] Received message from   1: 1|0,40,41,77,96,97,100,103,123,124,141,149
[135] Received message from  40: 1|0,40,41,77,96,97,100,103,123,124,141,149,1,108,135,143
[108] Received message from  77: 1|0,40,41,77,96,97,100,103,123,124,141,149,1,108,135
[ 58] Received message from 108: 1|0,40,41,77,96,97,100,103,123,124,141,149,1,108,135,143,58,91,116
[ 96] Received message from   1: 1|0,40,41,77,96,97,100,103,123,124,141,149
[143] Received message from  40: 1|0,40,41,77,96,97,100,103,123,124,141,149,1,108,135,143
[ 31] Received message from  41: 1|0,40,41,77,96,97,100,103,123,124,141,149,1,31
[135] Received message from  77: 1|0,40,41,77,96,97,100,103,123,124,141,149,1,108,135
[ 40] Sent Broadcast: 1|0,40,41,77,96,97,100,103,123,124,141,149,1,108,135,143
[114] Received message from  96: 1|0,40,41,77,96,97,100,103,123,124,141,149,1,114,119
[ 41] Sent Broadcast: 1|0,40,41,77,96,97,100,103,123,124,141,149,1,31
[ 71] Received message from  58: 1|0,40,41,77,96,97,100,103,123,124,141,149,1,108,135,143,58,91,116,71,117,122,126
[ 91] Received message from 108: 1|0,40,41,77,96,97,100,103,123,124,141,149,1,108,135,143,58,91,116
[ 77] Sent Broadcast: 1|0,40,41,77,96,97,100,103,123,124,141,149,1,108,135
[ 97] Received message from   1: 1|0,40,41,77,96,97,100,103,123,124,141,149
[ 58] Received message from 135: 1|0,40,41,77,96,97,100,103,123,124,141,149,1,108,135,143,58,91,116
[ 17] Received message from 143: 1|0,40,41,77,96,97,100,103,123,124,141,149,1,108,135,143,17,101,110,130
[121] Received message from 114: 1|0,40,41,77,96,97,100,103,123,124,141,149,1,114,119,121
[119] Received message from  96: 1|0,40,41,77,96,97,100,103,123,124,141,149,1,114,119
[ 43] Received message from  71: 1|0,40,41,77,96,97,100,103,123,124,141,149,1,108,135,143,58,91,116,71,117,122,126,43,109
[114] Sent Broadcast: 1|0,40,41,77,96,97,100,103,123,124,141,149,1,114,119,121
[101] Received message from 143: 1|0,40,41,77,96,97,100,103,123,124,141,149,1,108,135,143,17,101,110,130
[116] Received message from 108: 1|0,40,41,77,96,97,100,103,123,124,141,149,1,108,135,143,58,91,116
[117] Received message from  58: 1|0,40,41,77,96,97,100,103,123,124,141,149,1,108,135,143,58,91,116,71,117,122,126
[ 31] Received message from  97: 1|0,40,41,77,96,97,100,103,123,124,141,149,1,31,74,133
[ 96] Sent Broadcast: 1|0,40,41,77,96,97,100,103,123,124,141,149,1,114,119
[ 16] Received message from  17: 1|0,40,41,77,96,97,100,103,123,124,141,149,1,108,135,143,17,101,110,130,16,19,69,137
[ 91] Received message from 135: 1|0,40,41,77,96,97,100,103,123,124,141,149,1,108,135,143,58,91,116
[100] Received message from   1: 1|0,40,41,77,96,97,100,103,123,124,141,149
[108] Sent Broadcast: 1|0,40,41,77,96,97,100,103,123,124,141,149,1,108,135,143,58,91,116
[117] Received message from  91: 1|0,40,41,77,96,97,100,103,123,124,141,149,1,108,135,143,58,91,116,117,122,126
[ 57] Received message from 121: 1|0,40,41,77,96,97,100,103,123,124,141,149,1,114,119,121,57
[ 31] Received message from 119: 1|0,40,41,77,96,97,100,103,123,124,141,149,1,114,119,31,57,121,129,134
[121] Sent Broadcast: 1|0,40,41,77,96,97,100,103,123,124,141,149,1,114,119,121,57
[ 71] Received message from 116: 1|0,40,41,77,96,97,100,103,123,124,141,149,1,108,135,143,58,91,116,71,117,122,126
[119] Received message from  31: 1|0,40,41,77,96,97,100,103,123,124,141,149,1,31,119,129,134
[ 63] Received message from  43: 1|0,40,41,77,96,97,100,103,123,124,141,149,1,108,135,143,58,91,116,71,117,122,126,43,109,63
[110] Received message from 143: 1|0,40,41,77,96,97,100,103,123,124,141,149,1,108,135,143,17,101,110,130
[116] Received message from 135: 1|0,40,41,77,96,97,100,103,123,124,141,149,1,108,135,143,58,91,116
[ 89] Received message from  16: 1|0,40,41,77,96,97,100,103,123,124,141,149,1,108,135,143,17,101,110,130,16,19,69,137,89,122
[ 58] Received message from 100: 1|0,40,41,77,96,97,100,103,123,124,141,149,1,58,91,108,135
[ 74] Received message from  97: 1|0,40,41,77,96,97,100,103,123,124,141,149,1,31,74,133
[ 57] Received message from 119: 1|0,40,41,77,96,97,100,103,123,124,141,149,1,114,119,31,57,121,129,134
[ 11] Received message from  57: 1|0,40,41,77,96,97,100,103,123,124,141,149,1,114,119,121,57,11,37,50,113,115,129,134
[122] Received message from  58: 1|0,40,41,77,96,97,100,103,123,124,141,149,1,108,135,143,58,91,116,71,117,122,126
[ 43] Sent Broadcast: 1|0,40,41,77,96,97,100,103,123,124,141,149,1,108,135,143,58,91,116,71,117,122,126,43,109,63
[109] Received message from  71: 1|0,40,41,77,96,97,100,103,123,124,141,149,1,108,135,143,58,91,116,71,117,122,126,43,109
[135] Sent Broadcast: 1|0,40,41,77,96,97,100,103,123,124,141,149,1,108,135,143,58,91,116
[ 16] Received message from 101: 1|0,40,41,77,96,97,100,103,123,124,141,149,1,108,135,143,17,101,110,130,16,19,75,137
[102] Received message from 117: 1|0,40,41,77,96,97,100,103,123,124,141,149,1,108,135,143,58,91,116,71,117,122,126,102
[ 71] Sent Broadcast: 1|0,40,41,77,96,97,100,103,123,124,141,149,1,108,135,143,58,91,116,71,117,122,126,43,109
[121] Received message from 119: 1|0,40,41,77,96,97,100,103,123,124,141,149,1,114,119,31,57,121,129,134
[122] Received message from  16: 1|0,40,41,77,96,97,100,103,123,124,141,149,1,108,135,143,17,101,110,130,16,19,69,137,89,122
[ 19] Received message from 110: 1|0,40,41,77,96,97,100,103,123,124,141,149,1,108,135,143,17,101,110,130,19,69,137
[ 24] Received message from  89: 1|0,40,41,77,96,97,100,103,123,124,141,149,1,108,135,143,17,101,110,130,16,19,69,137,89,122,24,46
[103] Received message from   1: 1|0,40,41,77,96,97,100,103,123,124,141,149
[105] Received message from  63: 1|0,40,41,77,96,97,100,103,123,124,141,149,1,108,135,143,58,91,116,71,117,122,126,43,109,63,105
[ 91] Received message from 100: 1|0,40,41,77,96,97,100,103,123,124,141,149,1,58,91,108,135
[122] Received message from  91: 1|0,40,41,77,96,97,100,103,123,124,141,149,1,108,135,143,58,91,116,117,122,126
[129] Received message from  31: 1|0,40,41,77,96,97,100,103,123,124,141,149,1,31,119,129,134
[ 19] Received message from  17: 1|0,40,41,77,96,97,100,103,123,124,141,149,1,108,135,143,17,101,110,130,16,19,69,137
[133] Received message from  97: 1|0,40,41,77,96,97,100,103,123,124,141,149,1,31,74,133
[ 58] Received message from 122: 1|0,40,41,77,96,97,100,103,123,124,141,149,1,108,135,143,17,101,110,130,16,19,69,137,89,122,58,91,116,117
[ 19] Received message from 101: 1|0,40,41,77,96,97,100,103,123,124,141,149,1,108,135,143,17,101,110,130,16,19,75,137
[117] Received message from 116: 1|0,40,41,77,96,97,100,103,123,124,141,149,1,108,135,143,58,91,116,71,117,122,126
[ 54] Received message from  74: 1|0,40,41,77,96,97,100,103,123,124,141,149,1,31,74,133,54,118
[117] Sent Broadcast: 1|0,40,41,77,96,97,100,103,123,124,141,149,1,108,135,143,58,91,116,71,117,122,126,102
[ 16] Sent Broadcast: 1|0,40,41,77,96,97,100,103,123,124,141,149,1,108,135,143,17,101,110,130,16,19,69,137,89,122
[ 13] Received message from  19: 1|0,40,41,77,96,97,100,103,123,124,141,149,1,108,135,143,17,101,110,130,19,69,137,13,25,56,75
[ 10] Received message from  11: 1|0,40,41,77,96,97,100,103,123,124,141,149,1,114,119,121,57,11,37,50,113,115,129,134,10,111
[130] Received message from 143: 1|0,40,41,77,96,97,100,103,123,124,141,149,1,108,135,143,17,101,110,130
[ 15] Received message from  24: 1|0,40,41,77,96,97,100,103,123,124,141,149,1,108,135,143,17,101,110,130,16,19,69,137,89,122,24,46,15
[ 88] Received message from 102: 1|0,40,41,77,96,97,100,103,123,124,141,149,1,108,135,143,58,91,116,71,117,122,126,102,88,145
[ 38] Received message from 105: 1|0,40,41,77,96,97,100,103,123,124,141,149,1,108,135,143,58,91,116,71,117,122,126,43,109,63,105,38
[ 37] Received message from  57: 1|0,40,41,77,96,97,100,103,123,124,141,149,1,114,119,121,57,11,37,50,113,115,129,134
[129] Received message from 119: 1|0,40,41,77,96,97,100,103,123,124,141,149,1,114,119,31,57,121,129,134
[ 63] Received message from 109: 1|0,40,41,77,96,97,100,103,123,124,141,149,1,108,135,143,58,91,116,71,117,122,126,43,109,63
[108] Received message from 100: 1|0,40,41,77,96,97,100,103,123,124,141,149,1,58,91,108,135
[ 11] Received message from 129: 1|0,40,41,77,96,97,100,103,123,124,141,149,1,31,119,129,134,11,37,50,57
[ 63] Sent Broadcast: 1|0,40,41,77,96,97,100,103,123,124,141,149,1,108,135,143,58,91,116,71,117,122,126,43,109,63,105
[  9] Received message from 133: 1|0,40,41,77,96,97,100,103,123,124,141,149,1,31,74,133,9,54,118
[ 97] Sent Broadcast: 1|0,40,41,77,96,97,100,103,123,124,141,149,1,31,74,133
[ 69] Received message from 110: 1|0,40,41,77,96,97,100,103,123,124,141,149,1,108,135,143,17,101,110,130,19,69,137
[122] Received message from 116: 1|0,40,41,77,96,97,100,103,123,124,141,149,1,108,135,143,58,91,116,71,117,122,126
[ 46] Received message from  89: 1|0,40,41,77,96,97,100,103,123,124,141,149,1,108,135,143,17,101,110,130,16,19,69,137,89,122,24,46
[123] Received message from   1: 1|0,40,41,77,96,97,100,103,123,124,141,149
[134] Received message from  31: 1|0,40,41,77,96,97,100,103,123,124,141,149,1,31,119,129,134
[118] Received message from  74: 1|0,40,41,77,96,97,100,103,123,124,141,149,1,31,74,133,54,118
[ 91] Received message from 122: 1|0,40,41,77,96,97,100,103,123,124,141,149,1,108,135,143,17,101,110,130,16,19,69,137,89,122,58,91,116,117
[ 75] Received message from 101: 1|0,40,41,77,96,97,100,103,123,124,141,149,1,108,135,143,17,101,110,130,16,19,75,137
[126] Received message from  58: 1|0,40,41,77,96,97,100,103,123,124,141,149,1,108,135,143,58,91,116,71,117,122,126
[ 34] Received message from   9: 1|0,40,41,77,96,97,100,103,123,124,141,149,1,31,74,133,9,54,118,34,39,66,70
[ 69] Received message from  17: 1|0,40,41,77,96,97,100,103,123,124,141,149,1,108,135,143,17,101,110,130,16,19,69,137
[143] Sent Broadcast: 1|0,40,41,77,96,97,100,103,123,124,141,149,1,108,135,143,17,101,110,130
[ 84] Received message from  54: 1|0,40,41,77,96,97,100,103,123,124,141,149,1,31,74,133,54,118,84,136
[ 24] Sent Broadcast: 1|0,40,41,77,96,97,100,103,123,124,141,149,1,108,135,143,17,101,110,130,16,19,69,137,89,122,24,46,15
[134] Received message from 119: 1|0,40,41,77,96,97,100,103,123,124,141,149,1,114,119,31,57,121,129,134
[105] Sent Broadcast: 1|0,40,41,77,96,97,100,103,123,124,141,149,1,108,135,143,58,91,116,71,117,122,126,43,109,63,105,38
[ 25] Received message from  19: 1|0,40,41,77,96,97,100,103,123,124,141,149,1,108,135,143,17,101,110,130,19,69,137,13,25,56,75
[ 10] Received message from  37: 1|0,40,41,77,96,97,100,103,123,124,141,149,1,114,119,121,57,11,37,50,113,115,129,134,10
[ 64] Received message from  46: 1|0,40,41,77,96,97,100,103,123,124,141,149,1,108,135,143,17,101,110,130,16,19,69,137,89,122,24,46,64
[ 10] Received message from 134: 1|0,40,41,77,96,97,100,103,123,124,141,149,1,31,119,129,134,10,11,37,50,57,111,115
[145] Received message from 102: 1|0,40,41,77,96,97,100,103,123,124,141,149,1,108,135,143,58,91,116,71,117,122,126,102,88,145
[ 84] Received message from 118: 1|0,40,41,77,96,97,100,103,123,124,141,149,1,31,74,133,54,118,84,85,136
[126] Received message from  91: 1|0,40,41,77,96,97,100,103,123,124,141,149,1,108,135,143,58,91,116,117,122,126
[109] Sent Broadcast: 1|0,40,41,77,96,97,100,103,123,124,141,149,1,108,135,143,58,91,116,71,117,122,126,43,109,63
[ 16] Received message from 130: 1|0,40,41,77,96,97,100,103,123,124,141,149,1,108,135,143,17,101,110,130,16,19,56,69,75,137
[ 89] Sent Broadcast: 1|0,40,41,77,96,97,100,103,123,124,141,149,1,108,135,143,17,101,110,130,16,19,69,137,89,122,24,46
[ 31] Sent Broadcast: 1|0,40,41,77,96,97,100,103,123,124,141,149,1,31,119,129,134
[137] Received message from 110: 1|0,40,41,77,96,97,100,103,123,124,141,149,1,108,135,143,17,101,110,130,19,69,137
[136] Received message from  54: 1|0,40,41,77,96,97,100,103,123,124,141,149,1,31,74,133,54,118,84,136
[  6] Received message from  84: 1|0,40,41,77,96,97,100,103,123,124,141,149,1,31,74,133,54,118,84,136,6,85
[ 54] Received message from 133: 1|0,40,41,77,96,97,100,103,123,124,141,149,1,31,74,133,9,54,118
[ 37] Received message from 129: 1|0,40,41,77,96,97,100,103,123,124,141,149,1,31,119,129,134,11,37,50,57
[108] Received message from 123: 1|0,40,41,77,96,97,100,103,123,124,141,149,1,108,114,119,135
[135] Received message from 100: 1|0,40,41,77,96,97,100,103,123,124,141,149,1,58,91,108,135
[ 13] Received message from  69: 1|0,40,41,77,96,97,100,103,123,124,141,149,1,108,135,143,17,101,110,130,19,69,137,13,75
[  3] Received message from  34: 1|0,40,41,77,96,97,100,103,123,124,141,149,1,31,74,133,9,54,118,34,39,66,70,3,81,83,95
[ 43] Received message from 126: 1|0,40,41,77,96,97,100,103,123,124,141,149,1,108,135,143,58,91,116,71,117,122,126,43,102
[ 50] Received message from  57: 1|0,40,41,77,96,97,100,103,123,124,141,149,1,114,119,121,57,11,37,50,113,115,129,134
[111] Received message from  11: 1|0,40,41,77,96,97,100,103,123,124,141,149,1,114,119,121,57,11,37,50,113,115,129,134,10,111
[  5] Received message from  64: 1|0,40,41,77,96,97,100,103,123,124,141,149,1,108,135,143,17,101,110,130,16,19,69,137,89,122,24,46,64,5,145,146
[  5] Received message from 145: 1|0,40,41,77,96,97,100,103,123,124,141,149,1,108,135,143,58,91,116,71,117,122,126,102,88,145,5,64
[110] Sent Broadcast: 1|0,40,41,77,96,97,100,103,123,124,141,149,1,108,135,143,17,101,110,130,19,69,137
[ 74] Sent Broadcast: 1|0,40,41,77,96,97,100,103,123,124,141,149,1,31,74,133,54,118
[ 58] Sent Broadcast: 1|0,40,41,77,96,97,100,103,123,124,141,149,1,108,135,143,58,91,116,71,117,122,126
[ 91] Sent Broadcast: 1|0,40,41,77,96,97,100,103,123,124,141,149,1,108,135,143,58,91,116,117,122,126
[ 37] Sent Broadcast: 1|0,40,41,77,96,97,100,103,123,124,141,149,1,114,119,121,57,11,37,50,113,115,129,134,10
[ 46] Sent Broadcast: 1|0,40,41,77,96,97,100,103,123,124,141,149,1,108,135,143,17,101,110,130,16,19,69,137,89,122,24,46,64
[102] Sent Broadcast: 1|0,40,41,77,96,97,100,103,123,124,141,149,1,108,135,143,58,91,116,71,117,122,126,102,88,145
[119] Sent Broadcast: 1|0,40,41,77,96,97,100,103,123,124,141,149,1,114,119,31,57,121,129,134
[ 19] Received message from 130: 1|0,40,41,77,96,97,100,103,123,124,141,149,1,108,135,143,17,101,110,130,16,19,56,69,75,137
[ 18] Received message from   6: 1|0,40,41,77,96,97,100,103,123,124,141,149,1,31,74,133,54,118,84,136,6,85,18,39,62,66,70,125
[ 13] Received message from  75: 1|0,40,41,77,96,97,100,103,123,124,141,149,1,108,135,143,17,101,110,130,16,19,75,137,13,25,56,69
[137] Received message from  17: 1|0,40,41,77,96,97,100,103,123,124,141,149,1,108,135,143,17,101,110,130,16,19,69,137
[ 54] Sent Broadcast: 1|0,40,41,77,96,97,100,103,123,124,141,149,1,31,74,133,54,118,84,136
[100] Sent Broadcast: 1|0,40,41,77,96,97,100,103,123,124,141,149,1,58,91,108,135
[ 99] Received message from  25: 1|0,40,41,77,96,97,100,103,123,124,141,149,1,108,135,143,17,101,110,130,19,69,137,13,25,56,75,99
[116] Received message from 122: 1|0,40,41,77,96,97,100,103,123,124,141,149,1,108,135,143,17,101,110,130,16,19,69,137,89,122,58,91,116,117
[126] Received message from 116: 1|0,40,41,77,96,97,100,103,123,124,141,149,1,108,135,143,58,91,116,71,117,122,126
[142] Received message from   5: 1|0,40,41,77,96,97,100,103,123,124,141,149,1,108,135,143,17,101,110,130,16,19,69,137,89,122,24,46,64,5,145,146,142
[124] Received message from   1: 1|0,40,41,77,96,97,100,103,123,124,141,149
[ 28] Received message from   3: 1|0,40,41,77,96,97,100,103,123,124,141,149,1,31,74,133,9,54,118,34,39,66,70,3,81,83,95,28,33,48,49,92,138
[  6] Received message from 136: 1|0,40,41,77,96,97,100,103,123,124,141,149,1,31,74,133,54,118,84,136,6,39,70,85,125
[ 56] Received message from  19: 1|0,40,41,77,96,97,100,103,123,124,141,149,1,108,135,143,17,101,110,130,19,69,137,13,25,56,75
[ 11] Received message from 134: 1|0,40,41,77,96,97,100,103,123,124,141,149,1,31,119,129,134,10,11,37,50,57,111,115
[137] Received message from 101: 1|0,40,41,77,96,97,100,103,123,124,141,149,1,108,135,143,17,101,110,130,16,19,75,137
[ 60] Received message from 142: 1|0,40,41,77,96,97,100,103,123,124,141,149,1,108,135,143,17,101,110,130,16,19,69,137,89,122,24,46,64,5,145,146,142,60
[ 50] Received message from 129: 1|0,40,41,77,96,97,100,103,123,124,141,149,1,31,119,129,134,11,37,50,57
[ 56] Received message from 130: 1|0,40,41,77,96,97,100,103,123,124,141,149,1,108,135,143,17,101,110,130,16,19,56,69,75,137
[ 21] Received message from  28: 1|0,40,41,77,96,97,100,103,123,124,141,149,1,31,74,133,9,54,118,34,39,66,70,3,81,83,95,28,33,48,49,92,138,21
[118] Received message from 133: 1|0,40,41,77,96,97,100,103,123,124,141,149,1,31,74,133,9,54,118
[ 25] Sent Broadcast: 1|0,40,41,77,96,97,100,103,123,124,141,149,1,108,135,143,17,101,110,130,19,69,137,13,25,56,75,99
[ 11] Sent Broadcast: 1|0,40,41,77,96,97,100,103,123,124,141,149,1,114,119,121,57,11,37,50,113,115,129,134,10,111
[ 13] Received message from 137: 1|0,40,41,77,96,97,100,103,123,124,141,149,1,108,135,143,17,101,110,130,19,69,137,13,56,75
[ 81] Received message from  34: 1|0,40,41,77,96,97,100,103,123,124,141,149,1,31,74,133,9,54,118,34,39,66,70,3,81,83,95
[116] Sent Broadcast: 1|0,40,41,77,96,97,100,103,123,124,141,149,1,108,135,143,58,91,116,71,117,122,126
[ 39] Received message from   9: 1|0,40,41,77,96,97,100,103,123,124,141,149,1,31,74,133,9,54,118,34,39,66,70
[ 17] Sent Broadcast: 1|0,40,41,77,96,97,100,103,123,124,141,149,1,108,135,143,17,101,110,130,16,19,69,137
[ 85] Received message from 118: 1|0,40,41,77,96,97,100,103,123,124,141,149,1,31,74,133,54,118,84,85,136
[  5] Sent Broadcast: 1|0,40,41,77,96,97,100,103,123,124,141,149,1,108,135,143,17,101,110,130,16,19,69,137,89,122,24,46,64,5,145,146,142
[ 10] Received message from  50: 1|0,40,41,77,96,97,100,103,123,124,141,149,1,114,119,121,57,11,37,50,113,115,129,134,10
[114] Received message from 123: 1|0,40,41,77,96,97,100,103,123,124,141,149,1,108,114,119,135
[ 35] Received message from  18: 1|0,40,41,77,96,97,100,103,123,124,141,149,1,31,74,133,54,118,84,136,6,85,18,39,62,66,70,125,35
[ 31] Received message from 124: 1|0,40,41,77,96,97,100,103,123,124,141,149,1,31,114,119,121,129
[ 75] Received message from  69: 1|0,40,41,77,96,97,100,103,123,124,141,149,1,108,135,143,17,101,110,130,19,69,137,13,75
[ 20] Received message from  60: 1|0,40,41,77,96,97,100,103,123,124,141,149,1,108,135,143,17,101,110,130,16,19,69,137,89,122,24,46,64,5,145,146,142,60,20,73,90,93
[142] Sent Broadcast: 1|0,40,41,77,96,97,100,103,123,124,141,149,1,108,135,143,17,101,110,130,16,19,69,137,89,122,24,46,64,5,145,146,142,60
[ 85] Received message from  84: 1|0,40,41,77,96,97,100,103,123,124,141,149,1,31,74,133,54,118,84,136,6,85
[ 28] Sent Broadcast: 1|0,40,41,77,96,97,100,103,123,124,141,149,1,31,74,133,9,54,118,34,39,66,70,3,81,83,95,28,33,48,49,92,138,21
[133] Sent Broadcast: 1|0,40,41,77,96,97,100,103,123,124,141,149,1,31,74,133,9,54,118
[ 39] Received message from   6: 1|0,40,41,77,96,97,100,103,123,124,141,149,1,31,74,133,54,118,84,136,6,85,18,39,62,66,70,125
[145] Received message from  64: 1|0,40,41,77,96,97,100,103,123,124,141,149,1,108,135,143,17,101,110,130,16,19,69,137,89,122,24,46,64,5,145,146
[ 64] Received message from 145: 1|0,40,41,77,96,97,100,103,123,124,141,149,1,108,135,143,58,91,116,71,117,122,126,102,88,145,5,64
[102] Received message from 126: 1|0,40,41,77,96,97,100,103,123,124,141,149,1,108,135,143,58,91,116,71,117,122,126,43,102
[117] Received message from 122: 1|0,40,41,77,96,97,100,103,123,124,141,149,1,108,135,143,17,101,110,130,16,19,69,137,89,122,58,91,116,117
[113] Received message from  57: 1|0,40,41,77,96,97,100,103,123,124,141,149,1,114,119,121,57,11,37,50,113,115,129,134
[ 83] Received message from  34: 1|0,40,41,77,96,97,100,103,123,124,141,149,1,31,74,133,9,54,118,34,39,66,70,3,81,83,95
[  2] Received message from  99: 1|0,40,41,77,96,97,100,103,123,124,141,149,1,108,135,143,17,101,110,130,19,69,137,13,25,56,75,99,2
[ 25] Received message from  75: 1|0,40,41,77,96,97,100,103,123,124,141,149,1,108,135,143,17,101,110,130,16,19,75,137,13,25,56,69
[ 33] Received message from   3: 1|0,40,41,77,96,97,100,103,123,124,141,149,1,31,74,133,9,54,118,34,39,66,70,3,81,83,95,28,33,48,49,92,138
[ 27] Received message from  20: 1|0,40,41,77,96,97,100,103,123,124,141,149,1,108,135,143,17,101,110,130,16,19,69,137,89,122,24,46,64,5,145,146,142,60,20,73,90,93,27,68,106
[ 59] Received message from 113: 1|0,40,41,77,96,97,100,103,123,124,141,149,1,114,119,121,57,11,37,50,113,115,129,134,59,80,120,131
[ 37] Received message from 134: 1|0,40,41,77,96,97,100,103,123,124,141,149,1,31,119,129,134,10,11,37,50,57,111,115
[ 28] Received message from  81: 1|0,40,41,77,96,97,100,103,123,124,141,149,1,31,74,133,9,54,118,34,39,66,70,3,81,83,95,28,33,48
[ 66] Received message from   9: 1|0,40,41,77,96,97,100,103,123,124,141,149,1,31,74,133,9,54,118,34,39,66,70
[ 75] Received message from  19: 1|0,40,41,77,96,97,100,103,123,124,141,149,1,108,135,143,17,101,110,130,19,69,137,13,25,56,75
[141] Received message from   1: 1|0,40,41,77,96,97,100,103,123,124,141,149
[136] Received message from 118: 1|0,40,41,77,96,97,100,103,123,124,141,149,1,31,74,133,54,118,84,85,136
[  6] Received message from  39: 1|0,40,41,77,96,97,100,103,123,124,141,149,1,31,74,133,9,54,118,34,39,66,70,6,62,125,136
[ 39] Received message from 136: 1|0,40,41,77,96,97,100,103,123,124,141,149,1,31,74,133,54,118,84,136,6,39,70,85,125
[ 56] Received message from 137: 1|0,40,41,77,96,97,100,103,123,124,141,149,1,108,135,143,17,101,110,130,19,69,137,13,56,75
[101] Sent Broadcast: 1|0,40,41,77,96,97,100,103,123,124,141,149,1,108,135,143,17,101,110,130,16,19,75,137
[ 18] Sent Broadcast: 1|0,40,41,77,96,97,100,103,123,124,141,149,1,31,74,133,54,118,84,136,6,85,18,39,62,66,70,125,35
[ 69] Sent Broadcast: 1|0,40,41,77,96,97,100,103,123,124,141,149,1,108,135,143,17,101,110,130,19,69,137,13,75
[122] Sent Broadcast: 1|0,40,41,77,96,97,100,103,123,124,141,149,1,108,135,143,17,101,110,130,16,19,69,137,89,122,58,91,116,117
[126] Sent Broadcast: 1|0,40,41,77,96,97,100,103,123,124,141,149,1,108,135,143,58,91,116,71,117,122,126,43,102
[145] Sent Broadcast: 1|0,40,41,77,96,97,100,103,123,124,141,149,1,108,135,143,58,91,116,71,117,122,126,102,88,145,5,64
[ 50] Sent Broadcast: 1|0,40,41,77,96,97,100,103,123,124,141,149,1,114,119,121,57,11,37,50,113,115,129,134,10
[ 19] Sent Broadcast: 1|0,40,41,77,96,97,100,103,123,124,141,149,1,108,135,143,17,101,110,130,19,69,137,13,25,56,75
[119] Received message from 123: 1|0,40,41,77,96,97,100,103,123,124,141,149,1,108,114,119,135
[ 99] Sent Broadcast: 1|0,40,41,77,96,97,100,103,123,124,141,149,1,108,135,143,17,101,110,130,19,69,137,13,25,56,75,99,2
[ 84] Sent Broadcast: 1|0,40,41,77,96,97,100,103,123,124,141,149,1,31,74,133,54,118,84,136,6,85
[ 28] Received message from  83: 1|0,40,41,77,96,97,100,103,123,124,141,149,1,31,74,133,9,54,118,34,39,66,70,3,81,83,95,28,33,48,49,138
[  6] Received message from  85: 1|0,40,41,77,96,97,100,103,123,124,141,149,1,31,74,133,54,118,84,85,136,6,18
[ 21] Received message from  33: 1|0,40,41,77,96,97,100,103,123,124,141,149,1,31,74,133,9,54,118,34,39,66,70,3,81,83,95,28,33,48,49,92,138,21
[ 48] Received message from   3: 1|0,40,41,77,96,97,100,103,123,124,141,149,1,31,74,133,9,54,118,34,39,66,70,3,81,83,95,28,33,48,49,92,138
[ 56] Received message from  75: 1|0,40,41,77,96,97,100,103,123,124,141,149,1,108,135,143,17,101,110,130,16,19,75,137,13,25,56,69
[ 31] Received message from 141: 1|0,40,41,77,96,97,100,103,123,124,141,149,1,31,74,133
[ 68] Received message from  20: 1|0,40,41,77,96,97,100,103,123,124,141,149,1,108,135,143,17,101,110,130,16,19,69,137,89,122,24,46,64,5,145,146,142,60,20,73,90,93,27,68,106
[ 50] Received message from 134: 1|0,40,41,77,96,97,100,103,123,124,141,149,1,31,119,129,134,10,11,37,50,57,111,115
[146] Received message from  64: 1|0,40,41,77,96,97,100,103,123,124,141,149,1,108,135,143,17,101,110,130,16,19,69,137,89,122,24,46,64,5,145,146
[ 62] Received message from   6: 1|0,40,41,77,96,97,100,103,123,124,141,149,1,31,74,133,54,118,84,136,6,85,18,39,62,66,70,125
[ 73] Received message from  60: 1|0,40,41,77,96,97,100,103,123,124,141,149,1,108,135,143,17,101,110,130,16,19,69,137,89,122,24,46,64,5,145,146,142,60,20,73,90,93
[ 80] Received message from 113: 1|0,40,41,77,96,97,100,103,123,124,141,149,1,114,119,121,57,11,37,50,113,115,129,134,59,80,120,131
[ 33] Received message from  81: 1|0,40,41,77,96,97,100,103,123,124,141,149,1,31,74,133,9,54,118,34,39,66,70,3,81,83,95,28,33,48
[ 70] Received message from 136: 1|0,40,41,77,96,97,100,103,123,124,141,149,1,31,74,133,54,118,84,136,6,39,70,85,125
[ 69] Received message from 130: 1|0,40,41,77,96,97,100,103,123,124,141,149,1,108,135,143,17,101,110,130,16,19,56,69,75,137
[135] Received message from 123: 1|0,40,41,77,96,97,100,103,123,124,141,149,1,108,114,119,135
[ 70] Received message from   9: 1|0,40,41,77,96,97,100,103,123,124,141,149,1,31,74,133,9,54,118,34,39,66,70
[ 57] Received message from 129: 1|0,40,41,77,96,97,100,103,123,124,141,149,1,31,119,129,134,11,37,50,57
[114] Received message from 124: 1|0,40,41,77,96,97,100,103,123,124,141,149,1,31,114,119,121,129
[ 79] Received message from   2: 1|0,40,41,77,96,97,100,103,123,124,141,149,1,108,135,143,17,101,110,130,19,69,137,13,25,56,75,99,2,79,148
[ 95] Received message from  34: 1|0,40,41,77,96,97,100,103,123,124,141,149,1,31,74,133,9,54,118,34,39,66,70,3,81,83,95
[144] Received message from  68: 1|0,40,41,77,96,97,100,103,123,124,141,149,1,108,135,143,17,101,110,130,16,19,69,137,89,122,24,46,64,5,145,146,142,60,20,73,90,93,27,68,106,144
[ 33] Received message from  83: 1|0,40,41,77,96,97,100,103,123,124,141,149,1,31,74,133,9,54,118,34,39,66,70,3,81,83,95,28,33,48,49,138
[ 72] Received message from  80: 1|0,40,41,77,96,97,100,103,123,124,141,149,1,114,119,121,57,11,37,50,113,115,129,134,59,80,120,131,72,132,147
[ 79] Received message from  27: 1|0,40,41,77,96,97,100,103,123,124,141,149,1,108,135,143,17,101,110,130,16,19,69,137,89,122,24,46,64,5,145,146,142,60,20,73,90,93,27,68,106,79,144
[149] Received message from   1: 1|0,40,41,77,96,97,100,103,123,124,141,149
[132] Received message from  59: 1|0,40,41,77,96,97,100,103,123,124,141,149,1,114,119,121,57,11,37,50,113,115,129,134,59,80,120,131,132,147
[118] Sent Broadcast: 1|0,40,41,77,96,97,100,103,123,124,141,149,1,31,74,133,54,118,84,85,136
[115] Received message from  57: 1|0,40,41,77,96,97,100,103,123,124,141,149,1,114,119,121,57,11,37,50,113,115,129,134
[ 21] Received message from  48: 1|0,40,41,77,96,97,100,103,123,124,141,149,1,31,74,133,9,54,118,34,39,66,70,3,81,83,95,28,33,48,49,92,138,21
[ 64] Sent Broadcast: 1|0,40,41,77,96,97,100,103,123,124,141,149,1,108,135,143,17,101,110,130,16,19,69,137,89,122,24,46,64,5,145,146
[ 33] Sent Broadcast: 1|0,40,41,77,96,97,100,103,123,124,141,149,1,31,74,133,9,54,118,34,39,66,70,3,81,83,95,28,33,48,49,92,138,21
[ 79] Received message from 144: 1|0,40,41,77,96,97,100,103,123,124,141,149,1,108,135,143,17,101,110,130,16,19,69,137,89,122,24,46,64,5,145,146,142,60,20,73,90,93,27,68,106,144,79,148
[  6] Received message from  66: 1|0,40,41,77,96,97,100,103,123,124,141,149,1,31,74,133,9,54,118,34,39,66,70,6,12,62,125
[ 27] Received message from  79: 1|0,40,41,77,96,97,100,103,123,124,141,149,1,108,135,143,17,101,110,130,19,69,137,13,25,56,75,99,2,79,148,27,144
[ 90] Received message from  60: 1|0,40,41,77,96,97,100,103,123,124,141,149,1,108,135,143,17,101,110,130,16,19,69,137,89,122,24,46,64,5,145,146,142,60,20,73,90,93
[  6] Received message from  70: 1|0,40,41,77,96,97,100,103,123,124,141,149,1,31,74,133,9,54,118,34,39,66,70,6,62,125,136
[ 48] Sent Broadcast: 1|0,40,41,77,96,97,100,103,123,124,141,149,1,31,74,133,9,54,118,34,39,66,70,3,81,83,95,28,33,48,49,92,138,21
[106] Received message from  20: 1|0,40,41,77,96,97,100,103,123,124,141,149,1,108,135,143,17,101,110,130,16,19,69,137,89,122,24,46,64,5,145,146,142,60,20,73,90,93,27,68,106
[  9] Sent Broadcast: 1|0,40,41,77,96,97,100,103,123,124,141,149,1,31,74,133,9,54,118,34,39,66,70
[ 48] Received message from  81: 1|0,40,41,77,96,97,100,103,123,124,141,149,1,31,74,133,9,54,118,34,39,66,70,3,81,83,95,28,33,48
[ 66] Received message from   6: 1|0,40,41,77,96,97,100,103,123,124,141,149,1,31,74,133,54,118,84,136,6,85,18,39,62,66,70,125
[ 49] Received message from   3: 1|0,40,41,77,96,97,100,103,123,124,141,149,1,31,74,133,9,54,118,34,39,66,70,3,81,83,95,28,33,48,49,92,138
[ 75] Received message from 137: 1|0,40,41,77,96,97,100,103,123,124,141,149,1,108,135,143,17,101,110,130,19,69,137,13,56,75
[120] Received message from 113: 1|0,40,41,77,96,97,100,103,123,124,141,149,1,114,119,121,57,11,37,50,113,115,129,134,59,80,120,131
[ 74] Received message from 141: 1|0,40,41,77,96,97,100,103,123,124,141,149,1,31,74,133
[ 12] Received message from  62: 1|0,40,41,77,96,97,100,103,123,124,141,149,1,31,74,133,54,118,84,136,6,85,18,39,62,66,70,125,12
[ 48] Received message from  83: 1|0,40,41,77,96,97,100,103,123,124,141,149,1,31,74,133,9,54,118,34,39,66,70,3,81,83,95,28,33,48,49,138
[ 21] Received message from  95: 1|0,40,41,77,96,97,100,103,123,124,141,149,1,31,74,133,9,54,118,34,39,66,70,3,81,83,95,21,28,33,48,49,92
[ 62] Received message from  39: 1|0,40,41,77,96,97,100,103,123,124,141,149,1,31,74,133,9,54,118,34,39,66,70,6,62,125,136
[ 18] Received message from  85: 1|0,40,41,77,96,97,100,103,123,124,141,149,1,31,74,133,54,118,84,85,136,6,18
[129] Sent Broadcast: 1|0,40,41,77,96,97,100,103,123,124,141,149,1,31,119,129,134,11,37,50,57
[123] Sent Broadcast: 1|0,40,41,77,96,97,100,103,123,124,141,149,1,108,114,119,135
[ 31] Received message from 149: 1|0,40,41,77,96,97,100,103,123,124,141,149,1,31,114,119,121,129
[ 57] Received message from 134: 1|0,40,41,77,96,97,100,103,123,124,141,149,1,31,119,129,134,10,11,37,50,57,111,115
[ 20] Sent Broadcast: 1|0,40,41,77,96,97,100,103,123,124,141,149,1,108,135,143,17,101,110,130,16,19,69,137,89,122,24,46,64,5,145,146,142,60,20,73,90,93,27,68,106
[ 21] Received message from  49: 1|0,40,41,77,96,97,100,103,123,124,141,149,1,31,74,133,9,54,118,34,39,66,70,3,81,83,95,28,33,48,49,92,138,21
[ 85] Received message from 136: 1|0,40,41,77,96,97,100,103,123,124,141,149,1,31,74,133,54,118,84,136,6,39,70,85,125
[ 34] Sent Broadcast: 1|0,40,41,77,96,97,100,103,123,124,141,149,1,31,74,133,9,54,118,34,39,66,70,3,81,83,95
[  1] Sent Broadcast: 1|0,40,41,77,96,97,100,103,123,124,141,149
[142] Received message from 146: 1|0,40,41,77,96,97,100,103,123,124,141,149,1,108,135,143,17,101,110,130,16,19,69,137,89,122,24,46,64,5,145,146,142
[ 68] Sent Broadcast: 1|0,40,41,77,96,97,100,103,123,124,141,149,1,108,135,143,17,101,110,130,16,19,69,137,89,122,24,46,64,5,145,146,142,60,20,73,90,93,27,68,106,144
[ 81] Sent Broadcast: 1|0,40,41,77,96,97,100,103,123,124,141,149,1,31,74,133,9,54,118,34,39,66,70,3,81,83,95,28,33,48
[146] Sent Broadcast: 1|0,40,41,77,96,97,100,103,123,124,141,149,1,108,135,143,17,101,110,130,16,19,69,137,89,122,24,46,64,5,145,146,142
[ 10] Received message from 115: 1|0,40,41,77,96,97,100,103,123,124,141,149,1,114,119,121,57,11,37,50,113,115,129,134,10,111
[ 72] Received message from 132: 1|40,41,77,96,97,100,103,123,124,141,149,1,114,119,121,57,11,37,50,113,115,129,134,59,80,120,131,132,147,72
[ 75] Received message from 130: 1|0,40,41,77,96,97,100,103,123,124,141,149,1,108,135,143,17,101,110,130,16,19,56,69,75,137
[144] Received message from  27: 1|0,40,41,77,96,97,100,103,123,124,141,149,1,108,135,143,17,101,110,130,16,19,69,137,89,122,24,46,64,5,145,146,142,60,20,73,90,93,27,68,106,79,144
[144] Received message from 106: 1|0,40,41,77,96,97,100,103,123,124,141,149,1,108,135,143,17,101,110,130,16,19,69,137,89,122,24,46,64,5,145,146,142,60,20,73,90,93,27,68,106,144
[137] Sent Broadcast: 1|0,40,41,77,96,97,100,103,123,124,141,149,1,108,135,143,17,101,110,130,19,69,137,13,56,75
[ 62] Sent Broadcast: 1|0,40,41,77,96,97,100,103,123,124,141,149,1,31,74,133,54,118,84,136,6,85,18,39,62,66,70,125,12
[148] Received message from   2: 1|0,40,41,77,96,97,100,103,123,124,141,149,1,108,135,143,17,101,110,130,19,69,137,13,25,56,75,99,2,79,148
[129] Received message from  57: 1|0,40,41,77,96,97,100,103,123,124,141,149,1,114,119,121,57,11,37,50,113,115,129,134
[ 49] Sent Broadcast: 1|0,40,41,77,96,97,100,103,123,124,141,149,1,31,74,133,9,54,118,34,39,66,70,3,81,83,95,28,33,48,49,92,138,21
[ 92] Received message from   3: 1|0,40,41,77,96,97,100,103,123,124,141,149,1,31,74,133,9,54,118,34,39,66,70,3,81,83,95,28,33,48,49,92,138
[119] Received message from 124: 1|0,40,41,77,96,97,100,103,123,124,141,149,1,31,114,119,121,129
[ 69] Received message from  75: 1|0,40,41,77,96,97,100,103,123,124,141,149,1,108,135,143,17,101,110,130,16,19,75,137,13,25,56,69
[ 12] Received message from  66: 1|0,40,41,77,96,97,100,103,123,124,141,149,1,31,74,133,9,54,118,34,39,66,70,6,12,62,125
[132] Received message from  80: 1|0,40,41,77,96,97,100,103,123,124,141,149,1,114,119,121,57,11,37,50,113,115,129,134,59,80,120,131,72,132,147
[147] Received message from  59: 1|0,40,41,77,96,97,100,103,123,124,141,149,1,114,119,121,57,11,37,50,113,115,129,134,59,80,120,131,132,147
[ 28] Received message from  95: 1|0,40,41,77,96,97,100,103,123,124,141,149,1,31,74,133,9,54,118,34,39,66,70,3,81,83,95,21,28,33,48,49,92
[114] Received message from 149: 1|0,40,41,77,96,97,100,103,123,124,141,149,1,31,114,119,121,129
[144] Received message from  79: 1|0,40,41,77,96,97,100,103,123,124,141,149,1,108,135,143,17,101,110,130,19,69,137,13,25,56,75,99,2,79,148,27,144
[111] Received message from 115: 1|0,40,41,77,96,97,100,103,123,124,141,149,1,114,119,121,57,11,37,50,113,115,129,134,10,111
[ 49] Received message from  83: 1|0,40,41,77,96,97,100,103,123,124,141,149,1,31,74,133,9,54,118,34,39,66,70,3,81,83,95,28,33,48,49,138
[148] Received message from 144: 1|0,40,41,77,96,97,100,103,123,124,141,149,1,108,135,143,17,101,110,130,16,19,69,137,89,122,24,46,64,5,145,146,142,60,20,73,90,93,27,68,106,144,79,148
[ 85] Sent Broadcast: 1|0,40,41,77,96,97,100,103,123,124,141,149,1,31,74,133,54,118,84,85,136,6,18
[132] Sent Broadcast: 1|40,41,77,96,97,100,103,123,124,141,149,1,114,119,121,57,11,37,50,113,115,129,134,59,80,120,131,132,147,72
[ 70] Received message from   6: 1|0,40,41,77,96,97,100,103,123,124,141,149,1,31,74,133,54,118,84,136,6,85,18,39,62,66,70,125
[ 27] Sent Broadcast: 1|0,40,41,77,96,97,100,103,123,124,141,149,1,108,135,143,17,101,110,130,16,19,69,137,89,122,24,46,64,5,145,146,142,60,20,73,90,93,27,68,106,79,144
[133] Received message from 141: 1|0,40,41,77,96,97,100,103,123,124,141,149,1,31,74,133
[125] Received message from  39: 1|0,40,41,77,96,97,100,103,123,124,141,149,1,31,74,133,9,54,118,34,39,66,70,6,62,125,136
[131] Received message from 113: 1|0,40,41,77,96,97,100,103,123,124,141,149,1,114,119,121,57,11,37,50,113,115,129,134,59,80,120,131
[ 21] Received message from  92: 1|0,40,41,77,96,97,100,103,123,124,141,149,1,31,74,133,9,54,118,34,39,66,70,3,81,83,95,28,33,48,49,92,138,21
[144] Sent Broadcast: 1|0,40,41,77,96,97,100,103,123,124,141,149,1,108,135,143,17,101,110,130,16,19,69,137,89,122,24,46,64,5,145,146,142,60,20,73,90,93,27,68,106,144,79,148
[  2] Sent Broadcast: 1|0,40,41,77,96,97,100,103,123,124,141,149,1,108,135,143,17,101,110,130,19,69,137,13,25,56,75,99,2,79,148
[ 75] Sent Broadcast: 1|0,40,41,77,96,97,100,103,123,124,141,149,1,108,135,143,17,101,110,130,16,19,75,137,13,25,56,69
[125] Received message from 136: 1|0,40,41,77,96,97,100,103,123,124,141,149,1,31,74,133,54,118,84,136,6,39,70,85,125
[ 92] Sent Broadcast: 1|0,40,41,77,96,97,100,103,123,124,141,149,1,31,74,133,9,54,118,34,39,66,70,3,81,83,95,28,33,48,49,92,138,21
[ 59] Sent Broadcast: 1|0,40,41,77,96,97,100,103,123,124,141,149,1,114,119,121,57,11,37,50,113,115,129,134,59,80,120,131,132,147
[115] Sent Broadcast: 1|0,40,41,77,96,97,100,103,123,124,141,149,1,114,119,121,57,11,37,50,113,115,129,134,10,111
[ 62] Received message from  70: 1|0,40,41,77,96,97,100,103,123,124,141,149,1,31,74,133,9,54,118,34,39,66,70,6,62,125,136
[106] Sent Broadcast: 1|0,40,41,77,96,97,100,103,123,124,141,149,1,108,135,143,17,101,110,130,16,19,69,137,89,122,24,46,64,5,145,146,142,60,20,73,90,93,27,68,106,144
[ 79] Sent Broadcast: 1|0,40,41,77,96,97,100,103,123,124,141,149,1,108,135,143,17,101,110,130,19,69,137,13,25,56,75,99,2,79,148,27,144
[  2] Received message from 148: 1|0,40,41,77,96,97,100,103,123,124,141,149,1,108,135,143,17,101,110,130,16,19,69,137,89,122,24,46,64,5,145,146,142,60,20,73,90,93,27,68,106,144,79,148,2
[111] Received message from 134: 1|0,40,41,77,96,97,100,103,123,124,141,149,1,31,119,129,134,10,11,37,50,57,111,115
[125] Received message from   6: 1|0,40,41,77,96,97,100,103,123,124,141,149,1,31,74,133,54,118,84,136,6,85,18,39,62,66,70,125
[134] Received message from  57: 1|0,40,41,77,96,97,100,103,123,124,141,149,1,114,119,121,57,11,37,50,113,115,129,134
[137] Received message from 130: 1|0,40,41,77,96,97,100,103,123,124,141,149,1,108,135,143,17,101,110,130,16,19,56,69,75,137
[ 93] Received message from  60: 1|0,40,41,77,96,97,100,103,123,124,141,149,1,108,135,143,17,101,110,130,16,19,69,137,89,122,24,46,64,5,145,146,142,60,20,73,90,93
[ 62] Received message from  66: 1|0,40,41,77,96,97,100,103,123,124,141,149,1,31,74,133,9,54,118,34,39,66,70,6,12,62,125
[138] Received message from   3: 1|0,40,41,77,96,97,100,103,123,124,141,149,1,31,74,133,9,54,118,34,39,66,70,3,81,83,95,28,33,48,49,92,138
[121] Received message from 124: 1|0,40,41,77,96,97,100,103,123,124,141,149,1,31,114,119,121,129
[113] Sent Broadcast: 1|0,40,41,77,96,97,100,103,123,124,141,149,1,114,119,121,57,11,37,50,113,115,129,134,59,80,120,131
[119] Received message from 149: 1|0,40,41,77,96,97,100,103,123,124,141,149,1,31,114,119,121,129
[141] Sent Broadcast: 1|0,40,41,77,96,97,100,103,123,124,141,149,1,31,74,133
[147] Received message from  80: 1|0,40,41,77,96,97,100,103,123,124,141,149,1,114,119,121,57,11,37,50,113,115,129,134,59,80,120,131,72,132,147
[ 33] Received message from  95: 1|0,40,41,77,96,97,100,103,123,124,141,149,1,31,74,133,9,54,118,34,39,66,70,3,81,83,95,21,28,33,48,49,92
[ 27] Received message from  93: 1|0,40,41,77,96,97,100,103,123,124,141,149,1,108,135,143,17,101,110,130,16,19,69,137,89,122,24,46,64,5,145,146,142,60,20,73,90,93,27,68,106
[ 72] Received message from 147: 1|40,41,77,96,97,100,103,123,124,141,149,1,114,119,121,57,11,37,50,113,115,129,134,59,80,120,131,132,147,72
[148] Sent Broadcast: 1|0,40,41,77,96,97,100,103,123,124,141,149,1,108,135,143,17,101,110,130,16,19,69,137,89,122,24,46,64,5,145,146,142,60,20,73,90,93,27,68,106,144,79,148,2
[ 45] Received message from 138: 1|0,40,41,77,96,97,100,103,123,124,141,149,1,31,74,133,9,54,118,34,39,66,70,3,81,83,95,28,33,48,49,92,138,45,107
[ 72] Received message from 131: 1|0,40,41,77,96,97,100,103,123,124,141,149,1,114,119,121,57,11,37,50,113,115,129,134,59,80,120,131,72,132,147
[ 57] Sent Broadcast: 1|0,40,41,77,96,97,100,103,123,124,141,149,1,114,119,121,57,11,37,50,113,115,129,134
[ 60] Sent Broadcast: 1|0,40,41,77,96,97,100,103,123,124,141,149,1,108,135,143,17,101,110,130,16,19,69,137,89,122,24,46,64,5,145,146,142,60,20,73,90,93
[130] Sent Broadcast: 1|0,40,41,77,96,97,100,103,123,124,141,149,1,108,135,143,17,101,110,130,16,19,56,69,75,137
[136] Received message from  39: 1|0,40,41,77,96,97,100,103,123,124,141,149,1,31,74,133,9,54,118,34,39,66,70,6,62,125,136
[138] Received message from  83: 1|0,40,41,77,96,97,100,103,123,124,141,149,1,31,74,133,9,54,118,34,39,66,70,3,81,83,95,28,33,48,49,138
[ 39] Sent Broadcast: 1|0,40,41,77,96,97,100,103,123,124,141,149,1,31,74,133,9,54,118,34,39,66,70,6,62,125,136
[  3] Sent Broadcast: 1|0,40,41,77,96,97,100,103,123,124,141,149,1,31,74,133,9,54,118,34,39,66,70,3,81,83,95,28,33,48,49,92,138
[ 80] Sent Broadcast: 1|0,40,41,77,96,97,100,103,123,124,141,149,1,114,119,121,57,11,37,50,113,115,129,134,59,80,120,131,72,132,147
[136] Sent Broadcast: 1|0,40,41,77,96,97,100,103,123,124,141,149,1,31,74,133,54,118,84,136,6,39,70,85,125
[ 83] Sent Broadcast: 1|0,40,41,77,96,97,100,103,123,124,141,149,1,31,74,133,9,54,118,34,39,66,70,3,81,83,95,28,33,48,49,138
[  6] Sent Broadcast: 1|0,40,41,77,96,97,100,103,123,124,141,149,1,31,74,133,54,118,84,136,6,85,18,39,62,66,70,125
[115] Received message from 134: 1|0,40,41,77,96,97,100,103,123,124,141,149,1,31,119,129,134,10,11,37,50,57,111,115
[147] Sent Broadcast: 1|40,41,77,96,97,100,103,123,124,141,149,1,114,119,121,57,11,37,50,113,115,129,134,59,80,120,131,132,147,72
[125] Received message from  70: 1|0,40,41,77,96,97,100,103,123,124,141,149,1,31,74,133,9,54,118,34,39,66,70,6,62,125,136
[ 29] Received message from  45: 1|0,40,41,77,96,97,100,103,123,124,141,149,1,31,74,133,9,54,118,34,39,66,70,3,81,83,95,28,33,48,49,92,138,45,107,29,112
[125] Received message from  66: 1|0,40,41,77,96,97,100,103,123,124,141,149,1,31,74,133,9,54,118,34,39,66,70,6,12,62,125
[132] Received message from 131: 1|0,40,41,77,96,97,100,103,123,124,141,149,1,114,119,121,57,11,37,50,113,115,129,134,59,80,120,131,72,132,147
[121] Received message from 149: 1|0,40,41,77,96,97,100,103,123,124,141,149,1,31,114,119,121,129
[134] Sent Broadcast: 1|0,40,41,77,96,97,100,103,123,124,141,149,1,31,119,129,134,10,11,37,50,57,111,115
[ 68] Received message from  93: 1|0,40,41,77,96,97,100,103,123,124,141,149,1,108,135,143,17,101,110,130,16,19,69,137,89,122,24,46,64,5,145,146,142,60,20,73,90,93,27,68,106
[ 48] Received message from  95: 1|0,40,41,77,96,97,100,103,123,124,141,149,1,31,74,133,9,54,118,34,39,66,70,3,81,83,95,21,28,33,48,49,92
[136] Received message from  70: 1|0,40,41,77,96,97,100,103,123,124,141,149,1,31,74,133,9,54,118,34,39,66,70,6,62,125,136
[107] Received message from 138: 1|0,40,41,77,96,97,100,103,123,124,141,149,1,31,74,133,9,54,118,34,39,66,70,3,81,83,95,28,33,48,49,92,138,45,107
[129] Received message from 124: 1|0,40,41,77,96,97,100,103,123,124,141,149,1,31,114,119,121,129
[129] Received message from 149: 1|0,40,41,77,96,97,100,103,123,124,141,149,1,31,114,119,121,129
[147] Received message from 131: 1|0,40,41,77,96,97,100,103,123,124,141,149,1,114,119,121,57,11,37,50,113,115,129,134,59,80,120,131,72,132,147
[ 52] Received message from 107: 1|0,40,41,77,96,97,100,103,123,124,141,149,1,31,74,133,9,54,118,34,39,66,70,3,81,83,95,28,33,48,49,92,138,45,107,52,78,104
[ 49] Received message from  95: 1|0,40,41,77,96,97,100,103,123,124,141,149,1,31,74,133,9,54,118,34,39,66,70,3,81,83,95,21,28,33,48,49,92
[ 70] Sent Broadcast: 1|0,40,41,77,96,97,100,103,123,124,141,149,1,31,74,133,9,54,118,34,39,66,70,6,62,125,136
[112] Received message from  45: 1|0,40,41,77,96,97,100,103,123,124,141,149,1,31,74,133,9,54,118,34,39,66,70,3,81,83,95,28,33,48,49,92,138,45,107,29,112
[ 66] Sent Broadcast: 1|0,40,41,77,96,97,100,103,123,124,141,149,1,31,74,133,9,54,118,34,39,66,70,6,12,62,125
[131] Sent Broadcast: 1|0,40,41,77,96,97,100,103,123,124,141,149,1,114,119,121,57,11,37,50,113,115,129,134,59,80,120,131,72,132,147
[  8] Received message from  29: 1|0,40,41,77,96,97,100,103,123,124,141,149,1,31,74,133,9,54,118,34,39,66,70,3,81,83,95,28,33,48,49,92,138,45,107,29,112,8,127
[106] Received message from  93: 1|0,40,41,77,96,97,100,103,123,124,141,149,1,108,135,143,17,101,110,130,16,19,69,137,89,122,24,46,64,5,145,146,142,60,20,73,90,93,27,68,106
[ 45] Sent Broadcast: 1|0,40,41,77,96,97,100,103,123,124,141,149,1,31,74,133,9,54,118,34,39,66,70,3,81,83,95,28,33,48,49,92,138,45,107,29,112
[124] Sent Broadcast: 1|0,40,41,77,96,97,100,103,123,124,141,149,1,31,114,119,121,129
[149] Sent Broadcast: 1|0,40,41,77,96,97,100,103,123,124,141,149,1,31,114,119,121,129
[138] Sent Broadcast: 1|0,40,41,77,96,97,100,103,123,124,141,149,1,31,74,133,9,54,118,34,39,66,70,3,81,83,95,28,33,48,49,92,138,45,107
[ 93] Sent Broadcast: 1|0,40,41,77,96,97,100,103,123,124,141,149,1,108,135,143,17,101,110,130,16,19,69,137,89,122,24,46,64,5,145,146,142,60,20,73,90,93,27,68,106
[ 26] Received message from   8: 1|0,40,41,77,96,97,100,103,123,124,141,149,1,31,74,133,9,54,118,34,39,66,70,3,81,83,95,28,33,48,49,92,138,45,107,29,112,8,127,26,53,61,82,150
[  8] Received message from 112: 1|0,40,41,77,96,97,100,103,123,124,141,149,1,31,74,133,9,54,118,34,39,66,70,3,81,83,95,28,33,48,49,92,138,45,107,29,112,8,53,61,127,150
[ 53] Received message from   8: 1|0,40,41,77,96,97,100,103,123,124,141,149,1,31,74,133,9,54,118,34,39,66,70,3,81,83,95,28,33,48,49,92,138,45,107,29,112,8,127,26,53,61,82,150
[ 92] Received message from  95: 1|0,40,41,77,96,97,100,103,123,124,141,149,1,31,74,133,9,54,118,34,39,66,70,3,81,83,95,21,28,33,48,49,92
[ 22] Received message from  26: 1|0,40,41,77,96,97,100,103,123,124,141,149,1,31,74,133,9,54,118,34,39,66,70,3,81,83,95,28,33,48,49,92,138,45,107,29,112,8,127,26,53,61,82,150,22,30,55,65,76
[ 53] Received message from 112: 1|0,40,41,77,96,97,100,103,123,124,141,149,1,31,74,133,9,54,118,34,39,66,70,3,81,83,95,28,33,48,49,92,138,45,107,29,112,8,53,61,127,150
[ 95] Sent Broadcast: 1|0,40,41,77,96,97,100,103,123,124,141,149,1,31,74,133,9,54,118,34,39,66,70,3,81,83,95,21,28,33,48,49,92
[127] Received message from  29: 1|0,40,41,77,96,97,100,103,123,124,141,149,1,31,74,133,9,54,118,34,39,66,70,3,81,83,95,28,33,48,49,92,138,45,107,29,112,8,127
[ 78] Received message from 107: 1|0,40,41,77,96,97,100,103,123,124,141,149,1,31,74,133,9,54,118,34,39,66,70,3,81,83,95,28,33,48,49,92,138,45,107,52,78,104
[ 36] Received message from  53: 1|0,40,41,77,96,97,100,103,123,124,141,149,1,31,74,133,9,54,118,34,39,66,70,3,81,83,95,28,33,48,49,92,138,45,107,29,112,8,127,26,53,61,82,150,36,42,51
[ 30] Received message from  26: 1|0,40,41,77,96,97,100,103,123,124,141,149,1,31,74,133,9,54,118,34,39,66,70,3,81,83,95,28,33,48,49,92,138,45,107,29,112,8,127,26,53,61,82,150,22,30,55,65,76
[ 29] Sent Broadcast: 1|0,40,41,77,96,97,100,103,123,124,141,149,1,31,74,133,9,54,118,34,39,66,70,3,81,83,95,28,33,48,49,92,138,45,107,29,112,8,127
[ 61] Received message from   8: 1|0,40,41,77,96,97,100,103,123,124,141,149,1,31,74,133,9,54,118,34,39,66,70,3,81,83,95,28,33,48,49,92,138,45,107,29,112,8,127,26,53,61,82,150
[ 53] Received message from 127: 1|0,40,41,77,96,97,100,103,123,124,141,149,1,31,74,133,9,54,118,34,39,66,70,3,81,83,95,28,33,48,49,92,138,45,107,29,112,8,127,53,61,150
[  7] Received message from  36: 1|0,40,41,77,96,97,100,103,123,124,141,149,1,31,74,133,9,54,118,34,39,66,70,3,81,83,95,28,33,48,49,92,138,45,107,29,112,8,127,26,53,61,82,150,36,42,51,7,14,22,44,86,87,98,139
[104] Received message from 107: 1|0,40,41,77,96,97,100,103,123,124,141,149,1,31,74,133,9,54,118,34,39,66,70,3,81,83,95,28,33,48,49,92,138,45,107,52,78,104
[ 61] Received message from 112: 1|0,40,41,77,96,97,100,103,123,124,141,149,1,31,74,133,9,54,118,34,39,66,70,3,81,83,95,28,33,48,49,92,138,45,107,29,112,8,53,61,127,150
[107] Sent Broadcast: 1|0,40,41,77,96,97,100,103,123,124,141,149,1,31,74,133,9,54,118,34,39,66,70,3,81,83,95,28,33,48,49,92,138,45,107,52,78,104
[ 42] Received message from  53: 1|0,40,41,77,96,97,100,103,123,124,141,149,1,31,74,133,9,54,118,34,39,66,70,3,81,83,95,28,33,48,49,92,138,45,107,29,112,8,127,26,53,61,82,150,36,42,51
[ 61] Received message from 127: 1|0,40,41,77,96,97,100,103,123,124,141,149,1,31,74,133,9,54,118,34,39,66,70,3,81,83,95,28,33,48,49,92,138,45,107,29,112,8,127,53,61,150
[ 55] Received message from  26: 1|0,40,41,77,96,97,100,103,123,124,141,149,1,31,74,133,9,54,118,34,39,66,70,3,81,83,95,28,33,48,49,92,138,45,107,29,112,8,127,26,53,61,82,150,22,30,55,65,76
[ 47] Received message from   7: 1|0,40,41,77,96,97,100,103,123,124,141,149,1,31,74,133,9,54,118,34,39,66,70,3,81,83,95,28,33,48,49,92,138,45,107,29,112,8,127,26,53,61,82,150,36,42,51,7,14,22,44,86,87,98,139,47,128
[ 23] Received message from  30: 1|0,40,41,77,96,97,100,103,123,124,141,149,1,31,74,133,9,54,118,34,39,66,70,3,81,83,95,28,33,48,49,92,138,45,107,29,112,8,127,26,53,61,82,150,22,30,55,65,76,23,32
[ 82] Received message from   8: 1|0,40,41,77,96,97,100,103,123,124,141,149,1,31,74,133,9,54,118,34,39,66,70,3,81,83,95,28,33,48,49,92,138,45,107,29,112,8,127,26,53,61,82,150
[  4] Received message from  22: 1|0,40,41,77,96,97,100,103,123,124,141,149,1,31,74,133,9,54,118,34,39,66,70,3,81,83,95,28,33,48,49,92,138,45,107,29,112,8,127,26,53,61,82,150,22,30,55,65,76,4,7,14,36,42,44,51,86,87,98,139
[ 65] Received message from  26: 1|0,40,41,77,96,97,100,103,123,124,141,149,1,31,74,133,9,54,118,34,39,66,70,3,81,83,95,28,33,48,49,92,138,45,107,29,112,8,127,26,53,61,82,150,22,30,55,65,76
[ 23] Received message from  55: 1|0,40,41,77,96,97,100,103,123,124,141,149,1,31,74,133,9,54,118,34,39,66,70,3,81,83,95,28,33,48,49,92,138,45,107,29,112,8,127,26,53,61,82,150,22,30,55,65,76,23
[ 55] Received message from  82: 1|0,40,41,77,96,97,100,103,123,124,141,149,1,31,74,133,9,54,118,34,39,66,70,3,81,83,95,28,33,48,49,92,138,45,107,29,112,8,127,26,53,61,82,150,55,65,76
[ 51] Received message from  53: 1|0,40,41,77,96,97,100,103,123,124,141,149,1,31,74,133,9,54,118,34,39,66,70,3,81,83,95,28,33,48,49,92,138,45,107,29,112,8,127,26,53,61,82,150,36,42,51
[  7] Received message from  61: 1|0,40,41,77,96,97,100,103,123,124,141,149,1,31,74,133,9,54,118,34,39,66,70,3,81,83,95,28,33,48,49,92,138,45,107,29,112,8,53,61,127,150,7,14,22,36,42,51,87,139
[127] Received message from 112: 1|0,40,41,77,96,97,100,103,123,124,141,149,1,31,74,133,9,54,118,34,39,66,70,3,81,83,95,28,33,48,49,92,138,45,107,29,112,8,53,61,127,150
[ 67] Received message from  23: 1|0,40,41,77,96,97,100,103,123,124,141,149,1,31,74,133,9,54,118,34,39,66,70,3,81,83,95,28,33,48,49,92,138,45,107,29,112,8,127,26,53,61,82,150,22,30,55,65,76,23,32,67
[ 14] Received message from  36: 1|0,40,41,77,96,97,100,103,123,124,141,149,1,31,74,133,9,54,118,34,39,66,70,3,81,83,95,28,33,48,49,92,138,45,107,29,112,8,127,26,53,61,82,150,36,42,51,7,14,22,44,86,87,98,139
[140] Received message from   4: 1|0,40,41,77,96,97,100,103,123,124,141,149,1,31,74,133,9,54,118,34,39,66,70,3,81,83,95,28,33,48,49,92,138,45,107,29,112,8,127,26,53,61,82,150,22,30,55,65,76,4,7,14,36,42,44,51,86,87,98,139,140
[  7] Received message from  42: 1|0,40,41,77,96,97,100,103,123,124,141,149,1,31,74,133,9,54,118,34,39,66,70,3,81,83,95,28,33,48,49,92,138,45,107,29,112,8,127,26,53,61,82,150,36,42,51,7,14,22,44,86,87,98,139
[150] Received message from 127: 1|0,40,41,77,96,97,100,103,123,124,141,149,1,31,74,133,9,54,118,34,39,66,70,3,81,83,95,28,33,48,49,92,138,45,107,29,112,8,127,53,61,150
[ 94] Received message from  67: 1|0,40,41,77,96,97,100,103,123,124,141,149,1,31,74,133,9,54,118,34,39,66,70,3,81,83,95,28,33,48,49,92,138,45,107,29,112,8,127,26,53,61,82,150,22,30,55,65,76,23,32,67,94
[ 23] Received message from  65: 1|0,40,41,77,96,97,100,103,123,124,141,149,1,31,74,133,9,54,118,34,39,66,70,3,81,83,95,28,33,48,49,92,138,45,107,29,112,8,127,26,53,61,82,150,22,30,55,65,76,23
[ 53] Sent Broadcast: 1|0,40,41,77,96,97,100,103,123,124,141,149,1,31,74,133,9,54,118,34,39,66,70,3,81,83,95,28,33,48,49,92,138,45,107,29,112,8,127,26,53,61,82,150,36,42,51
[ 23] Sent Broadcast: 1|0,40,41,77,96,97,100,103,123,124,141,149,1,31,74,133,9,54,118,34,39,66,70,3,81,83,95,28,33,48,49,92,138,45,107,29,112,8,127,26,53,61,82,150,22,30,55,65,76,23,32,67
[  4] Sent Broadcast: 1|0,40,41,77,96,97,100,103,123,124,141,149,1,31,74,133,9,54,118,34,39,66,70,3,81,83,95,28,33,48,49,92,138,45,107,29,112,8,127,26,53,61,82,150,22,30,55,65,76,4,7,14,36,42,44,51,86,87,98,139,140
[127] Sent Broadcast: 1|0,40,41,77,96,97,100,103,123,124,141,149,1,31,74,133,9,54,118,34,39,66,70,3,81,83,95,28,33,48,49,92,138,45,107,29,112,8,127,53,61,150
[ 67] Sent Broadcast: 1|0,40,41,77,96,97,100,103,123,124,141,149,1,31,74,133,9,54,118,34,39,66,70,3,81,83,95,28,33,48,49,92,138,45,107,29,112,8,127,26,53,61,82,150,22,30,55,65,76,23,32,67,94
[ 14] Received message from  61: 1|0,40,41,77,96,97,100,103,123,124,141,149,1,31,74,133,9,54,118,34,39,66,70,3,81,83,95,28,33,48,49,92,138,45,107,29,112,8,53,61,127,150,7,14,22,36,42,51,87,139
[ 55] Sent Broadcast: 1|0,40,41,77,96,97,100,103,123,124,141,149,1,31,74,133,9,54,118,34,39,66,70,3,81,83,95,28,33,48,49,92,138,45,107,29,112,8,127,26,53,61,82,150,22,30,55,65,76,23
[ 65] Sent Broadcast: 1|0,40,41,77,96,97,100,103,123,124,141,149,1,31,74,133,9,54,118,34,39,66,70,3,81,83,95,28,33,48,49,92,138,45,107,29,112,8,127,26,53,61,82,150,22,30,55,65,76,23
[ 32] Received message from  30: 1|0,40,41,77,96,97,100,103,123,124,141,149,1,31,74,133,9,54,118,34,39,66,70,3,81,83,95,28,33,48,49,92,138,45,107,29,112,8,127,26,53,61,82,150,22,30,55,65,76,23,32
[  4] Received message from  14: 1|0,40,41,77,96,97,100,103,123,124,141,149,1,31,74,133,9,54,118,34,39,66,70,3,81,83,95,28,33,48,49,92,138,45,107,29,112,8,127,26,53,61,82,150,36,42,51,7,14,22,44,86,87,98,139,4
[150] Received message from   8: 1|0,40,41,77,96,97,100,103,123,124,141,149,1,31,74,133,9,54,118,34,39,66,70,3,81,83,95,28,33,48,49,92,138,45,107,29,112,8,127,26,53,61,82,150
[150] Received message from 112: 1|0,40,41,77,96,97,100,103,123,124,141,149,1,31,74,133,9,54,118,34,39,66,70,3,81,83,95,28,33,48,49,92,138,45,107,29,112,8,53,61,127,150
[  7] Received message from  22: 1|0,40,41,77,96,97,100,103,123,124,141,149,1,31,74,133,9,54,118,34,39,66,70,3,81,83,95,28,33,48,49,92,138,45,107,29,112,8,127,26,53,61,82,150,22,30,55,65,76,4,7,14,36,42,44,51,86,87,98,139
[128] Received message from   7: 1|0,40,41,77,96,97,100,103,123,124,141,149,1,31,74,133,9,54,118,34,39,66,70,3,81,83,95,28,33,48,49,92,138,45,107,29,112,8,127,26,53,61,82,150,36,42,51,7,14,22,44,86,87,98,139,47,128
[  7] Received message from  51: 1|0,40,41,77,96,97,100,103,123,124,141,149,1,31,74,133,9,54,118,34,39,66,70,3,81,83,95,28,33,48,49,92,138,45,107,29,112,8,127,26,53,61,82,150,36,42,51,7,14,22,44,86,87,98,139
[ 30] Sent Broadcast: 1|0,40,41,77,96,97,100,103,123,124,141,149,1,31,74,133,9,54,118,34,39,66,70,3,81,83,95,28,33,48,49,92,138,45,107,29,112,8,127,26,53,61,82,150,22,30,55,65,76,23,32
[ 14] Sent Broadcast: 1|0,40,41,77,96,97,100,103,123,124,141,149,1,31,74,133,9,54,118,34,39,66,70,3,81,83,95,28,33,48,49,92,138,45,107,29,112,8,127,26,53,61,82,150,36,42,51,7,14,22,44,86,87,98,139,4
[  8] Sent Broadcast: 1|0,40,41,77,96,97,100,103,123,124,141,149,1,31,74,133,9,54,118,34,39,66,70,3,81,83,95,28,33,48,49,92,138,45,107,29,112,8,127,26,53,61,82,150
[ 65] Received message from  82: 1|0,40,41,77,96,97,100,103,123,124,141,149,1,31,74,133,9,54,118,34,39,66,70,3,81,83,95,28,33,48,49,92,138,45,107,29,112,8,127,26,53,61,82,150,55,65,76
[112] Sent Broadcast: 1|0,40,41,77,96,97,100,103,123,124,141,149,1,31,74,133,9,54,118,34,39,66,70,3,81,83,95,28,33,48,49,92,138,45,107,29,112,8,53,61,127,150
[ 76] Received message from  26: 1|0,40,41,77,96,97,100,103,123,124,141,149,1,31,74,133,9,54,118,34,39,66,70,3,81,83,95,28,33,48,49,92,138,45,107,29,112,8,127,26,53,61,82,150,22,30,55,65,76
[ 14] Received message from  42: 1|0,40,41,77,96,97,100,103,123,124,141,149,1,31,74,133,9,54,118,34,39,66,70,3,81,83,95,28,33,48,49,92,138,45,107,29,112,8,127,26,53,61,82,150,36,42,51,7,14,22,44,86,87,98,139
[ 22] Received message from  36: 1|0,40,41,77,96,97,100,103,123,124,141,149,1,31,74,133,9,54,118,34,39,66,70,3,81,83,95,28,33,48,49,92,138,45,107,29,112,8,127,26,53,61,82,150,36,42,51,7,14,22,44,86,87,98,139
[ 22] Received message from  61: 1|0,40,41,77,96,97,100,103,123,124,141,149,1,31,74,133,9,54,118,34,39,66,70,3,81,83,95,28,33,48,49,92,138,45,107,29,112,8,53,61,127,150,7,14,22,36,42,51,87,139
[  7] Received message from 150: 1|0,40,41,77,96,97,100,103,123,124,141,149,1,31,74,133,9,54,118,34,39,66,70,3,81,83,95,28,33,48,49,92,138,45,107,29,112,8,127,53,61,150,7,36,42,51
[ 76] Received message from  82: 1|0,40,41,77,96,97,100,103,123,124,141,149,1,31,74,133,9,54,118,34,39,66,70,3,81,83,95,28,33,48,49,92,138,45,107,29,112,8,127,26,53,61,82,150,55,65,76
[  7] Sent Broadcast: 1|0,40,41,77,96,97,100,103,123,124,141,149,1,31,74,133,9,54,118,34,39,66,70,3,81,83,95,28,33,48,49,92,138,45,107,29,112,8,127,26,53,61,82,150,36,42,51,7,14,22,44,86,87,98,139,47,128
[ 26] Sent Broadcast: 1|0,40,41,77,96,97,100,103,123,124,141,149,1,31,74,133,9,54,118,34,39,66,70,3,81,83,95,28,33,48,49,92,138,45,107,29,112,8,127,26,53,61,82,150,22,30,55,65,76
[ 14] Received message from  22: 1|0,40,41,77,96,97,100,103,123,124,141,149,1,31,74,133,9,54,118,34,39,66,70,3,81,83,95,28,33,48,49,92,138,45,107,29,112,8,127,26,53,61,82,150,22,30,55,65,76,4,7,14,36,42,44,51,86,87,98,139
[ 14] Received message from  51: 1|0,40,41,77,96,97,100,103,123,124,141,149,1,31,74,133,9,54,118,34,39,66,70,3,81,83,95,28,33,48,49,92,138,45,107,29,112,8,127,26,53,61,82,150,36,42,51,7,14,22,44,86,87,98,139
[ 82] Sent Broadcast: 1|0,40,41,77,96,97,100,103,123,124,141,149,1,31,74,133,9,54,118,34,39,66,70,3,81,83,95,28,33,48,49,92,138,45,107,29,112,8,127,26,53,61,82,150,55,65,76
[ 22] Received message from  42: 1|0,40,41,77,96,97,100,103,123,124,141,149,1,31,74,133,9,54,118,34,39,66,70,3,81,83,95,28,33,48,49,92,138,45,107,29,112,8,127,26,53,61,82,150,36,42,51,7,14,22,44,86,87,98,139
[ 36] Received message from 150: 1|0,40,41,77,96,97,100,103,123,124,141,149,1,31,74,133,9,54,118,34,39,66,70,3,81,83,95,28,33,48,49,92,138,45,107,29,112,8,127,53,61,150,7,36,42,51
[ 44] Received message from  36: 1|0,40,41,77,96,97,100,103,123,124,141,149,1,31,74,133,9,54,118,34,39,66,70,3,81,83,95,28,33,48,49,92,138,45,107,29,112,8,127,26,53,61,82,150,36,42,51,7,14,22,44,86,87,98,139
[ 42] Received message from 150: 1|0,40,41,77,96,97,100,103,123,124,141,149,1,31,74,133,9,54,118,34,39,66,70,3,81,83,95,28,33,48,49,92,138,45,107,29,112,8,127,53,61,150,7,36,42,51
[ 44] Received message from  42: 1|0,40,41,77,96,97,100,103,123,124,141,149,1,31,74,133,9,54,118,34,39,66,70,3,81,83,95,28,33,48,49,92,138,45,107,29,112,8,127,26,53,61,82,150,36,42,51,7,14,22,44,86,87,98,139
[ 51] Received message from 150: 1|0,40,41,77,96,97,100,103,123,124,141,149,1,31,74,133,9,54,118,34,39,66,70,3,81,83,95,28,33,48,49,92,138,45,107,29,112,8,127,53,61,150,7,36,42,51
[150] Sent Broadcast: 1|0,40,41,77,96,97,100,103,123,124,141,149,1,31,74,133,9,54,118,34,39,66,70,3,81,83,95,28,33,48,49,92,138,45,107,29,112,8,127,53,61,150,7,36,42,51
[ 47] Received message from  44: 1|0,40,41,77,96,97,100,103,123,124,141,149,1,31,74,133,9,54,118,34,39,66,70,3,81,83,95,28,33,48,49,92,138,45,107,29,112,8,127,26,53,61,82,150,36,42,51,7,14,22,44,86,87,98,139,47,128
[128] Received message from  44: 1|0,40,41,77,96,97,100,103,123,124,141,149,1,31,74,133,9,54,118,34,39,66,70,3,81,83,95,28,33,48,49,92,138,45,107,29,112,8,127,26,53,61,82,150,36,42,51,7,14,22,44,86,87,98,139,47,128
[ 44] Sent Broadcast: 1|0,40,41,77,96,97,100,103,123,124,141,149,1,31,74,133,9,54,118,34,39,66,70,3,81,83,95,28,33,48,49,92,138,45,107,29,112,8,127,26,53,61,82,150,36,42,51,7,14,22,44,86,87,98,139,47,128
[ 36] Received message from  61: 1|0,40,41,77,96,97,100,103,123,124,141,149,1,31,74,133,9,54,118,34,39,66,70,3,81,83,95,28,33,48,49,92,138,45,107,29,112,8,53,61,127,150,7,14,22,36,42,51,87,139
[ 36] Received message from  22: 1|0,40,41,77,96,97,100,103,123,124,141,149,1,31,74,133,9,54,118,34,39,66,70,3,81,83,95,28,33,48,49,92,138,45,107,29,112,8,127,26,53,61,82,150,22,30,55,65,76,4,7,14,36,42,44,51,86,87,98,139
[ 86] Received message from  36: 1|0,40,41,77,96,97,100,103,123,124,141,149,1,31,74,133,9,54,118,34,39,66,70,3,81,83,95,28,33,48,49,92,138,45,107,29,112,8,127,26,53,61,82,150,36,42,51,7,14,22,44,86,87,98,139
[ 86] Received message from  42: 1|0,40,41,77,96,97,100,103,123,124,141,149,1,31,74,133,9,54,118,34,39,66,70,3,81,83,95,28,33,48,49,92,138,45,107,29,112,8,127,26,53,61,82,150,36,42,51,7,14,22,44,86,87,98,139
[ 22] Received message from  51: 1|0,40,41,77,96,97,100,103,123,124,141,149,1,31,74,133,9,54,118,34,39,66,70,3,81,83,95,28,33,48,49,92,138,45,107,29,112,8,127,26,53,61,82,150,36,42,51,7,14,22,44,86,87,98,139
[  4] Received message from  86: 1|0,40,41,77,96,97,100,103,123,124,141,149,1,31,74,133,9,54,118,34,39,66,70,3,81,83,95,28,33,48,49,92,138,45,107,29,112,8,127,26,53,61,82,150,36,42,51,7,14,22,44,86,87,98,139,4,47,128
[ 44] Received message from  51: 1|0,40,41,77,96,97,100,103,123,124,141,149,1,31,74,133,9,54,118,34,39,66,70,3,81,83,95,28,33,48,49,92,138,45,107,29,112,8,127,26,53,61,82,150,36,42,51,7,14,22,44,86,87,98,139
[ 47] Received message from  86: 1|0,40,41,77,96,97,100,103,123,124,141,149,1,31,74,133,9,54,118,34,39,66,70,3,81,83,95,28,33,48,49,92,138,45,107,29,112,8,127,26,53,61,82,150,36,42,51,7,14,22,44,86,87,98,139,4,47,128
[ 42] Received message from  61: 1|0,40,41,77,96,97,100,103,123,124,141,149,1,31,74,133,9,54,118,34,39,66,70,3,81,83,95,28,33,48,49,92,138,45,107,29,112,8,53,61,127,150,7,14,22,36,42,51,87,139
[ 42] Received message from  22: 1|0,40,41,77,96,97,100,103,123,124,141,149,1,31,74,133,9,54,118,34,39,66,70,3,81,83,95,28,33,48,49,92,138,45,107,29,112,8,127,26,53,61,82,150,22,30,55,65,76,4,7,14,36,42,44,51,86,87,98,139
[ 86] Received message from  51: 1|0,40,41,77,96,97,100,103,123,124,141,149,1,31,74,133,9,54,118,34,39,66,70,3,81,83,95,28,33,48,49,92,138,45,107,29,112,8,127,26,53,61,82,150,36,42,51,7,14,22,44,86,87,98,139
[ 87] Received message from  36: 1|0,40,41,77,96,97,100,103,123,124,141,149,1,31,74,133,9,54,118,34,39,66,70,3,81,83,95,28,33,48,49,92,138,45,107,29,112,8,127,26,53,61,82,150,36,42,51,7,14,22,44,86,87,98,139
[ 47] Received message from  87: 1|0,40,41,77,96,97,100,103,123,124,141,149,1,31,74,133,9,54,118,34,39,66,70,3,81,83,95,28,33,48,49,92,138,45,107,29,112,8,127,26,53,61,82,150,36,42,51,7,14,22,44,86,87,98,139,47,128
[128] Received message from  86: 1|0,40,41,77,96,97,100,103,123,124,141,149,1,31,74,133,9,54,118,34,39,66,70,3,81,83,95,28,33,48,49,92,138,45,107,29,112,8,127,26,53,61,82,150,36,42,51,7,14,22,44,86,87,98,139,4,47,128
[ 51] Received message from  61: 1|0,40,41,77,96,97,100,103,123,124,141,149,1,31,74,133,9,54,118,34,39,66,70,3,81,83,95,28,33,48,49,92,138,45,107,29,112,8,53,61,127,150,7,14,22,36,42,51,87,139
[ 44] Received message from  22: 1|0,40,41,77,96,97,100,103,123,124,141,149,1,31,74,133,9,54,118,34,39,66,70,3,81,83,95,28,33,48,49,92,138,45,107,29,112,8,127,26,53,61,82,150,22,30,55,65,76,4,7,14,36,42,44,51,86,87,98,139
[ 87] Received message from  42: 1|0,40,41,77,96,97,100,103,123,124,141,149,1,31,74,133,9,54,118,34,39,66,70,3,81,83,95,28,33,48,49,92,138,45,107,29,112,8,127,26,53,61,82,150,36,42,51,7,14,22,44,86,87,98,139
[ 86] Sent Broadcast: 1|0,40,41,77,96,97,100,103,123,124,141,149,1,31,74,133,9,54,118,34,39,66,70,3,81,83,95,28,33,48,49,92,138,45,107,29,112,8,127,26,53,61,82,150,36,42,51,7,14,22,44,86,87,98,139,4,47,128
[ 87] Received message from  51: 1|0,40,41,77,96,97,100,103,123,124,141,149,1,31,74,133,9,54,118,34,39,66,70,3,81,83,95,28,33,48,49,92,138,45,107,29,112,8,127,26,53,61,82,150,36,42,51,7,14,22,44,86,87,98,139
[ 98] Received message from  36: 1|0,40,41,77,96,97,100,103,123,124,141,149,1,31,74,133,9,54,118,34,39,66,70,3,81,83,95,28,33,48,49,92,138,45,107,29,112,8,127,26,53,61,82,150,36,42,51,7,14,22,44,86,87,98,139
[128] Received message from  87: 1|0,40,41,77,96,97,100,103,123,124,141,149,1,31,74,133,9,54,118,34,39,66,70,3,81,83,95,28,33,48,49,92,138,45,107,29,112,8,127,26,53,61,82,150,36,42,51,7,14,22,44,86,87,98,139,47,128
[ 51] Received message from  22: 1|0,40,41,77,96,97,100,103,123,124,141,149,1,31,74,133,9,54,118,34,39,66,70,3,81,83,95,28,33,48,49,92,138,45,107,29,112,8,127,26,53,61,82,150,22,30,55,65,76,4,7,14,36,42,44,51,86,87,98,139
[ 98] Received message from  51: 1|0,40,41,77,96,97,100,103,123,124,141,149,1,31,74,133,9,54,118,34,39,66,70,3,81,83,95,28,33,48,49,92,138,45,107,29,112,8,127,26,53,61,82,150,36,42,51,7,14,22,44,86,87,98,139
[ 87] Sent Broadcast: 1|0,40,41,77,96,97,100,103,123,124,141,149,1,31,74,133,9,54,118,34,39,66,70,3,81,83,95,28,33,48,49,92,138,45,107,29,112,8,127,26,53,61,82,150,36,42,51,7,14,22,44,86,87,98,139,47,128
[ 87] Received message from  61: 1|0,40,41,77,96,97,100,103,123,124,141,149,1,31,74,133,9,54,118,34,39,66,70,3,81,83,95,28,33,48,49,92,138,45,107,29,112,8,53,61,127,150,7,14,22,36,42,51,87,139
[ 98] Received message from  42: 1|0,40,41,77,96,97,100,103,123,124,141,149,1,31,74,133,9,54,118,34,39,66,70,3,81,83,95,28,33,48,49,92,138,45,107,29,112,8,127,26,53,61,82,150,36,42,51,7,14,22,44,86,87,98,139
[ 86] Received message from  22: 1|0,40,41,77,96,97,100,103,123,124,141,149,1,31,74,133,9,54,118,34,39,66,70,3,81,83,95,28,33,48,49,92,138,45,107,29,112,8,127,26,53,61,82,150,22,30,55,65,76,4,7,14,36,42,44,51,86,87,98,139
[  4] Received message from  98: 1|0,40,41,77,96,97,100,103,123,124,141,149,1,31,74,133,9,54,118,34,39,66,70,3,81,83,95,28,33,48,49,92,138,45,107,29,112,8,127,26,53,61,82,150,36,42,51,7,14,22,44,86,87,98,139,4,47,128
[139] Received message from  36: 1|0,40,41,77,96,97,100,103,123,124,141,149,1,31,74,133,9,54,118,34,39,66,70,3,81,83,95,28,33,48,49,92,138,45,107,29,112,8,127,26,53,61,82,150,36,42,51,7,14,22,44,86,87,98,139
[ 36] Sent Broadcast: 1|0,40,41,77,96,97,100,103,123,124,141,149,1,31,74,133,9,54,118,34,39,66,70,3,81,83,95,28,33,48,49,92,138,45,107,29,112,8,127,26,53,61,82,150,36,42,51,7,14,22,44,86,87,98,139
[ 87] Received message from  22: 1|0,40,41,77,96,97,100,103,123,124,141,149,1,31,74,133,9,54,118,34,39,66,70,3,81,83,95,28,33,48,49,92,138,45,107,29,112,8,127,26,53,61,82,150,22,30,55,65,76,4,7,14,36,42,44,51,86,87,98,139
[ 47] Received message from  98: 1|0,40,41,77,96,97,100,103,123,124,141,149,1,31,74,133,9,54,118,34,39,66,70,3,81,83,95,28,33,48,49,92,138,45,107,29,112,8,127,26,53,61,82,150,36,42,51,7,14,22,44,86,87,98,139,4,47,128
[139] Received message from  51: 1|0,40,41,77,96,97,100,103,123,124,141,149,1,31,74,133,9,54,118,34,39,66,70,3,81,83,95,28,33,48,49,92,138,45,107,29,112,8,127,26,53,61,82,150,36,42,51,7,14,22,44,86,87,98,139
[ 51] Sent Broadcast: 1|0,40,41,77,96,97,100,103,123,124,141,149,1,31,74,133,9,54,118,34,39,66,70,3,81,83,95,28,33,48,49,92,138,45,107,29,112,8,127,26,53,61,82,150,36,42,51,7,14,22,44,86,87,98,139
[139] Received message from  42: 1|0,40,41,77,96,97,100,103,123,124,141,149,1,31,74,133,9,54,118,34,39,66,70,3,81,83,95,28,33,48,49,92,138,45,107,29,112,8,127,26,53,61,82,150,36,42,51,7,14,22,44,86,87,98,139
[128] Received message from  98: 1|0,40,41,77,96,97,100,103,123,124,141,149,1,31,74,133,9,54,118,34,39,66,70,3,81,83,95,28,33,48,49,92,138,45,107,29,112,8,127,26,53,61,82,150,36,42,51,7,14,22,44,86,87,98,139,4,47,128
[ 98] Received message from  22: 1|0,40,41,77,96,97,100,103,123,124,141,149,1,31,74,133,9,54,118,34,39,66,70,3,81,83,95,28,33,48,49,92,138,45,107,29,112,8,127,26,53,61,82,150,22,30,55,65,76,4,7,14,36,42,44,51,86,87,98,139
[  4] Received message from 139: 1|0,40,41,77,96,97,100,103,123,124,141,149,1,31,74,133,9,54,118,34,39,66,70,3,81,83,95,28,33,48,49,92,138,45,107,29,112,8,127,26,53,61,82,150,36,42,51,7,14,22,44,86,87,98,139,4,47,128
[ 98] Sent Broadcast: 1|0,40,41,77,96,97,100,103,123,124,141,149,1,31,74,133,9,54,118,34,39,66,70,3,81,83,95,28,33,48,49,92,138,45,107,29,112,8,127,26,53,61,82,150,36,42,51,7,14,22,44,86,87,98,139,4,47,128
[ 42] Sent Broadcast: 1|0,40,41,77,96,97,100,103,123,124,141,149,1,31,74,133,9,54,118,34,39,66,70,3,81,83,95,28,33,48,49,92,138,45,107,29,112,8,127,26,53,61,82,150,36,42,51,7,14,22,44,86,87,98,139
[139] Received message from  61: 1|0,40,41,77,96,97,100,103,123,124,141,149,1,31,74,133,9,54,118,34,39,66,70,3,81,83,95,28,33,48,49,92,138,45,107,29,112,8,53,61,127,150,7,14,22,36,42,51,87,139
[ 61] Sent Broadcast: 1|0,40,41,77,96,97,100,103,123,124,141,149,1,31,74,133,9,54,118,34,39,66,70,3,81,83,95,28,33,48,49,92,138,45,107,29,112,8,53,61,127,150,7,14,22,36,42,51,87,139
[139] Received message from  22: 1|0,40,41,77,96,97,100,103,123,124,141,149,1,31,74,133,9,54,118,34,39,66,70,3,81,83,95,28,33,48,49,92,138,45,107,29,112,8,127,26,53,61,82,150,22,30,55,65,76,4,7,14,36,42,44,51,86,87,98,139
[ 47] Received message from 139: 1|0,40,41,77,96,97,100,103,123,124,141,149,1,31,74,133,9,54,118,34,39,66,70,3,81,83,95,28,33,48,49,92,138,45,107,29,112,8,127,26,53,61,82,150,36,42,51,7,14,22,44,86,87,98,139,4,47,128
[ 22] Sent Broadcast: 1|0,40,41,77,96,97,100,103,123,124,141,149,1,31,74,133,9,54,118,34,39,66,70,3,81,83,95,28,33,48,49,92,138,45,107,29,112,8,127,26,53,61,82,150,22,30,55,65,76,4,7,14,36,42,44,51,86,87,98,139
[128] Received message from 139: 1|0,40,41,77,96,97,100,103,123,124,141,149,1,31,74,133,9,54,118,34,39,66,70,3,81,83,95,28,33,48,49,92,138,45,107,29,112,8,127,26,53,61,82,150,36,42,51,7,14,22,44,86,87,98,139,4,47,128
[139] Sent Broadcast: 1|0,40,41,77,96,97,100,103,123,124,141,149,1,31,74,133,9,54,118,34,39,66,70,3,81,83,95,28,33,48,49,92,138,45,107,29,112,8,127,26,53,61,82,150,36,42,51,7,14,22,44,86,87,98,139,4,47,128
