[ 16] Received message from   1: 1|0,16,33,75,99,135
[ 33] Received message from   1: 1|0,16,33,75,99,135
[ 75] Received message from   1: 1|0,16,33,75,99,135
[ 59] Received message from  33: 1|0,16,33,75,99,135,1,59,78
[ 99] Received message from   1: 1|0,16,33,75,99,135
[ 78] Received message from  33: 1|0,16,33,75,99,135,1,59,78
[ 53] Received message from  75: 1|0,16,33,75,99,135,1,53,59
[ 51] Received message from  59: 1|0,16,33,75,99,135,1,59,78,51,53,54,132
[ 42] Received message from  78: 1|0,16,33,75,99,135,1,59,78,42,120,134
[ 33] Sent Broadcast: 1|0,16,33,75,99,135,1,59,78
[135] Received message from   1: 1|0,16,33,75,99,135
[ 37] Received message from  53: 1|0,16,33,75,99,135,1,53,59,37,52,54,65,76,132
[ 25] Received message from  99: 1|0,16,33,75,99,135,1,25,50,51,112,118
[ 53] Received message from  59: 1|0,16,33,75,99,135,1,59,78,51,53,54,132
[100] Received message from  42: 1|0,16,33,75,99,135,1,59,78,42,120,134,100
[ 25] Received message from  51: 1|0,16,33,75,99,135,1,59,78,51,53,54,132,25,60,111
[ 45] Received message from  37: 1|0,16,33,75,99,135,1,53,59,37,52,54,65,76,132,45
[ 60] Received message from  25: 1|0,16,33,75,99,135,1,25,50,51,112,118,60,71,111
[  1] Sent Broadcast: 1|0,16,33,75,99,135
[ 59] Received message from  75: 1|0,16,33,75,99,135,1,53,59
[121] Received message from 100: 1|0,16,33,75,99,135,1,59,78,42,120,134,100,121
[ 21] Received message from  60: 1|0,16,33,75,99,135,1,25,50,51,112,118,60,71,111,21,32,55,83,145
[ 52] Received message from  53: 1|0,16,33,75,99,135,1,53,59,37,52,54,65,76,132
[ 42] Sent Broadcast: 1|0,16,33,75,99,135,1,59,78,42,120,134,100
[ 37] Sent Broadcast: 1|0,16,33,75,99,135,1,53,59,37,52,54,65,76,132,45
[ 75] Sent Broadcast: 1|0,16,33,75,99,135,1,53,59
[ 59] Received message from 135: 1|0,16,33,75,99,135,1,59
[ 50] Received message from  99: 1|0,16,33,75,99,135,1,25,50,51,112,118
[120] Received message from  78: 1|0,16,33,75,99,135,1,59,78,42,120,134
[ 86] Received message from 121: 1|0,16,33,75,99,135,1,59,78,42,120,134,100,121,86
[107] Received message from  45: 1|0,16,33,75,99,135,1,53,59,37,52,54,65,76,132,45,107
[135] Sent Broadcast: 1|0,16,33,75,99,135,1,59
[100] Sent Broadcast: 1|0,16,33,75,99,135,1,59,78,42,120,134,100,121
[ 54] Received message from  59: 1|0,16,33,75,99,135,1,59,78,51,53,54,132
[ 71] Received message from  25: 1|0,16,33,75,99,135,1,25,50,51,112,118,60,71,111
[ 82] Received message from 107: 1|0,16,33,75,99,135,1,53,59,37,52,54,65,76,132,45,107,82
[ 60] Received message from  51: 1|0,16,33,75,99,135,1,59,78,51,53,54,132,25,60,111
[ 43] Received message from 120: 1|0,16,33,75,99,135,1,59,78,42,120,134,43,100
[ 45] Sent Broadcast: 1|0,16,33,75,99,135,1,53,59,37,52,54,65,76,132,45,107
[121] Sent Broadcast: 1|0,16,33,75,99,135,1,59,78,42,120,134,100,121,86
[ 45] Received message from  52: 1|0,16,33,75,99,135,1,53,59,37,52,54,65,76,132,45
[ 32] Received message from  60: 1|0,16,33,75,99,135,1,25,50,51,112,118,60,71,111,21,32,55,83,145
[107] Sent Broadcast: 1|0,16,33,75,99,135,1,53,59,37,52,54,65,76,132,45,107,82
[ 52] Sent Broadcast: 1|0,16,33,75,99,135,1,53,59,37,52,54,65,76,132,45
[ 38] Received message from  21: 1|0,16,33,75,99,135,1,25,50,51,112,118,60,71,111,21,32,55,83,145,38,109
[ 51] Received message from  99: 1|0,16,33,75,99,135,1,25,50,51,112,118
[ 37] Received message from  54: 1|0,16,33,75,99,135,1,59,78,51,53,54,132,37,76
[109] Received message from  21: 1|0,16,33,75,99,135,1,25,50,51,112,118,60,71,111,21,32,55,83,145,38,109
[  7] Received message from  43: 1|0,16,33,75,99,135,1,59,78,42,120,134,43,100,7,30
[111] Received message from  25: 1|0,16,33,75,99,135,1,25,50,51,112,118,60,71,111
[134] Received message from  78: 1|0,16,33,75,99,135,1,59,78,42,120,134
[ 54] Received message from  53: 1|0,16,33,75,99,135,1,53,59,37,52,54,65,76,132
[ 47] Received message from  38: 1|0,16,33,75,99,135,1,25,50,51,112,118,60,71,111,21,32,55,83,145,38,109,47,105,115,138,147
[ 38] Received message from  71: 1|0,16,33,75,99,135,1,25,50,51,112,118,60,71,111,38
[132] Received message from  59: 1|0,16,33,75,99,135,1,59,78,51,53,54,132
[111] Received message from  51: 1|0,16,33,75,99,135,1,59,78,51,53,54,132,25,60,111
[ 36] Received message from  82: 1|0,16,33,75,99,135,1,53,59,37,52,54,65,76,132,45,107,82,36,117
[ 38] Received message from  32: 1|0,16,33,75,99,135,1,25,50,51,112,118,60,71,111,21,32,55,83,145,38,47,105,109,115,147
[ 32] Received message from 111: 1|0,16,33,75,99,135,1,25,50,51,112,118,60,71,111,32,38,55,145
[ 71] Sent Broadcast: 1|0,16,33,75,99,135,1,25,50,51,112,118,60,71,111,38
[ 25] Sent Broadcast: 1|0,16,33,75,99,135,1,25,50,51,112,118,60,71,111
[ 21] Sent Broadcast: 1|0,16,33,75,99,135,1,25,50,51,112,118,60,71,111,21,32,55,83,145,38,109
[ 51] Sent Broadcast: 1|0,16,33,75,99,135,1,59,78,51,53,54,132,25,60,111
[ 78] Sent Broadcast: 1|0,16,33,75,99,135,1,59,78,42,120,134
[112] Received message from  99: 1|0,16,33,75,99,135,1,25,50,51,112,118
[ 18] Received message from  47: 1|0,16,33,75,99,135,1,25,50,51,112,118,60,71,111,21,32,55,83,145,38,109,47,105,115,138,147,18,40
[ 37] Received message from 132: 1|0,16,33,75,99,135,1,59,78,51,53,54,132,37,45,52,65,76
[ 66] Received message from 109: 1|0,16,33,75,99,135,1,25,50,51,112,118,60,71,111,21,32,55,83,145,38,109,66,69,105,115
[ 76] Received message from  54: 1|0,16,33,75,99,135,1,59,78,51,53,54,132,37,76
[ 34] Received message from  36: 1|0,16,33,75,99,135,1,53,59,37,52,54,65,76,132,45,107,82,36,117,34,39
[ 55] Received message from  60: 1|0,16,33,75,99,135,1,25,50,51,112,118,60,71,111,21,32,55,83,145
[ 59] Sent Broadcast: 1|0,16,33,75,99,135,1,59,78,51,53,54,132
[ 54] Sent Broadcast: 1|0,16,33,75,99,135,1,59,78,51,53,54,132,37,76
[ 17] Received message from  66: 1|0,16,33,75,99,135,1,25,50,51,112,118,60,71,111,21,32,55,83,145,38,109,66,69,105,115,17,81
[ 80] Received message from  18: 1|0,16,33,75,99,135,1,25,50,51,112,118,60,71,111,21,32,55,83,145,38,109,47,105,115,138,147,18,40,80,140
[ 65] Received message from  53: 1|0,16,33,75,99,135,1,53,59,37,52,54,65,76,132
[100] Received message from 120: 1|0,16,33,75,99,135,1,59,78,42,120,134,43,100
[100] Received message from 134: 1|0,16,33,75,99,135,1,59,78,42,120,134,100
[ 30] Received message from  43: 1|0,16,33,75,99,135,1,59,78,42,120,134,43,100,7,30
[118] Received message from  99: 1|0,16,33,75,99,135,1,25,50,51,112,118
[ 44] Received message from   7: 1|0,16,33,75,99,135,1,59,78,42,120,134,43,100,7,30,44,114,119
[ 83] Received message from  60: 1|0,16,33,75,99,135,1,25,50,51,112,118,60,71,111,21,32,55,83,145
[117] Received message from  82: 1|0,16,33,75,99,135,1,53,59,37,52,54,65,76,132,45,107,82,36,117
[ 69] Received message from 109: 1|0,16,33,75,99,135,1,25,50,51,112,118,60,71,111,21,32,55,83,145,38,109,66,69,105,115
[ 45] Received message from 132: 1|0,16,33,75,99,135,1,59,78,51,53,54,132,37,45,52,65,76
[ 40] Received message from  47: 1|0,16,33,75,99,135,1,25,50,51,112,118,60,71,111,21,32,55,83,145,38,109,47,105,115,138,147,18,40
[105] Received message from  38: 1|0,16,33,75,99,135,1,25,50,51,112,118,60,71,111,21,32,55,83,145,38,109,47,105,115,138,147
[ 11] Received message from  34: 1|0,16,33,75,99,135,1,53,59,37,52,54,65,76,132,45,107,82,36,117,34,39,11,98,137
[ 43] Sent Broadcast: 1|0,16,33,75,99,135,1,59,78,42,120,134,43,100,7,30
[134] Sent Broadcast: 1|0,16,33,75,99,135,1,59,78,42,120,134,100
[120] Sent Broadcast: 1|0,16,33,75,99,135,1,59,78,42,120,134,43,100
[ 39] Received message from  36: 1|0,16,33,75,99,135,1,53,59,37,52,54,65,76,132,45,107,82,36,117,34,39
[ 99] Sent Broadcast: 1|0,16,33,75,99,135,1,25,50,51,112,118
[ 52] Received message from  76: 1|0,16,33,75,99,135,1,59,78,51,53,54,132,37,76,52,65
[ 47] Received message from  32: 1|0,16,33,75,99,135,1,25,50,51,112,118,60,71,111,21,32,55,83,145,38,47,105,109,115,147
[ 38] Received message from 111: 1|0,16,33,75,99,135,1,25,50,51,112,118,60,71,111,32,38,55,145
[110] Received message from  80: 1|0,16,33,75,99,135,1,25,50,51,112,118,60,71,111,21,32,55,83,145,38,109,47,105,115,138,147,18,40,80,140,110,144
[ 36] Sent Broadcast: 1|0,16,33,75,99,135,1,53,59,37,52,54,65,76,132,45,107,82,36,117,34,39
[ 11] Received message from 117: 1|0,16,33,75,99,135,1,53,59,37,52,54,65,76,132,45,107,82,36,117,11,34,39,98
[ 47] Sent Broadcast: 1|0,16,33,75,99,135,1,25,50,51,112,118,60,71,111,21,32,55,83,145,38,109,47,105,115,138,147,18,40
[ 82] Sent Broadcast: 1|0,16,33,75,99,135,1,53,59,37,52,54,65,76,132,45,107,82,36,117
[ 80] Received message from  40: 1|0,16,33,75,99,135,1,25,50,51,112,118,60,71,111,21,32,55,83,145,38,109,47,105,115,138,147,18,40,80,110,140,144
[ 38] Received message from  55: 1|0,16,33,75,99,135,1,25,50,51,112,118,60,71,111,21,32,55,83,145,38,47,105,109,115,147
[ 81] Received message from  66: 1|0,16,33,75,99,135,1,25,50,51,112,118,60,71,111,21,32,55,83,145,38,109,66,69,105,115,17,81
[140] Received message from  18: 1|0,16,33,75,99,135,1,25,50,51,112,118,60,71,111,21,32,55,83,145,38,109,47,105,115,138,147,18,40,80,140
[ 13] Received message from  17: 1|0,16,33,75,99,135,1,25,50,51,112,118,60,71,111,21,32,55,83,145,38,109,66,69,105,115,17,81,13,93,142
[122] Received message from  11: 1|0,16,33,75,99,135,1,53,59,37,52,54,65,76,132,45,107,82,36,117,34,39,11,98,137,122,125
[ 11] Received message from  39: 1|0,16,33,75,99,135,1,53,59,37,52,54,65,76,132,45,107,82,36,117,34,39,11,98,122
[ 76] Received message from  53: 1|0,16,33,75,99,135,1,53,59,37,52,54,65,76,132
[ 38] Received message from  83: 1|0,16,33,75,99,135,1,25,50,51,112,118,60,71,111,21,32,55,83,145,38,105,109,115,147
[ 65] Received message from  76: 1|0,16,33,75,99,135,1,59,78,51,53,54,132,37,76,52,65
[145] Received message from  60: 1|0,16,33,75,99,135,1,25,50,51,112,118,60,71,111,21,32,55,83,145
[ 34] Received message from 117: 1|0,16,33,75,99,135,1,53,59,37,52,54,65,76,132,45,107,82,36,117,11,34,39,98
[ 66] Sent Broadcast: 1|0,16,33,75,99,135,1,25,50,51,112,118,60,71,111,21,32,55,83,145,38,109,66,69,105,115,17,81
[114] Received message from   7: 1|0,16,33,75,99,135,1,59,78,42,120,134,43,100,7,30,44,114,119
[ 18] Sent Broadcast: 1|0,16,33,75,99,135,1,25,50,51,112,118,60,71,111,21,32,55,83,145,38,109,47,105,115,138,147,18,40,80,140
[ 82] Received message from  65: 1|0,16,33,75,99,135,1,53,59,37,52,54,65,76,132,82
[146] Received message from 110: 1|0,16,33,75,99,135,1,25,50,51,112,118,60,71,111,21,32,55,83,145,38,109,47,105,115,138,147,18,40,80,140,110,144,146
[115] Received message from  38: 1|0,16,33,75,99,135,1,25,50,51,112,118,60,71,111,21,32,55,83,145,38,109,47,105,115,138,147
[ 98] Received message from  34: 1|0,16,33,75,99,135,1,53,59,37,52,54,65,76,132,45,107,82,36,117,34,39,11,98,137
[ 52] Received message from 132: 1|0,16,33,75,99,135,1,59,78,51,53,54,132,37,45,52,65,76
[ 23] Received message from  44: 1|0,16,33,75,99,135,1,59,78,42,120,134,43,100,7,30,44,114,119,23,31
[105] Received message from 109: 1|0,16,33,75,99,135,1,25,50,51,112,118,60,71,111,21,32,55,83,145,38,109,66,69,105,115
[ 95] Received message from  69: 1|0,16,33,75,99,135,1,25,50,51,112,118,60,71,111,21,32,55,83,145,38,109,66,69,105,115,95,108,124
[ 76] Sent Broadcast: 1|0,16,33,75,99,135,1,59,78,51,53,54,132,37,76,52,65
[ 60] Sent Broadcast: 1|0,16,33,75,99,135,1,25,50,51,112,118,60,71,111,21,32,55,83,145
[ 47] Received message from  55: 1|0,16,33,75,99,135,1,25,50,51,112,118,60,71,111,21,32,55,83,145,38,47,105,109,115,147
[125] Received message from  11: 1|0,16,33,75,99,135,1,53,59,37,52,54,65,76,132,45,107,82,36,117,34,39,11,98,137,122,125
[104] Received message from 122: 1|0,16,33,75,99,135,1,53,59,37,52,54,65,76,132,45,107,82,36,117,34,39,11,98,137,122,125,104
[ 38] Received message from 145: 1|0,16,33,75,99,135,1,25,50,51,112,118,60,71,111,21,32,55,83,145,38,47,105,109,115,147
[144] Received message from  80: 1|0,16,33,75,99,135,1,25,50,51,112,118,60,71,111,21,32,55,83,145,38,109,47,105,115,138,147,18,40,80,140,110,144
[ 69] Received message from 105: 1|0,16,33,75,99,135,1,25,50,51,112,118,60,71,111,21,32,55,83,145,38,109,47,105,115,138,147,69,124,144
[ 98] Received message from  13: 1|0,16,33,75,99,135,1,25,50,51,112,118,60,71,111,21,32,55,83,145,38,109,66,69,105,115,17,81,13,93,142,98,137
[ 65] Sent Broadcast: 1|0,16,33,75,99,135,1,53,59,37,52,54,65,76,132,82
[ 93] Received message from  17: 1|0,16,33,75,99,135,1,25,50,51,112,118,60,71,111,21,32,55,83,145,38,109,66,69,105,115,17,81,13,93,142
[ 13] Received message from  81: 1|0,16,33,75,99,135,1,25,50,51,112,118,60,71,111,21,32,55,83,145,38,109,66,69,105,115,17,81,13,93,142
[ 55] Received message from 111: 1|0,16,33,75,99,135,1,25,50,51,112,118,60,71,111,32,38,55,145
[110] Sent Broadcast: 1|0,16,33,75,99,135,1,25,50,51,112,118,60,71,111,21,32,55,83,145,38,109,47,105,115,138,147,18,40,80,140,110,144,146
[ 72] Received message from 146: 1|0,16,33,75,99,135,1,25,50,51,112,118,60,71,111,21,32,55,83,145,38,109,47,105,115,138,147,18,40,80,140,110,144,146,72,124
[110] Received message from  40: 1|0,16,33,75,99,135,1,25,50,51,112,118,60,71,111,21,32,55,83,145,38,109,47,105,115,138,147,18,40,80,110,140,144
[ 39] Received message from 117: 1|0,16,33,75,99,135,1,53,59,37,52,54,65,76,132,45,107,82,36,117,11,34,39,98
[ 40] Received message from 115: 1|0,16,33,75,99,135,1,25,50,51,112,118,60,71,111,21,32,55,83,145,38,109,47,105,115,138,147,40,144
[ 13] Received message from  98: 1|0,16,33,75,99,135,1,53,59,37,52,54,65,76,132,45,107,82,36,117,34,39,11,98,137,13,93,142
[105] Received message from  32: 1|0,16,33,75,99,135,1,25,50,51,112,118,60,71,111,21,32,55,83,145,38,47,105,109,115,147
[ 72] Received message from 144: 1|0,16,33,75,99,135,1,25,50,51,112,118,60,71,111,21,32,55,83,145,38,109,47,105,115,138,147,18,40,80,140,110,144,72,124,146
[119] Received message from   7: 1|0,16,33,75,99,135,1,59,78,42,120,134,43,100,7,30,44,114,119
[ 23] Received message from 114: 1|0,16,33,75,99,135,1,59,78,42,120,134,43,100,7,30,44,114,119,23
[105] Received message from  83: 1|0,16,33,75,99,135,1,25,50,51,112,118,60,71,111,21,32,55,83,145,38,105,109,115,147
[103] Received message from 104: 1|0,16,33,75,99,135,1,53,59,37,52,54,65,76,132,45,107,82,36,117,34,39,11,98,137,122,125,104,103
[ 31] Received message from  44: 1|0,16,33,75,99,135,1,59,78,42,120,134,43,100,7,30,44,114,119,23,31
[132] Received message from  53: 1|0,16,33,75,99,135,1,53,59,37,52,54,65,76,132
[115] Received message from 109: 1|0,16,33,75,99,135,1,25,50,51,112,118,60,71,111,21,32,55,83,145,38,109,66,69,105,115
[ 98] Received message from  39: 1|0,16,33,75,99,135,1,53,59,37,52,54,65,76,132,45,107,82,36,117,34,39,11,98,122
[ 62] Received message from 103: 1|0,16,33,75,99,135,1,53,59,37,52,54,65,76,132,45,107,82,36,117,34,39,11,98,137,122,125,104,103,62,64,70,87,139
[105] Received message from  55: 1|0,16,33,75,99,135,1,25,50,51,112,118,60,71,111,21,32,55,83,145,38,47,105,109,115,147
[ 65] Received message from 132: 1|0,16,33,75,99,135,1,59,78,51,53,54,132,37,45,52,65,76
[ 41] Received message from  31: 1|0,16,33,75,99,135,1,59,78,42,120,134,43,100,7,30,44,114,119,23,31,41
[  7] Sent Broadcast: 1|0,16,33,75,99,135,1,59,78,42,120,134,43,100,7,30,44,114,119
[ 11] Sent Broadcast: 1|0,16,33,75,99,135,1,53,59,37,52,54,65,76,132,45,107,82,36,117,34,39,11,98,137,122,125
[ 80] Sent Broadcast: 1|0,16,33,75,99,135,1,25,50,51,112,118,60,71,111,21,32,55,83,145,38,109,47,105,115,138,147,18,40,80,140,110,144
[138] Received message from  38: 1|0,16,33,75,99,135,1,25,50,51,112,118,60,71,111,21,32,55,83,145,38,109,47,105,115,138,147
[ 22] Received message from  95: 1|0,16,33,75,99,135,1,25,50,51,112,118,60,71,111,21,32,55,83,145,38,109,66,69,105,115,95,108,124,22,27,72
[122] Sent Broadcast: 1|0,16,33,75,99,135,1,53,59,37,52,54,65,76,132,45,107,82,36,117,34,39,11,98,137,122,125,104
[137] Received message from  34: 1|0,16,33,75,99,135,1,53,59,37,52,54,65,76,132,45,107,82,36,117,34,39,11,98,137
[ 23] Received message from 119: 1|0,16,33,75,99,135,1,59,78,42,120,134,43,100,7,30,44,114,119,23,31
[ 98] Received message from  93: 1|0,16,33,75,99,135,1,25,50,51,112,118,60,71,111,21,32,55,83,145,38,109,66,69,105,115,17,81,13,93,142,98,137
[ 22] Received message from  72: 1|0,16,33,75,99,135,1,25,50,51,112,118,60,71,111,21,32,55,83,145,38,109,47,105,115,138,147,18,40,80,140,110,144,72,124,146,22,95,108
[ 34] Sent Broadcast: 1|0,16,33,75,99,135,1,53,59,37,52,54,65,76,132,45,107,82,36,117,34,39,11,98,137
[144] Received message from 115: 1|0,16,33,75,99,135,1,25,50,51,112,118,60,71,111,21,32,55,83,145,38,109,47,105,115,138,147,40,144
[114] Sent Broadcast: 1|0,16,33,75,99,135,1,59,78,42,120,134,43,100,7,30,44,114,119,23
[ 53] Sent Broadcast: 1|0,16,33,75,99,135,1,53,59,37,52,54,65,76,132
[ 44] Sent Broadcast: 1|0,16,33,75,99,135,1,59,78,42,120,134,43,100,7,30,44,114,119,23,31
[ 98] Received message from 117: 1|0,16,33,75,99,135,1,53,59,37,52,54,65,76,132,45,107,82,36,117,11,34,39,98
[109] Sent Broadcast: 1|0,16,33,75,99,135,1,25,50,51,112,118,60,71,111,21,32,55,83,145,38,109,66,69,105,115
[ 31] Sent Broadcast: 1|0,16,33,75,99,135,1,59,78,42,120,134,43,100,7,30,44,114,119,23,31,41
[ 47] Received message from 145: 1|0,16,33,75,99,135,1,25,50,51,112,118,60,71,111,21,32,55,83,145,38,47,105,109,115,147
[104] Sent Broadcast: 1|0,16,33,75,99,135,1,53,59,37,52,54,65,76,132,45,107,82,36,117,34,39,11,98,137,122,125,104,103
[109] Received message from  32: 1|0,16,33,75,99,135,1,25,50,51,112,118,60,71,111,21,32,55,83,145,38,47,105,109,115,147
[108] Received message from  69: 1|0,16,33,75,99,135,1,25,50,51,112,118,60,71,111,21,32,55,83,145,38,109,66,69,105,115,95,108,124
[124] Received message from 105: 1|0,16,33,75,99,135,1,25,50,51,112,118,60,71,111,21,32,55,83,145,38,109,47,105,115,138,147,69,124,144
[ 27] Received message from  22: 1|0,16,33,75,99,135,1,25,50,51,112,118,60,71,111,21,32,55,83,145,38,109,47,105,115,138,147,18,40,80,140,110,144,72,124,146,22,95,108,27
[145] Received message from 111: 1|0,16,33,75,99,135,1,25,50,51,112,118,60,71,111,32,38,55,145
[ 93] Received message from  81: 1|0,16,33,75,99,135,1,25,50,51,112,118,60,71,111,21,32,55,83,145,38,109,66,69,105,115,17,81,13,93,142
[ 28] Received message from  41: 1|0,16,33,75,99,135,1,59,78,42,120,134,43,100,7,30,44,114,119,23,31,41,28,79,131,136
[124] Received message from 146: 1|0,16,33,75,99,135,1,25,50,51,112,118,60,71,111,21,32,55,83,145,38,109,47,105,115,138,147,18,40,80,140,110,144,146,72,124
[ 13] Received message from 137: 1|0,16,33,75,99,135,1,53,59,37,52,54,65,76,132,45,107,82,36,117,34,39,11,98,137,13,93,122,125,142
[109] Received message from  83: 1|0,16,33,75,99,135,1,25,50,51,112,118,60,71,111,21,32,55,83,145,38,105,109,115,147
[104] Received message from 125: 1|0,16,33,75,99,135,1,53,59,37,52,54,65,76,132,45,107,82,36,117,34,39,11,98,137,122,125,104,142
[115] Sent Broadcast: 1|0,16,33,75,99,135,1,25,50,51,112,118,60,71,111,21,32,55,83,145,38,109,47,105,115,138,147,40,144
[137] Received message from  13: 1|0,16,33,75,99,135,1,25,50,51,112,118,60,71,111,21,32,55,83,145,38,109,66,69,105,115,17,81,13,93,142,98,137
[147] Received message from  38: 1|0,16,33,75,99,135,1,25,50,51,112,118,60,71,111,21,32,55,83,145,38,109,47,105,115,138,147
[140] Received message from  40: 1|0,16,33,75,99,135,1,25,50,51,112,118,60,71,111,21,32,55,83,145,38,109,47,105,115,138,147,18,40,80,110,140,144
[ 18] Received message from 138: 1|0,16,33,75,99,135,1,25,50,51,112,118,60,71,111,21,32,55,83,145,38,109,47,105,115,138,147,18,40,80,140,144
[  8] Received message from  27: 1|0,16,33,75,99,135,1,25,50,51,112,118,60,71,111,21,32,55,83,145,38,109,47,105,115,138,147,18,40,80,140,110,144,72,124,146,22,95,108,27,8,48
[142] Received message from  17: 1|0,16,33,75,99,135,1,25,50,51,112,118,60,71,111,21,32,55,83,145,38,109,66,69,105,115,17,81,13,93,142
[109] Received message from  55: 1|0,16,33,75,99,135,1,25,50,51,112,118,60,71,111,21,32,55,83,145,38,47,105,109,115,147
[111] Sent Broadcast: 1|0,16,33,75,99,135,1,25,50,51,112,118,60,71,111,32,38,55,145
[ 22] Sent Broadcast: 1|0,16,33,75,99,135,1,25,50,51,112,118,60,71,111,21,32,55,83,145,38,109,47,105,115,138,147,18,40,80,140,110,144,72,124,146,22,95,108,27
[ 76] Received message from 132: 1|0,16,33,75,99,135,1,59,78,51,53,54,132,37,45,52,65,76
[ 13] Sent Broadcast: 1|0,16,33,75,99,135,1,25,50,51,112,118,60,71,111,21,32,55,83,145,38,109,66,69,105,115,17,81,13,93,142,98,137
[144] Received message from  40: 1|0,16,33,75,99,135,1,25,50,51,112,118,60,71,111,21,32,55,83,145,38,109,47,105,115,138,147,18,40,80,110,140,144
[132] Sent Broadcast: 1|0,16,33,75,99,135,1,59,78,51,53,54,132,37,45,52,65,76
[ 38] Sent Broadcast: 1|0,16,33,75,99,135,1,25,50,51,112,118,60,71,111,21,32,55,83,145,38,109,47,105,115,138,147
[117] Sent Broadcast: 1|0,16,33,75,99,135,1,53,59,37,52,54,65,76,132,45,107,82,36,117,11,34,39,98
[122] Received message from  39: 1|0,16,33,75,99,135,1,53,59,37,52,54,65,76,132,45,107,82,36,117,34,39,11,98,122
[ 22] Received message from 108: 1|0,16,33,75,99,135,1,25,50,51,112,118,60,71,111,21,32,55,83,145,38,109,66,69,105,115,95,108,124,22,27,72
[ 93] Received message from  98: 1|0,16,33,75,99,135,1,53,59,37,52,54,65,76,132,45,107,82,36,117,34,39,11,98,137,13,93,142
[115] Received message from  32: 1|0,16,33,75,99,135,1,25,50,51,112,118,60,71,111,21,32,55,83,145,38,47,105,109,115,147
[ 74] Received message from  28: 1|0,16,33,75,99,135,1,59,78,42,120,134,43,100,7,30,44,114,119,23,31,41,28,79,131,136,74,102,143
[144] Received message from 105: 1|0,16,33,75,99,135,1,25,50,51,112,118,60,71,111,21,32,55,83,145,38,109,47,105,115,138,147,69,124,144
[ 98] Received message from 142: 1|0,16,33,75,99,135,1,25,50,51,112,118,60,71,111,21,32,55,83,145,38,109,66,69,105,115,17,81,13,93,142,98,125,137
[ 31] Received message from 119: 1|0,16,33,75,99,135,1,59,78,42,120,134,43,100,7,30,44,114,119,23,31
[105] Received message from 145: 1|0,16,33,75,99,135,1,25,50,51,112,118,60,71,111,21,32,55,83,145,38,47,105,109,115,147
[ 27] Received message from  95: 1|0,16,33,75,99,135,1,25,50,51,112,118,60,71,111,21,32,55,83,145,38,109,66,69,105,115,95,108,124,22,27,72
[115] Received message from  83: 1|0,16,33,75,99,135,1,25,50,51,112,118,60,71,111,21,32,55,83,145,38,105,109,115,147
[ 64] Received message from 103: 1|0,16,33,75,99,135,1,53,59,37,52,54,65,76,132,45,107,82,36,117,34,39,11,98,137,122,125,104,103,62,64,70,87,139
[124] Received message from 144: 1|0,16,33,75,99,135,1,25,50,51,112,118,60,71,111,21,32,55,83,145,38,109,47,105,115,138,147,18,40,80,140,110,144,72,124,146
[ 22] Received message from 124: 1|16,33,75,99,135,1,25,50,51,112,118,60,71,111,21,32,55,83,145,38,109,47,105,115,138,147,69,124,144,22,72,95,108,146
[ 39] Sent Broadcast: 1|0,16,33,75,99,135,1,53,59,37,52,54,65,76,132,45,107,82,36,117,34,39,11,98,122
[ 17] Sent Broadcast: 1|0,16,33,75,99,135,1,25,50,51,112,118,60,71,111,21,32,55,83,145,38,109,66,69,105,115,17,81,13,93,142
[146] Sent Broadcast: 1|0,16,33,75,99,135,1,25,50,51,112,118,60,71,111,21,32,55,83,145,38,109,47,105,115,138,147,18,40,80,140,110,144,146,72,124
[ 40] Sent Broadcast: 1|0,16,33,75,99,135,1,25,50,51,112,118,60,71,111,21,32,55,83,145,38,109,47,105,115,138,147,18,40,80,110,140,144
[ 95] Received message from  72: 1|0,16,33,75,99,135,1,25,50,51,112,118,60,71,111,21,32,55,83,145,38,109,47,105,115,138,147,18,40,80,140,110,144,72,124,146,22,95,108
[142] Received message from  81: 1|0,16,33,75,99,135,1,25,50,51,112,118,60,71,111,21,32,55,83,145,38,109,66,69,105,115,17,81,13,93,142
[ 48] Received message from  27: 1|0,16,33,75,99,135,1,25,50,51,112,118,60,71,111,21,32,55,83,145,38,109,47,105,115,138,147,18,40,80,140,110,144,72,124,146,22,95,108,27,8,48
[ 40] Received message from 147: 1|0,16,33,75,99,135,1,25,50,51,112,118,60,71,111,21,32,55,83,145,38,109,47,105,115,138,147,40
[137] Received message from  93: 1|0,16,33,75,99,135,1,25,50,51,112,118,60,71,111,21,32,55,83,145,38,109,66,69,105,115,17,81,13,93,142,98,137
[115] Received message from  55: 1|0,16,33,75,99,135,1,25,50,51,112,118,60,71,111,21,32,55,83,145,38,47,105,109,115,147
[ 79] Received message from  41: 1|0,16,33,75,99,135,1,59,78,42,120,134,43,100,7,30,44,114,119,23,31,41,28,79,131,136
[ 40] Received message from 138: 1|0,16,33,75,99,135,1,25,50,51,112,118,60,71,111,21,32,55,83,145,38,109,47,105,115,138,147,18,40,80,140,144
[ 89] Received message from  48: 1|0,16,33,75,99,135,1,25,50,51,112,118,60,71,111,21,32,55,83,145,38,109,47,105,115,138,147,18,40,80,140,110,144,72,124,146,22,95,108,27,8,48,89
[119] Sent Broadcast: 1|0,16,33,75,99,135,1,59,78,42,120,134,43,100,7,30,44,114,119,23,31
[124] Received message from  69: 1|0,16,33,75,99,135,1,25,50,51,112,118,60,71,111,21,32,55,83,145,38,109,66,69,105,115,95,108,124
[ 93] Received message from 137: 1|0,16,33,75,99,135,1,53,59,37,52,54,65,76,132,45,107,82,36,117,34,39,11,98,137,13,93,122,125,142
[105] Sent Broadcast: 1|0,16,33,75,99,135,1,25,50,51,112,118,60,71,111,21,32,55,83,145,38,109,47,105,115,138,147,69,124,144
[142] Received message from 125: 1|0,16,33,75,99,135,1,53,59,37,52,54,65,76,132,45,107,82,36,117,34,39,11,98,137,122,125,104,142
[ 48] Sent Broadcast: 1|0,16,33,75,99,135,1,25,50,51,112,118,60,71,111,21,32,55,83,145,38,109,47,105,115,138,147,18,40,80,140,110,144,72,124,146,22,95,108,27,8,48,89
[147] Sent Broadcast: 1|0,16,33,75,99,135,1,25,50,51,112,118,60,71,111,21,32,55,83,145,38,109,47,105,115,138,147,40
[ 27] Sent Broadcast: 1|0,16,33,75,99,135,1,25,50,51,112,118,60,71,111,21,32,55,83,145,38,109,47,105,115,138,147,18,40,80,140,110,144,72,124,146,22,95,108,27,8,48
[ 81] Sent Broadcast: 1|0,16,33,75,99,135,1,25,50,51,112,118,60,71,111,21,32,55,83,145,38,109,66,69,105,115,17,81,13,93,142
[ 93] Sent Broadcast: 1|0,16,33,75,99,135,1,25,50,51,112,118,60,71,111,21,32,55,83,145,38,109,66,69,105,115,17,81,13,93,142,98,137
[109] Received message from 145: 1|0,16,33,75,99,135,1,25,50,51,112,118,60,71,111,21,32,55,83,145,38,47,105,109,115,147
[ 69] Sent Broadcast: 1|0,16,33,75,99,135,1,25,50,51,112,118,60,71,111,21,32,55,83,145,38,109,66,69,105,115,95,108,124
[125] Sent Broadcast: 1|0,16,33,75,99,135,1,53,59,37,52,54,65,76,132,45,107,82,36,117,34,39,11,98,137,122,125,104,142
[142] Received message from  98: 1|0,16,33,75,99,135,1,53,59,37,52,54,65,76,132,45,107,82,36,117,34,39,11,98,137,13,93,142
[125] Received message from 142: 1|0,16,33,75,99,135,1,25,50,51,112,118,60,71,111,21,32,55,83,145,38,109,66,69,105,115,17,81,13,93,142,98,125,137
[115] Received message from 145: 1|0,16,33,75,99,135,1,25,50,51,112,118,60,71,111,21,32,55,83,145,38,47,105,109,115,147
[147] Received message from  32: 1|0,16,33,75,99,135,1,25,50,51,112,118,60,71,111,21,32,55,83,145,38,47,105,109,115,147
[ 87] Received message from  89: 1|0,16,33,75,99,135,1,25,50,51,112,118,60,71,111,21,32,55,83,145,38,109,47,105,115,138,147,18,40,80,140,110,144,72,124,146,22,95,108,27,8,48,89,87
[102] Received message from  28: 1|0,16,33,75,99,135,1,59,78,42,120,134,43,100,7,30,44,114,119,23,31,41,28,79,131,136,74,102,143
[122] Received message from 137: 1|0,16,33,75,99,135,1,53,59,37,52,54,65,76,132,45,107,82,36,117,34,39,11,98,137,13,93,122,125,142
[ 27] Received message from 108: 1|0,16,33,75,99,135,1,25,50,51,112,118,60,71,111,21,32,55,83,145,38,109,66,69,105,115,95,108,124,22,27,72
[131] Received message from  41: 1|0,16,33,75,99,135,1,59,78,42,120,134,43,100,7,30,44,114,119,23,31,41,28,79,131,136
[146] Received message from 144: 1|0,16,33,75,99,135,1,25,50,51,112,118,60,71,111,21,32,55,83,145,38,109,47,105,115,138,147,18,40,80,140,110,144,72,124,146
[ 72] Received message from  95: 1|0,16,33,75,99,135,1,25,50,51,112,118,60,71,111,21,32,55,83,145,38,109,66,69,105,115,95,108,124,22,27,72
[147] Received message from  83: 1|0,16,33,75,99,135,1,25,50,51,112,118,60,71,111,21,32,55,83,145,38,105,109,115,147
[ 80] Received message from 138: 1|0,16,33,75,99,135,1,25,50,51,112,118,60,71,111,21,32,55,83,145,38,109,47,105,115,138,147,18,40,80,140,144
[ 70] Received message from 103: 1|0,16,33,75,99,135,1,53,59,37,52,54,65,76,132,45,107,82,36,117,34,39,11,98,137,122,125,104,103,62,64,70,87,139
[147] Received message from  55: 1|0,16,33,75,99,135,1,25,50,51,112,118,60,71,111,21,32,55,83,145,38,47,105,109,115,147
[ 10] Received message from  87: 1|0,16,33,75,99,135,1,25,50,51,112,118,60,71,111,21,32,55,83,145,38,109,47,105,115,138,147,18,40,80,140,110,144,72,124,146,22,95,108,27,8,48,89,87,10,103
[ 98] Sent Broadcast: 1|0,16,33,75,99,135,1,53,59,37,52,54,65,76,132,45,107,82,36,117,34,39,11,98,137,13,93,142
[ 72] Received message from 124: 1|16,33,75,99,135,1,25,50,51,112,118,60,71,111,21,32,55,83,145,38,109,47,105,115,138,147,69,124,144,22,72,95,108,146
[ 89] Sent Broadcast: 1|0,16,33,75,99,135,1,25,50,51,112,118,60,71,111,21,32,55,83,145,38,109,47,105,115,138,147,18,40,80,140,110,144,72,124,146,22,95,108,27,8,48,89,87
[108] Received message from  72: 1|0,16,33,75,99,135,1,25,50,51,112,118,60,71,111,21,32,55,83,145,38,109,47,105,115,138,147,18,40,80,140,110,144,72,124,146,22,95,108
[ 83] Sent Broadcast: 1|0,16,33,75,99,135,1,25,50,51,112,118,60,71,111,21,32,55,83,145,38,105,109,115,147
[ 55] Sent Broadcast: 1|0,16,33,75,99,135,1,25,50,51,112,118,60,71,111,21,32,55,83,145,38,47,105,109,115,147
[ 32] Sent Broadcast: 1|0,16,33,75,99,135,1,25,50,51,112,118,60,71,111,21,32,55,83,145,38,47,105,109,115,147
[147] Received message from 145: 1|0,16,33,75,99,135,1,25,50,51,112,118,60,71,111,21,32,55,83,145,38,47,105,109,115,147
[ 72] Sent Broadcast: 1|0,16,33,75,99,135,1,25,50,51,112,118,60,71,111,21,32,55,83,145,38,109,47,105,115,138,147,18,40,80,140,110,144,72,124,146,22,95,108
[144] Sent Broadcast: 1|0,16,33,75,99,135,1,25,50,51,112,118,60,71,111,21,32,55,83,145,38,109,47,105,115,138,147,18,40,80,140,110,144,72,124,146
[ 95] Sent Broadcast: 1|0,16,33,75,99,135,1,25,50,51,112,118,60,71,111,21,32,55,83,145,38,109,66,69,105,115,95,108,124,22,27,72
[145] Sent Broadcast: 1|0,16,33,75,99,135,1,25,50,51,112,118,60,71,111,21,32,55,83,145,38,47,105,109,115,147
[102] Received message from 131: 1|0,16,33,75,99,135,1,59,78,42,120,134,43,100,7,30,44,114,119,23,31,41,28,79,131,136,102
[137] Received message from 142: 1|0,16,33,75,99,135,1,25,50,51,112,118,60,71,111,21,32,55,83,145,38,109,66,69,105,115,17,81,13,93,142,98,125,137
[136] Received message from  41: 1|0,16,33,75,99,135,1,59,78,42,120,134,43,100,7,30,44,114,119,23,31,41,28,79,131,136
[125] Received message from 137: 1|0,16,33,75,99,135,1,53,59,37,52,54,65,76,132,45,107,82,36,117,34,39,11,98,137,13,93,122,125,142
[140] Received message from 138: 1|0,16,33,75,99,135,1,25,50,51,112,118,60,71,111,21,32,55,83,145,38,109,47,105,115,138,147,18,40,80,140,144
[ 72] Received message from 108: 1|0,16,33,75,99,135,1,25,50,51,112,118,60,71,111,21,32,55,83,145,38,109,66,69,105,115,95,108,124,22,27,72
[ 95] Received message from 124: 1|16,33,75,99,135,1,25,50,51,112,118,60,71,111,21,32,55,83,145,38,109,47,105,115,138,147,69,124,144,22,72,95,108,146
[143] Received message from  28: 1|0,16,33,75,99,135,1,59,78,42,120,134,43,100,7,30,44,114,119,23,31,41,28,79,131,136,74,102,143
[108] Sent Broadcast: 1|0,16,33,75,99,135,1,25,50,51,112,118,60,71,111,21,32,55,83,145,38,109,66,69,105,115,95,108,124,22,27,72
[128] Received message from  70: 1|0,16,33,75,99,135,1,53,59,37,52,54,65,76,132,45,107,82,36,117,34,39,11,98,137,122,125,104,103,62,64,70,87,139,128
[131] Sent Broadcast: 1|0,16,33,75,99,135,1,59,78,42,120,134,43,100,7,30,44,114,119,23,31,41,28,79,131,136,102
[ 87] Received message from 103: 1|0,16,33,75,99,135,1,53,59,37,52,54,65,76,132,45,107,82,36,117,34,39,11,98,137,122,125,104,103,62,64,70,87,139
[103] Received message from  87: 1|0,16,33,75,99,135,1,25,50,51,112,118,60,71,111,21,32,55,83,145,38,109,47,105,115,138,147,18,40,80,140,110,144,72,124,146,22,95,108,27,8,48,89,87,10,103
[ 96] Received message from  10: 1|0,16,33,75,99,135,1,25,50,51,112,118,60,71,111,21,32,55,83,145,38,109,47,105,115,138,147,18,40,80,140,110,144,72,124,146,22,95,108,27,8,48,89,87,10,103,96,127
[ 74] Received message from 136: 1|0,16,33,75,99,135,1,59,78,42,120,134,43,100,7,30,44,114,119,23,31,41,28,79,131,136,74,102,143
[ 70] Sent Broadcast: 1|0,16,33,75,99,135,1,53,59,37,52,54,65,76,132,45,107,82,36,117,34,39,11,98,137,122,125,104,103,62,64,70,87,139,128
[ 41] Sent Broadcast: 1|0,16,33,75,99,135,1,59,78,42,120,134,43,100,7,30,44,114,119,23,31,41,28,79,131,136
[142] Sent Broadcast: 1|0,16,33,75,99,135,1,25,50,51,112,118,60,71,111,21,32,55,83,145,38,109,66,69,105,115,17,81,13,93,142,98,125,137
[ 24] Received message from 143: 1|0,16,33,75,99,135,1,59,78,42,120,134,43,100,7,30,44,114,119,23,31,41,28,79,131,136,74,102,143,24,90
[ 28] Sent Broadcast: 1|0,16,33,75,99,135,1,59,78,42,120,134,43,100,7,30,44,114,119,23,31,41,28,79,131,136,74,102,143
[ 87] Sent Broadcast: 1|0,16,33,75,99,135,1,25,50,51,112,118,60,71,111,21,32,55,83,145,38,109,47,105,115,138,147,18,40,80,140,110,144,72,124,146,22,95,108,27,8,48,89,87,10,103
[ 88] Received message from 128: 1|0,16,33,75,99,135,1,53,59,37,52,54,65,76,132,45,107,82,36,117,34,39,11,98,137,122,125,104,103,62,64,70,87,139,128,88,113,141,149
[  2] Received message from  96: 1|0,16,33,75,99,135,1,25,50,51,112,118,60,71,111,21,32,55,83,145,38,109,47,105,115,138,147,18,40,80,140,110,144,72,124,146,22,95,108,27,8,48,89,87,10,103,96,127,2,14,46,63,123
[139] Received message from 103: 1|0,16,33,75,99,135,1,53,59,37,52,54,65,76,132,45,107,82,36,117,34,39,11,98,137,122,125,104,103,62,64,70,87,139
[127] Received message from  10: 1|0,16,33,75,99,135,1,25,50,51,112,118,60,71,111,21,32,55,83,145,38,109,47,105,115,138,147,18,40,80,140,110,144,72,124,146,22,95,108,27,8,48,89,87,10,103,96,127
[144] Received message from 138: 1|0,16,33,75,99,135,1,25,50,51,112,118,60,71,111,21,32,55,83,145,38,109,47,105,115,138,147,18,40,80,140,144
[  6] Received message from  24: 1|0,16,33,75,99,135,1,59,78,42,120,134,43,100,7,30,44,114,119,23,31,41,28,79,131,136,74,102,143,24,90,6,20,56,61,126,150
[142] Received message from 137: 1|0,16,33,75,99,135,1,53,59,37,52,54,65,76,132,45,107,82,36,117,34,39,11,98,137,13,93,122,125,142
[103] Sent Broadcast: 1|0,16,33,75,99,135,1,53,59,37,52,54,65,76,132,45,107,82,36,117,34,39,11,98,137,122,125,104,103,62,64,70,87,139
[108] Received message from 124: 1|16,33,75,99,135,1,25,50,51,112,118,60,71,111,21,32,55,83,145,38,109,47,105,115,138,147,69,124,144,22,72,95,108,146
[102] Received message from 136: 1|0,16,33,75,99,135,1,59,78,42,120,134,43,100,7,30,44,114,119,23,31,41,28,79,131,136,74,102,143
[138] Sent Broadcast: 1|0,16,33,75,99,135,1,25,50,51,112,118,60,71,111,21,32,55,83,145,38,109,47,105,115,138,147,18,40,80,140,144
[113] Received message from 128: 1|0,16,33,75,99,135,1,53,59,37,52,54,65,76,132,45,107,82,36,117,34,39,11,98,137,122,125,104,103,62,64,70,87,139,128,88,113,141,149
[ 10] Sent Broadcast: 1|0,16,33,75,99,135,1,25,50,51,112,118,60,71,111,21,32,55,83,145,38,109,47,105,115,138,147,18,40,80,140,110,144,72,124,146,22,95,108,27,8,48,89,87,10,103,96,127
[146] Received message from 124: 1|16,33,75,99,135,1,25,50,51,112,118,60,71,111,21,32,55,83,145,38,109,47,105,115,138,147,69,124,144,22,72,95,108,146
[ 90] Received message from 143: 1|0,16,33,75,99,135,1,59,78,42,120,134,43,100,7,30,44,114,119,23,31,41,28,79,131,136,74,102,143,24,90
[ 15] Received message from   2: 1|0,16,33,75,99,135,1,25,50,51,112,118,60,71,111,21,32,55,83,145,38,109,47,105,115,138,147,18,40,80,140,110,144,72,124,146,22,95,108,27,8,48,89,87,10,103,96,127,2,14,46,63,123,15,94,130
[  2] Received message from 127: 1|0,16,33,75,99,135,1,25,50,51,112,118,60,71,111,21,32,55,83,145,38,109,47,105,115,138,147,18,40,80,140,110,144,72,124,146,22,95,108,27,8,48,89,87,10,103,96,127,2,14,26,46,63,123,130
[  4] Received message from   6: 1|0,16,33,75,99,135,1,59,78,42,120,134,43,100,7,30,44,114,119,23,31,41,28,79,131,136,74,102,143,24,90,6,20,56,61,126,150,4,57,97,116,133
[ 20] Received message from  24: 1|0,16,33,75,99,135,1,59,78,42,120,134,43,100,7,30,44,114,119,23,31,41,28,79,131,136,74,102,143,24,90,6,20,56,61,126,150
[143] Received message from 136: 1|0,16,33,75,99,135,1,59,78,42,120,134,43,100,7,30,44,114,119,23,31,41,28,79,131,136,74,102,143
[124] Sent Broadcast: 1|16,33,75,99,135,1,25,50,51,112,118,60,71,111,21,32,55,83,145,38,109,47,105,115,138,147,69,124,144,22,72,95,108,146
[ 14] Received message from  96: 1|0,16,33,75,99,135,1,25,50,51,112,118,60,71,111,21,32,55,83,145,38,109,47,105,115,138,147,18,40,80,140,110,144,72,124,146,22,95,108,27,8,48,89,87,10,103,96,127,2,14,46,63,123
[137] Sent Broadcast: 1|0,16,33,75,99,135,1,53,59,37,52,54,65,76,132,45,107,82,36,117,34,39,11,98,137,13,93,122,125,142
[143] Sent Broadcast: 1|0,16,33,75,99,135,1,59,78,42,120,134,43,100,7,30,44,114,119,23,31,41,28,79,131,136,74,102,143,24,90
[141] Received message from 128: 1|0,16,33,75,99,135,1,53,59,37,52,54,65,76,132,45,107,82,36,117,34,39,11,98,137,122,125,104,103,62,64,70,87,139,128,88,113,141,149
[  6] Received message from  90: 1|0,16,33,75,99,135,1,59,78,42,120,134,43,100,7,30,44,114,119,23,31,41,28,79,131,136,74,102,143,24,90,6,56,61,73,77,97,116,150
[ 46] Received message from  96: 1|0,16,33,75,99,135,1,25,50,51,112,118,60,71,111,21,32,55,83,145,38,109,47,105,115,138,147,18,40,80,140,110,144,72,124,146,22,95,108,27,8,48,89,87,10,103,96,127,2,14,46,63,123
[ 94] Received message from   2: 1|0,16,33,75,99,135,1,25,50,51,112,118,60,71,111,21,32,55,83,145,38,109,47,105,115,138,147,18,40,80,140,110,144,72,124,146,22,95,108,27,8,48,89,87,10,103,96,127,2,14,46,63,123,15,94,130
[ 49] Received message from  88: 1|0,16,33,75,99,135,1,53,59,37,52,54,65,76,132,45,107,82,36,117,34,39,11,98,137,122,125,104,103,62,64,70,87,139,128,88,113,141,149,49,92,106
[136] Sent Broadcast: 1|0,16,33,75,99,135,1,59,78,42,120,134,43,100,7,30,44,114,119,23,31,41,28,79,131,136,74,102,143
[ 15] Received message from  14: 1|0,16,33,75,99,135,1,25,50,51,112,118,60,71,111,21,32,55,83,145,38,109,47,105,115,138,147,18,40,80,140,110,144,72,124,146,22,95,108,27,8,48,89,87,10,103,96,127,2,14,46,63,123,15,94
[  9] Received message from   4: 1|0,16,33,75,99,135,1,59,78,42,120,134,43,100,7,30,44,114,119,23,31,41,28,79,131,136,74,102,143,24,90,6,20,56,61,126,150,4,57,97,116,133,9,12,101,129
[149] Received message from 128: 1|0,16,33,75,99,135,1,53,59,37,52,54,65,76,132,45,107,82,36,117,34,39,11,98,137,122,125,104,103,62,64,70,87,139,128,88,113,141,149
[ 56] Received message from  24: 1|0,16,33,75,99,135,1,59,78,42,120,134,43,100,7,30,44,114,119,23,31,41,28,79,131,136,74,102,143,24,90,6,20,56,61,126,150
[ 63] Received message from  96: 1|0,16,33,75,99,135,1,25,50,51,112,118,60,71,111,21,32,55,83,145,38,109,47,105,115,138,147,18,40,80,140,110,144,72,124,146,22,95,108,27,8,48,89,87,10,103,96,127,2,14,46,63,123
[130] Received message from   2: 1|0,16,33,75,99,135,1,25,50,51,112,118,60,71,111,21,32,55,83,145,38,109,47,105,115,138,147,18,40,80,140,110,144,72,124,146,22,95,108,27,8,48,89,87,10,103,96,127,2,14,46,63,123,15,94,130
[ 94] Received message from 141: 1|0,16,33,75,99,135,1,53,59,37,52,54,65,76,132,45,107,82,36,117,34,39,11,98,137,122,125,104,103,62,64,70,87,139,128,88,113,141,149,94
[141] Received message from  94: 1|0,16,33,75,99,135,1,25,50,51,112,118,60,71,111,21,32,55,83,145,38,109,47,105,115,138,147,18,40,80,140,110,144,72,124,146,22,95,108,27,8,48,89,87,10,103,96,127,2,14,46,63,123,15,94,130,141
[ 29] Received message from  49: 1|0,16,33,75,99,135,1,53,59,37,52,54,65,76,132,45,107,82,36,117,34,39,11,98,137,122,125,104,103,62,64,70,87,139,128,88,113,141,149,49,92,106,29,68,84,148
[141] Sent Broadcast: 1|0,16,33,75,99,135,1,53,59,37,52,54,65,76,132,45,107,82,36,117,34,39,11,98,137,122,125,104,103,62,64,70,87,139,128,88,113,141,149,94
[ 26] Received message from  46: 1|0,16,33,75,99,135,1,25,50,51,112,118,60,71,111,21,32,55,83,145,38,109,47,105,115,138,147,18,40,80,140,110,144,72,124,146,22,95,108,27,8,48,89,87,10,103,96,127,2,14,46,63,123,26,58,130
[ 14] Received message from 127: 1|0,16,33,75,99,135,1,25,50,51,112,118,60,71,111,21,32,55,83,145,38,109,47,105,115,138,147,18,40,80,140,110,144,72,124,146,22,95,108,27,8,48,89,87,10,103,96,127,2,14,26,46,63,123,130
[128] Sent Broadcast: 1|0,16,33,75,99,135,1,53,59,37,52,54,65,76,132,45,107,82,36,117,34,39,11,98,137,122,125,104,103,62,64,70,87,139,128,88,113,141,149
[ 57] Received message from   6: 1|0,16,33,75,99,135,1,59,78,42,120,134,43,100,7,30,44,114,119,23,31,41,28,79,131,136,74,102,143,24,90,6,20,56,61,126,150,4,57,97,116,133
[ 61] Received message from  24: 1|0,16,33,75,99,135,1,59,78,42,120,134,43,100,7,30,44,114,119,23,31,41,28,79,131,136,74,102,143,24,90,6,20,56,61,126,150
[ 56] Received message from  90: 1|0,16,33,75,99,135,1,59,78,42,120,134,43,100,7,30,44,114,119,23,31,41,28,79,131,136,74,102,143,24,90,6,56,61,73,77,97,116,150
[ 94] Received message from  14: 1|0,16,33,75,99,135,1,25,50,51,112,118,60,71,111,21,32,55,83,145,38,109,47,105,115,138,147,18,40,80,140,110,144,72,124,146,22,95,108,27,8,48,89,87,10,103,96,127,2,14,46,63,123,15,94
[  2] Sent Broadcast: 1|0,16,33,75,99,135,1,25,50,51,112,118,60,71,111,21,32,55,83,145,38,109,47,105,115,138,147,18,40,80,140,110,144,72,124,146,22,95,108,27,8,48,89,87,10,103,96,127,2,14,46,63,123,15,94,130
[ 92] Received message from  88: 1|0,16,33,75,99,135,1,53,59,37,52,54,65,76,132,45,107,82,36,117,34,39,11,98,137,122,125,104,103,62,64,70,87,139,128,88,113,141,149,49,92,106
[ 15] Received message from  63: 1|0,16,33,75,99,135,1,25,50,51,112,118,60,71,111,21,32,55,83,145,38,109,47,105,115,138,147,18,40,80,140,110,144,72,124,146,22,95,108,27,8,48,89,87,10,103,96,127,2,14,46,63,123,15,94,130
[ 12] Received message from   4: 1|0,16,33,75,99,135,1,59,78,42,120,134,43,100,7,30,44,114,119,23,31,41,28,79,131,136,74,102,143,24,90,6,20,56,61,126,150,4,57,97,116,133,9,12,101,129
[ 94] Sent Broadcast: 1|0,16,33,75,99,135,1,25,50,51,112,118,60,71,111,21,32,55,83,145,38,109,47,105,115,138,147,18,40,80,140,110,144,72,124,146,22,95,108,27,8,48,89,87,10,103,96,127,2,14,46,63,123,15,94,130,141
[ 26] Received message from 130: 1|0,16,33,75,99,135,1,25,50,51,112,118,60,71,111,21,32,55,83,145,38,109,47,105,115,138,147,18,40,80,140,110,144,72,124,146,22,95,108,27,8,48,89,87,10,103,96,127,2,14,46,63,123,15,94,130,26
[129] Received message from  57: 1|0,16,33,75,99,135,1,59,78,42,120,134,43,100,7,30,44,114,119,23,31,41,28,79,131,136,74,102,143,24,90,6,20,56,61,126,150,4,57,97,116,133,129
[106] Received message from  88: 1|0,16,33,75,99,135,1,53,59,37,52,54,65,76,132,45,107,82,36,117,34,39,11,98,137,122,125,104,103,62,64,70,87,139,128,88,113,141,149,49,92,106
[ 12] Received message from  29: 1|0,16,33,75,99,135,1,53,59,37,52,54,65,76,132,45,107,82,36,117,34,39,11,98,137,122,125,104,103,62,64,70,87,139,128,88,113,141,149,49,92,106,29,68,84,148,12,85,129
[ 94] Received message from  63: 1|0,16,33,75,99,135,1,25,50,51,112,118,60,71,111,21,32,55,83,145,38,109,47,105,115,138,147,18,40,80,140,110,144,72,124,146,22,95,108,27,8,48,89,87,10,103,96,127,2,14,46,63,123,15,94,130
[ 73] Received message from  61: 1|0,16,33,75,99,135,1,59,78,42,120,134,43,100,7,30,44,114,119,23,31,41,28,79,131,136,74,102,143,24,90,6,20,56,61,126,150,73,77,97,116
[ 14] Sent Broadcast: 1|0,16,33,75,99,135,1,25,50,51,112,118,60,71,111,21,32,55,83,145,38,109,47,105,115,138,147,18,40,80,140,110,144,72,124,146,22,95,108,27,8,48,89,87,10,103,96,127,2,14,46,63,123,15,94
[130] Sent Broadcast: 1|0,16,33,75,99,135,1,25,50,51,112,118,60,71,111,21,32,55,83,145,38,109,47,105,115,138,147,18,40,80,140,110,144,72,124,146,22,95,108,27,8,48,89,87,10,103,96,127,2,14,46,63,123,15,94,130,26
[ 88] Sent Broadcast: 1|0,16,33,75,99,135,1,53,59,37,52,54,65,76,132,45,107,82,36,117,34,39,11,98,137,122,125,104,103,62,64,70,87,139,128,88,113,141,149,49,92,106
[126] Received message from  24: 1|0,16,33,75,99,135,1,59,78,42,120,134,43,100,7,30,44,114,119,23,31,41,28,79,131,136,74,102,143,24,90,6,20,56,61,126,150
[123] Received message from  96: 1|0,16,33,75,99,135,1,25,50,51,112,118,60,71,111,21,32,55,83,145,38,109,47,105,115,138,147,18,40,80,140,110,144,72,124,146,22,95,108,27,8,48,89,87,10,103,96,127,2,14,46,63,123
[ 97] Received message from   6: 1|0,16,33,75,99,135,1,59,78,42,120,134,43,100,7,30,44,114,119,23,31,41,28,79,131,136,74,102,143,24,90,6,20,56,61,126,150,4,57,97,116,133
[ 61] Received message from  90: 1|0,16,33,75,99,135,1,59,78,42,120,134,43,100,7,30,44,114,119,23,31,41,28,79,131,136,74,102,143,24,90,6,56,61,73,77,97,116,150
[130] Received message from  63: 1|0,16,33,75,99,135,1,25,50,51,112,118,60,71,111,21,32,55,83,145,38,109,47,105,115,138,147,18,40,80,140,110,144,72,124,146,22,95,108,27,8,48,89,87,10,103,96,127,2,14,46,63,123,15,94,130
[ 68] Received message from  49: 1|0,16,33,75,99,135,1,53,59,37,52,54,65,76,132,45,107,82,36,117,34,39,11,98,137,122,125,104,103,62,64,70,87,139,128,88,113,141,149,49,92,106,29,68,84,148
[ 58] Received message from  46: 1|0,16,33,75,99,135,1,25,50,51,112,118,60,71,111,21,32,55,83,145,38,109,47,105,115,138,147,18,40,80,140,110,144,72,124,146,22,95,108,27,8,48,89,87,10,103,96,127,2,14,46,63,123,26,58,130
[ 29] Received message from  92: 1|0,16,33,75,99,135,1,53,59,37,52,54,65,76,132,45,107,82,36,117,34,39,11,98,137,122,125,104,103,62,64,70,87,139,128,88,113,141,149,49,92,106,29,68,84,148
[ 12] Received message from 129: 1|0,16,33,75,99,135,1,59,78,42,120,134,43,100,7,30,44,114,119,23,31,41,28,79,131,136,74,102,143,24,90,6,20,56,61,126,150,4,57,97,116,133,129,12,29,35,68,85,101,148
[ 57] Received message from  56: 1|0,16,33,75,99,135,1,59,78,42,120,134,43,100,7,30,44,114,119,23,31,41,28,79,131,136,74,102,143,24,90,6,20,56,61,126,150,57,97,116,133
[ 26] Received message from 127: 1|0,16,33,75,99,135,1,25,50,51,112,118,60,71,111,21,32,55,83,145,38,109,47,105,115,138,147,18,40,80,140,110,144,72,124,146,22,95,108,27,8,48,89,87,10,103,96,127,2,14,26,46,63,123,130
[ 57] Sent Broadcast: 1|0,16,33,75,99,135,1,59,78,42,120,134,43,100,7,30,44,114,119,23,31,41,28,79,131,136,74,102,143,24,90,6,20,56,61,126,150,4,57,97,116,133,129
[101] Received message from   4: 1|0,16,33,75,99,135,1,59,78,42,120,134,43,100,7,30,44,114,119,23,31,41,28,79,131,136,74,102,143,24,90,6,20,56,61,126,150,4,57,97,116,133,9,12,101,129
[ 96] Sent Broadcast: 1|0,16,33,75,99,135,1,25,50,51,112,118,60,71,111,21,32,55,83,145,38,109,47,105,115,138,147,18,40,80,140,110,144,72,124,146,22,95,108,27,8,48,89,87,10,103,96,127,2,14,46,63,123
[ 12] Received message from  68: 1|0,16,33,75,99,135,1,53,59,37,52,54,65,76,132,45,107,82,36,117,34,39,11,98,137,122,125,104,103,62,64,70,87,139,128,88,113,141,149,49,92,106,29,68,84,148,12,35,85,101,129
[150] Received message from  24: 1|0,16,33,75,99,135,1,59,78,42,120,134,43,100,7,30,44,114,119,23,31,41,28,79,131,136,74,102,143,24,90,6,20,56,61,126,150
[  9] Received message from 126: 1|0,16,33,75,99,135,1,59,78,42,120,134,43,100,7,30,44,114,119,23,31,41,28,79,131,136,74,102,143,24,90,6,20,56,61,126,150,9
[ 63] Sent Broadcast: 1|0,16,33,75,99,135,1,25,50,51,112,118,60,71,111,21,32,55,83,145,38,109,47,105,115,138,147,18,40,80,140,110,144,72,124,146,22,95,108,27,8,48,89,87,10,103,96,127,2,14,46,63,123,15,94,130
[ 26] Received message from 123: 1|0,16,33,75,99,135,1,25,50,51,112,118,60,71,111,21,32,55,83,145,38,109,47,105,115,138,147,18,40,80,140,110,144,72,124,146,22,95,108,27,8,48,89,87,10,103,96,127,2,14,46,63,123,26,58,130
[116] Received message from   6: 1|0,16,33,75,99,135,1,59,78,42,120,134,43,100,7,30,44,114,119,23,31,41,28,79,131,136,74,102,143,24,90,6,20,56,61,126,150,4,57,97,116,133
[126] Sent Broadcast: 1|0,16,33,75,99,135,1,59,78,42,120,134,43,100,7,30,44,114,119,23,31,41,28,79,131,136,74,102,143,24,90,6,20,56,61,126,150,9
[ 24] Sent Broadcast: 1|0,16,33,75,99,135,1,59,78,42,120,134,43,100,7,30,44,114,119,23,31,41,28,79,131,136,74,102,143,24,90,6,20,56,61,126,150
[ 19] Received message from  97: 1|0,16,33,75,99,135,1,59,78,42,120,134,43,100,7,30,44,114,119,23,31,41,28,79,131,136,74,102,143,24,90,6,20,56,61,126,150,4,57,97,116,133,19,73,77
[ 73] Received message from  90: 1|0,16,33,75,99,135,1,59,78,42,120,134,43,100,7,30,44,114,119,23,31,41,28,79,131,136,74,102,143,24,90,6,56,61,73,77,97,116,150
[ 84] Received message from  49: 1|0,16,33,75,99,135,1,53,59,37,52,54,65,76,132,45,107,82,36,117,34,39,11,98,137,122,125,104,103,62,64,70,87,139,128,88,113,141,149,49,92,106,29,68,84,148
[ 29] Received message from  12: 1|0,16,33,75,99,135,1,59,78,42,120,134,43,100,7,30,44,114,119,23,31,41,28,79,131,136,74,102,143,24,90,6,20,56,61,126,150,4,57,97,116,133,9,12,101,129,29,35,68,85,148
[130] Received message from  46: 1|0,16,33,75,99,135,1,25,50,51,112,118,60,71,111,21,32,55,83,145,38,109,47,105,115,138,147,18,40,80,140,110,144,72,124,146,22,95,108,27,8,48,89,87,10,103,96,127,2,14,46,63,123,26,58,130
[ 68] Received message from  92: 1|0,16,33,75,99,135,1,53,59,37,52,54,65,76,132,45,107,82,36,117,34,39,11,98,137,122,125,104,103,62,64,70,87,139,128,88,113,141,149,49,92,106,29,68,84,148
[ 77] Received message from  61: 1|0,16,33,75,99,135,1,59,78,42,120,134,43,100,7,30,44,114,119,23,31,41,28,79,131,136,74,102,143,24,90,6,20,56,61,126,150,73,77,97,116
[129] Received message from   4: 1|0,16,33,75,99,135,1,59,78,42,120,134,43,100,7,30,44,114,119,23,31,41,28,79,131,136,74,102,143,24,90,6,20,56,61,126,150,4,57,97,116,133,9,12,101,129
[ 97] Received message from  56: 1|0,16,33,75,99,135,1,59,78,42,120,134,43,100,7,30,44,114,119,23,31,41,28,79,131,136,74,102,143,24,90,6,20,56,61,126,150,57,97,116,133
[ 46] Received message from 127: 1|0,16,33,75,99,135,1,25,50,51,112,118,60,71,111,21,32,55,83,145,38,109,47,105,115,138,147,18,40,80,140,110,144,72,124,146,22,95,108,27,8,48,89,87,10,103,96,127,2,14,26,46,63,123,130
[ 35] Received message from  68: 1|0,16,33,75,99,135,1,53,59,37,52,54,65,76,132,45,107,82,36,117,34,39,11,98,137,122,125,104,103,62,64,70,87,139,128,88,113,141,149,49,92,106,29,68,84,148,12,35,85,101,129
[ 91] Received message from  77: 1|0,16,33,75,99,135,1,59,78,42,120,134,43,100,7,30,44,114,119,23,31,41,28,79,131,136,74,102,143,24,90,6,20,56,61,126,150,73,77,97,116,91
[ 29] Received message from 106: 1|0,16,33,75,99,135,1,53,59,37,52,54,65,76,132,45,107,82,36,117,34,39,11,98,137,122,125,104,103,62,64,70,87,139,128,88,113,141,149,49,92,106,29,68,84,148
[ 85] Received message from  29: 1|0,16,33,75,99,135,1,53,59,37,52,54,65,76,132,45,107,82,36,117,34,39,11,98,137,122,125,104,103,62,64,70,87,139,128,88,113,141,149,49,92,106,29,68,84,148,12,85,129
[ 19] Received message from  73: 1|0,16,33,75,99,135,1,59,78,42,120,134,43,100,7,30,44,114,119,23,31,41,28,79,131,136,74,102,143,24,90,6,20,56,61,126,150,73,77,97,116,19,91
[ 35] Received message from 101: 1|0,16,33,75,99,135,1,59,78,42,120,134,43,100,7,30,44,114,119,23,31,41,28,79,131,136,74,102,143,24,90,6,20,56,61,126,150,4,57,97,116,133,9,12,101,129,35,68,85,148
[ 29] Received message from 129: 1|0,16,33,75,99,135,1,59,78,42,120,134,43,100,7,30,44,114,119,23,31,41,28,79,131,136,74,102,143,24,90,6,20,56,61,126,150,4,57,97,116,133,129,12,29,35,68,85,101,148
[  3] Received message from  19: 1|0,16,33,75,99,135,1,59,78,42,120,134,43,100,7,30,44,114,119,23,31,41,28,79,131,136,74,102,143,24,90,6,20,56,61,126,150,4,57,97,116,133,19,73,77,3,5
[ 58] Received message from 123: 1|0,16,33,75,99,135,1,25,50,51,112,118,60,71,111,21,32,55,83,145,38,109,47,105,115,138,147,18,40,80,140,110,144,72,124,146,22,95,108,27,8,48,89,87,10,103,96,127,2,14,46,63,123,26,58,130
[  4] Sent Broadcast: 1|0,16,33,75,99,135,1,59,78,42,120,134,43,100,7,30,44,114,119,23,31,41,28,79,131,136,74,102,143,24,90,6,20,56,61,126,150,4,57,97,116,133,9,12,101,129
[ 73] Received message from  97: 1|0,16,33,75,99,135,1,59,78,42,120,134,43,100,7,30,44,114,119,23,31,41,28,79,131,136,74,102,143,24,90,6,20,56,61,126,150,4,57,97,116,133,19,73,77
[ 46] Sent Broadcast: 1|0,16,33,75,99,135,1,25,50,51,112,118,60,71,111,21,32,55,83,145,38,109,47,105,115,138,147,18,40,80,140,110,144,72,124,146,22,95,108,27,8,48,89,87,10,103,96,127,2,14,46,63,123,26,58,130
[133] Received message from   6: 1|0,16,33,75,99,135,1,59,78,42,120,134,43,100,7,30,44,114,119,23,31,41,28,79,131,136,74,102,143,24,90,6,20,56,61,126,150,4,57,97,116,133
[ 77] Sent Broadcast: 1|0,16,33,75,99,135,1,59,78,42,120,134,43,100,7,30,44,114,119,23,31,41,28,79,131,136,74,102,143,24,90,6,20,56,61,126,150,73,77,97,116,91
[ 84] Received message from  92: 1|0,16,33,75,99,135,1,53,59,37,52,54,65,76,132,45,107,82,36,117,34,39,11,98,137,122,125,104,103,62,64,70,87,139,128,88,113,141,149,49,92,106,29,68,84,148
[ 63] Received message from 127: 1|0,16,33,75,99,135,1,25,50,51,112,118,60,71,111,21,32,55,83,145,38,109,47,105,115,138,147,18,40,80,140,110,144,72,124,146,22,95,108,27,8,48,89,87,10,103,96,127,2,14,26,46,63,123,130
[  6] Sent Broadcast: 1|0,16,33,75,99,135,1,59,78,42,120,134,43,100,7,30,44,114,119,23,31,41,28,79,131,136,74,102,143,24,90,6,20,56,61,126,150,4,57,97,116,133
[ 85] Received message from  68: 1|0,16,33,75,99,135,1,53,59,37,52,54,65,76,132,45,107,82,36,117,34,39,11,98,137,122,125,104,103,62,64,70,87,139,128,88,113,141,149,49,92,106,29,68,84,148,12,35,85,101,129
[ 35] Received message from  12: 1|0,16,33,75,99,135,1,59,78,42,120,134,43,100,7,30,44,114,119,23,31,41,28,79,131,136,74,102,143,24,90,6,20,56,61,126,150,4,57,97,116,133,9,12,101,129,29,35,68,85,148
[ 97] Received message from  61: 1|0,16,33,75,99,135,1,59,78,42,120,134,43,100,7,30,44,114,119,23,31,41,28,79,131,136,74,102,143,24,90,6,20,56,61,126,150,73,77,97,116
[116] Received message from  56: 1|0,16,33,75,99,135,1,59,78,42,120,134,43,100,7,30,44,114,119,23,31,41,28,79,131,136,74,102,143,24,90,6,20,56,61,126,150,57,97,116,133
[ 77] Received message from  90: 1|0,16,33,75,99,135,1,59,78,42,120,134,43,100,7,30,44,114,119,23,31,41,28,79,131,136,74,102,143,24,90,6,56,61,73,77,97,116,150
[148] Received message from  49: 1|0,16,33,75,99,135,1,53,59,37,52,54,65,76,132,45,107,82,36,117,34,39,11,98,137,122,125,104,103,62,64,70,87,139,128,88,113,141,149,49,92,106,29,68,84,148
[ 67] Received message from   3: 1|0,16,33,75,99,135,1,59,78,42,120,134,43,100,7,30,44,114,119,23,31,41,28,79,131,136,74,102,143,24,90,6,20,56,61,126,150,4,57,97,116,133,19,73,77,3,5,67
[ 35] Received message from  85: 1|0,16,33,75,99,135,1,53,59,37,52,54,65,76,132,45,107,82,36,117,34,39,11,98,137,122,125,104,103,62,64,70,87,139,128,88,113,141,149,49,92,106,29,68,84,148,12,85,129,35,101
[ 68] Received message from 101: 1|0,16,33,75,99,135,1,59,78,42,120,134,43,100,7,30,44,114,119,23,31,41,28,79,131,136,74,102,143,24,90,6,20,56,61,126,150,4,57,97,116,133,9,12,101,129,35,68,85,148
[130] Received message from 123: 1|0,16,33,75,99,135,1,25,50,51,112,118,60,71,111,21,32,55,83,145,38,109,47,105,115,138,147,18,40,80,140,110,144,72,124,146,22,95,108,27,8,48,89,87,10,103,96,127,2,14,46,63,123,26,58,130
[129] Received message from  29: 1|0,16,33,75,99,135,1,53,59,37,52,54,65,76,132,45,107,82,36,117,34,39,11,98,137,122,125,104,103,62,64,70,87,139,128,88,113,141,149,49,92,106,29,68,84,148,12,85,129
[ 73] Received message from 116: 1|0,16,33,75,99,135,1,59,78,42,120,134,43,100,7,30,44,114,119,23,31,41,28,79,131,136,74,102,143,24,90,6,20,56,61,126,150,4,57,97,116,133,73,77,91
[148] Received message from  92: 1|0,16,33,75,99,135,1,53,59,37,52,54,65,76,132,45,107,82,36,117,34,39,11,98,137,122,125,104,103,62,64,70,87,139,128,88,113,141,149,49,92,106,29,68,84,148
[ 91] Received message from  73: 1|0,16,33,75,99,135,1,59,78,42,120,134,43,100,7,30,44,114,119,23,31,41,28,79,131,136,74,102,143,24,90,6,20,56,61,126,150,73,77,97,116,19,91
[101] Received message from  68: 1|0,16,33,75,99,135,1,53,59,37,52,54,65,76,132,45,107,82,36,117,34,39,11,98,137,122,125,104,103,62,64,70,87,139,128,88,113,141,149,49,92,106,29,68,84,148,12,35,85,101,129
[  5] Received message from  19: 1|0,16,33,75,99,135,1,59,78,42,120,134,43,100,7,30,44,114,119,23,31,41,28,79,131,136,74,102,143,24,90,6,20,56,61,126,150,4,57,97,116,133,19,73,77,3,5
[ 35] Received message from 129: 1|0,16,33,75,99,135,1,59,78,42,120,134,43,100,7,30,44,114,119,23,31,41,28,79,131,136,74,102,143,24,90,6,20,56,61,126,150,4,57,97,116,133,129,12,29,35,68,85,101,148
[ 68] Received message from 106: 1|0,16,33,75,99,135,1,53,59,37,52,54,65,76,132,45,107,82,36,117,34,39,11,98,137,122,125,104,103,62,64,70,87,139,128,88,113,141,149,49,92,106,29,68,84,148
[ 12] Received message from 148: 1|0,16,33,75,99,135,1,53,59,37,52,54,65,76,132,45,107,82,36,117,34,39,11,98,137,122,125,104,103,62,64,70,87,139,128,88,113,141,149,49,92,106,29,68,84,148,12,35,85,101,129
[ 77] Received message from  97: 1|0,16,33,75,99,135,1,59,78,42,120,134,43,100,7,30,44,114,119,23,31,41,28,79,131,136,74,102,143,24,90,6,20,56,61,126,150,4,57,97,116,133,19,73,77
[ 92] Sent Broadcast: 1|0,16,33,75,99,135,1,53,59,37,52,54,65,76,132,45,107,82,36,117,34,39,11,98,137,122,125,104,103,62,64,70,87,139,128,88,113,141,149,49,92,106,29,68,84,148
[123] Received message from 127: 1|0,16,33,75,99,135,1,25,50,51,112,118,60,71,111,21,32,55,83,145,38,109,47,105,115,138,147,18,40,80,140,110,144,72,124,146,22,95,108,27,8,48,89,87,10,103,96,127,2,14,26,46,63,123,130
[ 97] Sent Broadcast: 1|0,16,33,75,99,135,1,59,78,42,120,134,43,100,7,30,44,114,119,23,31,41,28,79,131,136,74,102,143,24,90,6,20,56,61,126,150,4,57,97,116,133,19,73,77
[123] Sent Broadcast: 1|0,16,33,75,99,135,1,25,50,51,112,118,60,71,111,21,32,55,83,145,38,109,47,105,115,138,147,18,40,80,140,110,144,72,124,146,22,95,108,27,8,48,89,87,10,103,96,127,2,14,46,63,123,26,58,130
[ 49] Sent Broadcast: 1|0,16,33,75,99,135,1,53,59,37,52,54,65,76,132,45,107,82,36,117,34,39,11,98,137,122,125,104,103,62,64,70,87,139,128,88,113,141,149,49,92,106,29,68,84,148
[ 29] Sent Broadcast: 1|0,16,33,75,99,135,1,53,59,37,52,54,65,76,132,45,107,82,36,117,34,39,11,98,137,122,125,104,103,62,64,70,87,139,128,88,113,141,149,49,92,106,29,68,84,148,12,85,129
[  3] Sent Broadcast: 1|0,16,33,75,99,135,1,59,78,42,120,134,43,100,7,30,44,114,119,23,31,41,28,79,131,136,74,102,143,24,90,6,20,56,61,126,150,4,57,97,116,133,19,73,77,3,5,67
[ 73] Sent Broadcast: 1|0,16,33,75,99,135,1,59,78,42,120,134,43,100,7,30,44,114,119,23,31,41,28,79,131,136,74,102,143,24,90,6,20,56,61,126,150,73,77,97,116,19,91
[ 19] Sent Broadcast: 1|0,16,33,75,99,135,1,59,78,42,120,134,43,100,7,30,44,114,119,23,31,41,28,79,131,136,74,102,143,24,90,6,20,56,61,126,150,4,57,97,116,133,19,73,77,3,5
[133] Received message from  56: 1|0,16,33,75,99,135,1,59,78,42,120,134,43,100,7,30,44,114,119,23,31,41,28,79,131,136,74,102,143,24,90,6,20,56,61,126,150,57,97,116,133
[ 56] Sent Broadcast: 1|0,16,33,75,99,135,1,59,78,42,120,134,43,100,7,30,44,114,119,23,31,41,28,79,131,136,74,102,143,24,90,6,20,56,61,126,150,57,97,116,133
[ 77] Received message from 116: 1|0,16,33,75,99,135,1,59,78,42,120,134,43,100,7,30,44,114,119,23,31,41,28,79,131,136,74,102,143,24,90,6,20,56,61,126,150,4,57,97,116,133,73,77,91
[ 97] Received message from  90: 1|0,16,33,75,99,135,1,59,78,42,120,134,43,100,7,30,44,114,119,23,31,41,28,79,131,136,74,102,143,24,90,6,56,61,73,77,97,116,150
[116] Received message from  61: 1|0,16,33,75,99,135,1,59,78,42,120,134,43,100,7,30,44,114,119,23,31,41,28,79,131,136,74,102,143,24,90,6,20,56,61,126,150,73,77,97,116
[130] Received message from 127: 1|0,16,33,75,99,135,1,25,50,51,112,118,60,71,111,21,32,55,83,145,38,109,47,105,115,138,147,18,40,80,140,110,144,72,124,146,22,95,108,27,8,48,89,87,10,103,96,127,2,14,26,46,63,123,130
[ 35] Received message from 148: 1|0,16,33,75,99,135,1,53,59,37,52,54,65,76,132,45,107,82,36,117,34,39,11,98,137,122,125,104,103,62,64,70,87,139,128,88,113,141,149,49,92,106,29,68,84,148,12,35,85,101,129
[ 68] Received message from  12: 1|0,16,33,75,99,135,1,59,78,42,120,134,43,100,7,30,44,114,119,23,31,41,28,79,131,136,74,102,143,24,90,6,20,56,61,126,150,4,57,97,116,133,9,12,101,129,29,35,68,85,148
[129] Received message from  68: 1|0,16,33,75,99,135,1,53,59,37,52,54,65,76,132,45,107,82,36,117,34,39,11,98,137,122,125,104,103,62,64,70,87,139,128,88,113,141,149,49,92,106,29,68,84,148,12,35,85,101,129
[ 85] Received message from 101: 1|0,16,33,75,99,135,1,59,78,42,120,134,43,100,7,30,44,114,119,23,31,41,28,79,131,136,74,102,143,24,90,6,20,56,61,126,150,4,57,97,116,133,9,12,101,129,35,68,85,148
[ 68] Received message from 129: 1|0,16,33,75,99,135,1,59,78,42,120,134,43,100,7,30,44,114,119,23,31,41,28,79,131,136,74,102,143,24,90,6,20,56,61,126,150,4,57,97,116,133,129,12,29,35,68,85,101,148
[101] Received message from  85: 1|0,16,33,75,99,135,1,53,59,37,52,54,65,76,132,45,107,82,36,117,34,39,11,98,137,122,125,104,103,62,64,70,87,139,128,88,113,141,149,49,92,106,29,68,84,148,12,85,129,35,101
[ 61] Sent Broadcast: 1|0,16,33,75,99,135,1,59,78,42,120,134,43,100,7,30,44,114,119,23,31,41,28,79,131,136,74,102,143,24,90,6,20,56,61,126,150,73,77,97,116
[127] Sent Broadcast: 1|0,16,33,75,99,135,1,25,50,51,112,118,60,71,111,21,32,55,83,145,38,109,47,105,115,138,147,18,40,80,140,110,144,72,124,146,22,95,108,27,8,48,89,87,10,103,96,127,2,14,26,46,63,123,130
[ 84] Received message from 106: 1|0,16,33,75,99,135,1,53,59,37,52,54,65,76,132,45,107,82,36,117,34,39,11,98,137,122,125,104,103,62,64,70,87,139,128,88,113,141,149,49,92,106,29,68,84,148
[ 68] Sent Broadcast: 1|0,16,33,75,99,135,1,53,59,37,52,54,65,76,132,45,107,82,36,117,34,39,11,98,137,122,125,104,103,62,64,70,87,139,128,88,113,141,149,49,92,106,29,68,84,148,12,35,85,101,129
[ 85] Sent Broadcast: 1|0,16,33,75,99,135,1,53,59,37,52,54,65,76,132,45,107,82,36,117,34,39,11,98,137,122,125,104,103,62,64,70,87,139,128,88,113,141,149,49,92,106,29,68,84,148,12,85,129,35,101
[148] Received message from 106: 1|0,16,33,75,99,135,1,53,59,37,52,54,65,76,132,45,107,82,36,117,34,39,11,98,137,122,125,104,103,62,64,70,87,139,128,88,113,141,149,49,92,106,29,68,84,148
[116] Received message from  90: 1|0,16,33,75,99,135,1,59,78,42,120,134,43,100,7,30,44,114,119,23,31,41,28,79,131,136,74,102,143,24,90,6,56,61,73,77,97,116,150
[ 91] Received message from 116: 1|0,16,33,75,99,135,1,59,78,42,120,134,43,100,7,30,44,114,119,23,31,41,28,79,131,136,74,102,143,24,90,6,20,56,61,126,150,4,57,97,116,133,73,77,91
[ 85] Received message from  12: 1|0,16,33,75,99,135,1,59,78,42,120,134,43,100,7,30,44,114,119,23,31,41,28,79,131,136,74,102,143,24,90,6,20,56,61,126,150,4,57,97,116,133,9,12,101,129,29,35,68,85,148
[148] Received message from 101: 1|0,16,33,75,99,135,1,59,78,42,120,134,43,100,7,30,44,114,119,23,31,41,28,79,131,136,74,102,143,24,90,6,20,56,61,126,150,4,57,97,116,133,9,12,101,129,35,68,85,148
[116] Sent Broadcast: 1|0,16,33,75,99,135,1,59,78,42,120,134,43,100,7,30,44,114,119,23,31,41,28,79,131,136,74,102,143,24,90,6,20,56,61,126,150,4,57,97,116,133,73,77,91
[106] Sent Broadcast: 1|0,16,33,75,99,135,1,53,59,37,52,54,65,76,132,45,107,82,36,117,34,39,11,98,137,122,125,104,103,62,64,70,87,139,128,88,113,141,149,49,92,106,29,68,84,148
[101] Sent Broadcast: 1|0,16,33,75,99,135,1,59,78,42,120,134,43,100,7,30,44,114,119,23,31,41,28,79,131,136,74,102,143,24,90,6,20,56,61,126,150,4,57,97,116,133,9,12,101,129,35,68,85,148
[ 85] Received message from 148: 1|0,16,33,75,99,135,1,53,59,37,52,54,65,76,132,45,107,82,36,117,34,39,11,98,137,122,125,104,103,62,64,70,87,139,128,88,113,141,149,49,92,106,29,68,84,148,12,35,85,101,129
[148] Received message from  12: 1|0,16,33,75,99,135,1,59,78,42,120,134,43,100,7,30,44,114,119,23,31,41,28,79,131,136,74,102,143,24,90,6,20,56,61,126,150,4,57,97,116,133,9,12,101,129,29,35,68,85,148
[ 12] Sent Broadcast: 1|0,16,33,75,99,135,1,59,78,42,120,134,43,100,7,30,44,114,119,23,31,41,28,79,131,136,74,102,143,24,90,6,20,56,61,126,150,4,57,97,116,133,9,12,101,129,29,35,68,85,148
[ 85] Received message from 129: 1|0,16,33,75,99,135,1,59,78,42,120,134,43,100,7,30,44,114,119,23,31,41,28,79,131,136,74,102,143,24,90,6,20,56,61,126,150,4,57,97,116,133,129,12,29,35,68,85,101,148
[101] Received message from 148: 1|0,16,33,75,99,135,1,53,59,37,52,54,65,76,132,45,107,82,36,117,34,39,11,98,137,122,125,104,103,62,64,70,87,139,128,88,113,141,149,49,92,106,29,68,84,148,12,35,85,101,129
[150] Received message from  90: 1|0,16,33,75,99,135,1,59,78,42,120,134,43,100,7,30,44,114,119,23,31,41,28,79,131,136,74,102,143,24,90,6,56,61,73,77,97,116,150
[ 90] Sent Broadcast: 1|0,16,33,75,99,135,1,59,78,42,120,134,43,100,7,30,44,114,119,23,31,41,28,79,131,136,74,102,143,24,90,6,56,61,73,77,97,116,150
[101] Received message from 129: 1|0,16,33,75,99,135,1,59,78,42,120,134,43,100,7,30,44,114,119,23,31,41,28,79,131,136,74,102,143,24,90,6,20,56,61,126,150,4,57,97,116,133,129,12,29,35,68,85,101,148
[129] Received message from 148: 1|0,16,33,75,99,135,1,53,59,37,52,54,65,76,132,45,107,82,36,117,34,39,11,98,137,122,125,104,103,62,64,70,87,139,128,88,113,141,149,49,92,106,29,68,84,148,12,35,85,101,129
[148] Sent Broadcast: 1|0,16,33,75,99,135,1,53,59,37,52,54,65,76,132,45,107,82,36,117,34,39,11,98,137,122,125,104,103,62,64,70,87,139,128,88,113,141,149,49,92,106,29,68,84,148,12,35,85,101,129
[148] Received message from 129: 1|0,16,33,75,99,135,1,59,78,42,120,134,43,100,7,30,44,114,119,23,31,41,28,79,131,136,74,102,143,24,90,6,20,56,61,126,150,4,57,97,116,133,129,12,29,35,68,85,101,148
[129] Sent Broadcast: 1|0,16,33,75,99,135,1,59,78,42,120,134,43,100,7,30,44,114,119,23,31,41,28,79,131,136,74,102,143,24,90,6,20,56,61,126,150,4,57,97,116,133,129,12,29,35,68,85,101,148
