[ 10] Received message from   1: 1|0,10,27,33,38,42,82,93,95,120,138
[ 27] Received message from   1: 1|0,10,27,33,38,42,82,93,95,120,138
[  3] Received message from  10: 1|0,10,27,33,38,42,82,93,95,120,138,1,3,35,54,56,101,124
[ 33] Received message from   1: 1|0,10,27,33,38,42,82,93,95,120,138
[ 35] Received message from  10: 1|0,10,27,33,38,42,82,93,95,120,138,1,3,35,54,56,101,124
[ 96] Received message from   3: 1|0,10,27,33,38,42,82,93,95,120,138,1,3,35,54,56,101,124,96
[ 54] Received message from  10: 1|0,10,27,33,38,42,82,93,95,120,138,1,3,35,54,56,101,124
[  3] Sent Broadcast: 1|0,10,27,33,38,42,82,93,95,120,138,1,3,35,54,56,101,124,96
[124] Received message from  33: 1|0,10,27,33,38,42,82,93,95,120,138,1,124
[ 33] Sent Broadcast: 1|0,10,27,33,38,42,82,93,95,120,138,1,124
[ 19] Received message from  27: 1|0,10,27,33,38,42,82,93,95,120,138,1,19
[ 27] Sent Broadcast: 1|0,10,27,33,38,42,82,93,95,120,138,1,19
[ 56] Received message from  10: 1|0,10,27,33,38,42,82,93,95,120,138,1,3,35,54,56,101,124
[ 38] Received message from   1: 1|0,10,27,33,38,42,82,93,95,120,138
[ 42] Received message from   1: 1|0,10,27,33,38,42,82,93,95,120,138
[130] Received message from  42: 1|0,10,27,33,38,42,82,93,95,120,138,1,130
[101] Received message from  10: 1|0,10,27,33,38,42,82,93,95,120,138,1,3,35,54,56,101,124
[ 42] Sent Broadcast: 1|0,10,27,33,38,42,82,93,95,120,138,1,130
[ 19] Received message from  38: 1|0,10,27,33,38,42,82,93,95,120,138,1,19,98
[144] Received message from  96: 1|0,10,27,33,38,42,82,93,95,120,138,1,3,35,54,56,101,124,96,144
[124] Received message from  10: 1|0,10,27,33,38,42,82,93,95,120,138,1,3,35,54,56,101,124
[ 82] Received message from   1: 1|0,10,27,33,38,42,82,93,95,120,138
[ 98] Received message from  38: 1|0,10,27,33,38,42,82,93,95,120,138,1,19,98
[ 34] Received message from 144: 1|0,10,27,33,38,42,82,93,95,120,138,1,3,35,54,56,101,124,96,144,34,37
[ 75] Received message from  98: 1|0,10,27,33,38,42,82,93,95,120,138,1,19,98,75
[ 11] Received message from  75: 1|0,10,27,33,38,42,82,93,95,120,138,1,19,98,75,11,87,132
[ 60] Received message from  11: 1|0,10,27,33,38,42,82,93,95,120,138,1,19,98,75,11,87,132,60,72,150
[134] Received message from  34: 1|0,10,27,33,38,42,82,93,95,120,138,1,3,35,54,56,101,124,96,144,34,37,134
[ 19] Received message from  82: 1|0,10,27,33,38,42,82,93,95,120,138,1,19,54,56,98,101
[  3] Received message from 124: 1|0,10,27,33,38,42,82,93,95,120,138,1,124,3,96,144
[ 96] Sent Broadcast: 1|0,10,27,33,38,42,82,93,95,120,138,1,3,35,54,56,101,124,96,144
[ 38] Sent Broadcast: 1|0,10,27,33,38,42,82,93,95,120,138,1,19,98
[ 10] Sent Broadcast: 1|0,10,27,33,38,42,82,93,95,120,138,1,3,35,54,56,101,124
[ 98] Sent Broadcast: 1|0,10,27,33,38,42,82,93,95,120,138,1,19,98,75
[ 57] Received message from 134: 1|0,10,27,33,38,42,82,93,95,120,138,1,3,35,54,56,101,124,96,144,34,37,134,57,63,110
[ 24] Received message from  60: 1|0,10,27,33,38,42,82,93,95,120,138,1,19,98,75,11,87,132,60,72,150,24,28,80,86,113
[ 37] Received message from 144: 1|0,10,27,33,38,42,82,93,95,120,138,1,3,35,54,56,101,124,96,144,34,37
[ 93] Received message from   1: 1|0,10,27,33,38,42,82,93,95,120,138
[ 34] Sent Broadcast: 1|0,10,27,33,38,42,82,93,95,120,138,1,3,35,54,56,101,124,96,144,34,37,134
[144] Sent Broadcast: 1|0,10,27,33,38,42,82,93,95,120,138,1,3,35,54,56,101,124,96,144,34,37
[ 72] Received message from  11: 1|0,10,27,33,38,42,82,93,95,120,138,1,19,98,75,11,87,132,60,72,150
[ 54] Received message from  82: 1|0,10,27,33,38,42,82,93,95,120,138,1,19,54,56,98,101
[ 28] Received message from  60: 1|0,10,27,33,38,42,82,93,95,120,138,1,19,98,75,11,87,132,60,72,150,24,28,80,86,113
[ 67] Received message from  57: 1|0,10,27,33,38,42,82,93,95,120,138,1,3,35,54,56,101,124,96,144,34,37,134,57,63,110,67,139
[ 19] Received message from  93: 1|0,10,27,33,38,42,82,93,95,120,138,1,19,54,56,98,101
[ 57] Received message from  37: 1|0,10,27,33,38,42,82,93,95,120,138,1,3,35,54,56,101,124,96,144,34,37,57,134
[132] Received message from  19: 1|0,10,27,33,38,42,82,93,95,120,138,1,19,98,132
[ 36] Received message from  24: 1|0,10,27,33,38,42,82,93,95,120,138,1,19,98,75,11,87,132,60,72,150,24,28,80,86,113,36,103,119
[ 63] Received message from 134: 1|0,10,27,33,38,42,82,93,95,120,138,1,3,35,54,56,101,124,96,144,34,37,134,57,63,110
[ 95] Received message from   1: 1|0,10,27,33,38,42,82,93,95,120,138
[ 56] Received message from  82: 1|0,10,27,33,38,42,82,93,95,120,138,1,19,54,56,98,101
[ 80] Received message from  60: 1|0,10,27,33,38,42,82,93,95,120,138,1,19,98,75,11,87,132,60,72,150,24,28,80,86,113
[139] Received message from  57: 1|0,10,27,33,38,42,82,93,95,120,138,1,3,35,54,56,101,124,96,144,34,37,134,57,63,110,67,139
[150] Received message from  11: 1|0,10,27,33,38,42,82,93,95,120,138,1,19,98,75,11,87,132,60,72,150
[ 36] Received message from  28: 1|0,10,27,33,38,42,82,93,95,120,138,1,19,98,75,11,87,132,60,72,150,24,28,80,86,113,36,90,103,119,146
[ 80] Received message from  72: 1|0,10,27,33,38,42,82,93,95,120,138,1,19,98,75,11,87,132,60,72,150,80,86,113
[ 87] Received message from  75: 1|0,10,27,33,38,42,82,93,95,120,138,1,19,98,75,11,87,132
[ 11] Sent Broadcast: 1|0,10,27,33,38,42,82,93,95,120,138,1,19,98,75,11,87,132,60,72,150
[134] Received message from  37: 1|0,10,27,33,38,42,82,93,95,120,138,1,3,35,54,56,101,124,96,144,34,37,57,134
[ 54] Received message from  93: 1|0,10,27,33,38,42,82,93,95,120,138,1,19,54,56,98,101
[ 20] Received message from  63: 1|0,10,27,33,38,42,82,93,95,120,138,1,3,35,54,56,101,124,96,144,34,37,134,57,63,110,20,77
[ 96] Received message from 124: 1|0,10,27,33,38,42,82,93,95,120,138,1,124,3,96,144
[ 59] Received message from  36: 1|0,10,27,33,38,42,82,93,95,120,138,1,19,98,75,11,87,132,60,72,150,24,28,80,86,113,36,103,119,59,90,146
[ 19] Sent Broadcast: 1|0,10,27,33,38,42,82,93,95,120,138,1,19,98,132
[ 57] Sent Broadcast: 1|0,10,27,33,38,42,82,93,95,120,138,1,3,35,54,56,101,124,96,144,34,37,134,57,63,110,67,139
[ 37] Sent Broadcast: 1|0,10,27,33,38,42,82,93,95,120,138,1,3,35,54,56,101,124,96,144,34,37,57,134
[ 36] Received message from  80: 1|0,10,27,33,38,42,82,93,95,120,138,1,19,98,75,11,87,132,60,72,150,24,28,80,86,113,36,103,119
[124] Received message from  95: 1|0,10,27,33,38,42,82,93,95,120,138,1,124
[ 75] Received message from 132: 1|0,10,27,33,38,42,82,93,95,120,138,1,19,98,132,75
[ 95] Sent Broadcast: 1|0,10,27,33,38,42,82,93,95,120,138,1,124
[132] Received message from  75: 1|0,10,27,33,38,42,82,93,95,120,138,1,19,98,75,11,87,132
[ 30] Received message from  20: 1|0,10,27,33,38,42,82,93,95,120,138,1,3,35,54,56,101,124,96,144,34,37,134,57,63,110,20,77,30,41,65,79,141
[132] Sent Broadcast: 1|0,10,27,33,38,42,82,93,95,120,138,1,19,98,132,75
[ 24] Received message from  87: 1|0,10,27,33,38,42,82,93,95,120,138,1,19,98,75,11,87,132,24,28,60,80,113,150
[ 26] Received message from  59: 1|0,10,27,33,38,42,82,93,95,120,138,1,19,98,75,11,87,132,60,72,150,24,28,80,86,113,36,103,119,59,90,146,26,123,143
[ 98] Received message from  82: 1|0,10,27,33,38,42,82,93,95,120,138,1,19,54,56,98,101
[ 56] Received message from  93: 1|0,10,27,33,38,42,82,93,95,120,138,1,19,54,56,98,101
[110] Received message from 134: 1|0,10,27,33,38,42,82,93,95,120,138,1,3,35,54,56,101,124,96,144,34,37,134,57,63,110
[ 75] Sent Broadcast: 1|0,10,27,33,38,42,82,93,95,120,138,1,19,98,75,11,87,132
[103] Received message from  24: 1|0,10,27,33,38,42,82,93,95,120,138,1,19,98,75,11,87,132,60,72,150,24,28,80,86,113,36,103,119
[120] Received message from   1: 1|0,10,27,33,38,42,82,93,95,120,138
[ 28] Received message from  87: 1|0,10,27,33,38,42,82,93,95,120,138,1,19,98,75,11,87,132,24,28,60,80,113,150
[ 90] Received message from  28: 1|0,10,27,33,38,42,82,93,95,120,138,1,19,98,75,11,87,132,60,72,150,24,28,80,86,113,36,90,103,119,146
[134] Sent Broadcast: 1|0,10,27,33,38,42,82,93,95,120,138,1,3,35,54,56,101,124,96,144,34,37,134,57,63,110
[ 41] Received message from  20: 1|0,10,27,33,38,42,82,93,95,120,138,1,3,35,54,56,101,124,96,144,34,37,134,57,63,110,20,77,30,41,65,79,141
[ 86] Received message from  60: 1|0,10,27,33,38,42,82,93,95,120,138,1,19,98,75,11,87,132,60,72,150,24,28,80,86,113
[ 77] Received message from  63: 1|0,10,27,33,38,42,82,93,95,120,138,1,3,35,54,56,101,124,96,144,34,37,134,57,63,110,20,77
[ 90] Received message from  36: 1|0,10,27,33,38,42,82,93,95,120,138,1,19,98,75,11,87,132,60,72,150,24,28,80,86,113,36,103,119,59,90,146
[144] Received message from 124: 1|0,10,27,33,38,42,82,93,95,120,138,1,124,3,96,144
[ 86] Received message from  72: 1|0,10,27,33,38,42,82,93,95,120,138,1,19,98,75,11,87,132,60,72,150,80,86,113
[ 68] Received message from 103: 1|0,10,27,33,38,42,82,93,95,120,138,1,19,98,75,11,87,132,60,72,150,24,28,80,86,113,36,103,119,68
[ 64] Received message from  26: 1|0,10,27,33,38,42,82,93,95,120,138,1,19,98,75,11,87,132,60,72,150,24,28,80,86,113,36,103,119,59,90,146,26,123,143,64
[ 77] Received message from 110: 1|0,10,27,33,38,42,82,93,95,120,138,1,3,35,54,56,101,124,96,144,34,37,134,57,63,110,77
[124] Received message from 120: 1|0,10,27,33,38,42,82,93,95,120,138,1,124
[101] Received message from  82: 1|0,10,27,33,38,42,82,93,95,120,138,1,19,54,56,98,101
[ 65] Received message from  20: 1|0,10,27,33,38,42,82,93,95,120,138,1,3,35,54,56,101,124,96,144,34,37,134,57,63,110,20,77,30,41,65,79,141
[ 26] Sent Broadcast: 1|0,10,27,33,38,42,82,93,95,120,138,1,19,98,75,11,87,132,60,72,150,24,28,80,86,113,36,103,119,59,90,146,26,123,143,64
[ 65] Received message from  77: 1|0,10,27,33,38,42,82,93,95,120,138,1,3,35,54,56,101,124,96,144,34,37,134,57,63,110,20,77,65,79,141
[124] Sent Broadcast: 1|0,10,27,33,38,42,82,93,95,120,138,1,124,3,96,144
[ 63] Sent Broadcast: 1|0,10,27,33,38,42,82,93,95,120,138,1,3,35,54,56,101,124,96,144,34,37,134,57,63,110,20,77
[110] Sent Broadcast: 1|0,10,27,33,38,42,82,93,95,120,138,1,3,35,54,56,101,124,96,144,34,37,134,57,63,110,77
[103] Sent Broadcast: 1|0,10,27,33,38,42,82,93,95,120,138,1,19,98,75,11,87,132,60,72,150,24,28,80,86,113,36,103,119,68
[ 82] Sent Broadcast: 1|0,10,27,33,38,42,82,93,95,120,138,1,19,54,56,98,101
[103] Received message from  80: 1|0,10,27,33,38,42,82,93,95,120,138,1,19,98,75,11,87,132,60,72,150,24,28,80,86,113,36,103,119
[ 98] Received message from  93: 1|0,10,27,33,38,42,82,93,95,120,138,1,19,54,56,98,101
[123] Received message from  59: 1|0,10,27,33,38,42,82,93,95,120,138,1,19,98,75,11,87,132,60,72,150,24,28,80,86,113,36,103,119,59,90,146,26,123,143
[120] Sent Broadcast: 1|0,10,27,33,38,42,82,93,95,120,138,1,124
[ 26] Received message from  90: 1|0,10,27,33,38,42,82,93,95,120,138,1,19,98,75,11,87,132,60,72,150,24,28,80,86,113,36,90,103,119,146,26,59,143
[ 51] Received message from  30: 1|0,10,27,33,38,42,82,93,95,120,138,1,3,35,54,56,101,124,96,144,34,37,134,57,63,110,20,77,30,41,65,79,141,51
[103] Received message from  28: 1|0,10,27,33,38,42,82,93,95,120,138,1,19,98,75,11,87,132,60,72,150,24,28,80,86,113,36,90,103,119,146
[119] Received message from  24: 1|0,10,27,33,38,42,82,93,95,120,138,1,19,98,75,11,87,132,60,72,150,24,28,80,86,113,36,103,119
[ 60] Received message from  87: 1|0,10,27,33,38,42,82,93,95,120,138,1,19,98,75,11,87,132,24,28,60,80,113,150
[113] Received message from  72: 1|0,10,27,33,38,42,82,93,95,120,138,1,19,98,75,11,87,132,60,72,150,80,86,113
[119] Received message from  80: 1|0,10,27,33,38,42,82,93,95,120,138,1,19,98,75,11,87,132,60,72,150,24,28,80,86,113,36,103,119
[138] Received message from   1: 1|0,10,27,33,38,42,82,93,95,120,138
[ 30] Sent Broadcast: 1|0,10,27,33,38,42,82,93,95,120,138,1,3,35,54,56,101,124,96,144,34,37,134,57,63,110,20,77,30,41,65,79,141,51
[  6] Received message from  41: 1|0,10,27,33,38,42,82,93,95,120,138,1,3,35,54,56,101,124,96,144,34,37,134,57,63,110,20,77,30,41,65,79,141,6,51,55,99,106,145
[146] Received message from  36: 1|0,10,27,33,38,42,82,93,95,120,138,1,19,98,75,11,87,132,60,72,150,24,28,80,86,113,36,103,119,59,90,146
[101] Received message from  93: 1|0,10,27,33,38,42,82,93,95,120,138,1,19,54,56,98,101
[106] Received message from  65: 1|0,10,27,33,38,42,82,93,95,120,138,1,3,35,54,56,101,124,96,144,34,37,134,57,63,110,20,77,30,41,65,79,141,106
[103] Received message from  86: 1|0,10,27,33,38,42,82,93,95,120,138,1,19,98,75,11,87,132,60,72,150,24,28,80,86,113,103
[113] Received message from  60: 1|0,10,27,33,38,42,82,93,95,120,138,1,19,98,75,11,87,132,60,72,150,24,28,80,86,113
[ 59] Received message from  90: 1|0,10,27,33,38,42,82,93,95,120,138,1,19,98,75,11,87,132,60,72,150,24,28,80,86,113,36,90,103,119,146,26,59,143
[ 79] Received message from  20: 1|0,10,27,33,38,42,82,93,95,120,138,1,3,35,54,56,101,124,96,144,34,37,134,57,63,110,20,77,30,41,65,79,141
[ 51] Received message from  41: 1|0,10,27,33,38,42,82,93,95,120,138,1,3,35,54,56,101,124,96,144,34,37,134,57,63,110,20,77,30,41,65,79,141,6,51,55,99,106,145
[  1] Sent Broadcast: 1|0,10,27,33,38,42,82,93,95,120,138
[ 72] Sent Broadcast: 1|0,10,27,33,38,42,82,93,95,120,138,1,19,98,75,11,87,132,60,72,150,80,86,113
[ 24] Sent Broadcast: 1|0,10,27,33,38,42,82,93,95,120,138,1,19,98,75,11,87,132,60,72,150,24,28,80,86,113,36,103,119
[ 80] Sent Broadcast: 1|0,10,27,33,38,42,82,93,95,120,138,1,19,98,75,11,87,132,60,72,150,24,28,80,86,113,36,103,119
[ 60] Sent Broadcast: 1|0,10,27,33,38,42,82,93,95,120,138,1,19,98,75,11,87,132,60,72,150,24,28,80,86,113
[119] Received message from  28: 1|0,10,27,33,38,42,82,93,95,120,138,1,19,98,75,11,87,132,60,72,150,24,28,80,86,113,36,90,103,119,146
[ 79] Received message from  77: 1|0,10,27,33,38,42,82,93,95,120,138,1,3,35,54,56,101,124,96,144,34,37,134,57,63,110,20,77,65,79,141
[ 24] Received message from 113: 1|0,10,27,33,38,42,82,93,95,120,138,1,19,98,75,11,87,132,60,72,150,80,86,113,24,28,103
[ 59] Received message from 119: 1|0,10,27,33,38,42,82,93,95,120,138,1,19,98,75,11,87,132,60,72,150,24,28,80,86,113,36,103,119,59,90,146
[ 80] Received message from  87: 1|0,10,27,33,38,42,82,93,95,120,138,1,19,98,75,11,87,132,24,28,60,80,113,150
[ 55] Received message from  51: 1|0,10,27,33,38,42,82,93,95,120,138,1,3,35,54,56,101,124,96,144,34,37,134,57,63,110,20,77,30,41,65,79,141,51,55,106,122
[ 64] Received message from 123: 1|0,10,27,33,38,42,82,93,95,120,138,1,19,98,75,11,87,132,60,72,150,24,28,80,86,113,36,103,119,59,90,146,26,123,143,64
[141] Received message from  20: 1|0,10,27,33,38,42,82,93,95,120,138,1,3,35,54,56,101,124,96,144,34,37,134,57,63,110,20,77,30,41,65,79,141
[ 93] Sent Broadcast: 1|0,10,27,33,38,42,82,93,95,120,138,1,19,54,56,98,101
[ 86] Sent Broadcast: 1|0,10,27,33,38,42,82,93,95,120,138,1,19,98,75,11,87,132,60,72,150,24,28,80,86,113,103
[ 36] Sent Broadcast: 1|0,10,27,33,38,42,82,93,95,120,138,1,19,98,75,11,87,132,60,72,150,24,28,80,86,113,36,103,119,59,90,146
[ 65] Sent Broadcast: 1|0,10,27,33,38,42,82,93,95,120,138,1,3,35,54,56,101,124,96,144,34,37,134,57,63,110,20,77,30,41,65,79,141,106
[123] Sent Broadcast: 1|0,10,27,33,38,42,82,93,95,120,138,1,19,98,75,11,87,132,60,72,150,24,28,80,86,113,36,103,119,59,90,146,26,123,143,64
[ 20] Sent Broadcast: 1|0,10,27,33,38,42,82,93,95,120,138,1,3,35,54,56,101,124,96,144,34,37,134,57,63,110,20,77,30,41,65,79,141
[ 55] Received message from  41: 1|0,10,27,33,38,42,82,93,95,120,138,1,3,35,54,56,101,124,96,144,34,37,134,57,63,110,20,77,30,41,65,79,141,6,51,55,99,106,145
[124] Received message from 138: 1|0,10,27,33,38,42,82,93,95,120,138,1,124,130
[  6] Received message from 106: 1|0,10,27,33,38,42,82,93,95,120,138,1,3,35,54,56,101,124,96,144,34,37,134,57,63,110,20,77,30,41,65,79,141,106,6,51,55,89,97,99,128,145
[143] Received message from  59: 1|0,10,27,33,38,42,82,93,95,120,138,1,19,98,75,11,87,132,60,72,150,24,28,80,86,113,36,103,119,59,90,146,26,123,143
[113] Received message from  87: 1|0,10,27,33,38,42,82,93,95,120,138,1,19,98,75,11,87,132,24,28,60,80,113,150
[ 28] Received message from 113: 1|0,10,27,33,38,42,82,93,95,120,138,1,19,98,75,11,87,132,60,72,150,80,86,113,24,28,103
[  6] Received message from  55: 1|0,10,27,33,38,42,82,93,95,120,138,1,3,35,54,56,101,124,96,144,34,37,134,57,63,110,20,77,30,41,65,79,141,51,55,106,122,6,81,89,99,128,129
[146] Received message from  28: 1|0,10,27,33,38,42,82,93,95,120,138,1,19,98,75,11,87,132,60,72,150,24,28,80,86,113,36,90,103,119,146
[ 18] Received message from   6: 1|0,10,27,33,38,42,82,93,95,120,138,1,3,35,54,56,101,124,96,144,34,37,134,57,63,110,20,77,30,41,65,79,141,6,51,55,99,106,145,18,89,97,128
[ 99] Received message from  41: 1|0,10,27,33,38,42,82,93,95,120,138,1,3,35,54,56,101,124,96,144,34,37,134,57,63,110,20,77,30,41,65,79,141,6,51,55,99,106,145
[ 59] Sent Broadcast: 1|0,10,27,33,38,42,82,93,95,120,138,1,19,98,75,11,87,132,60,72,150,24,28,80,86,113,36,103,119,59,90,146,26,123,143
[ 28] Sent Broadcast: 1|0,10,27,33,38,42,82,93,95,120,138,1,19,98,75,11,87,132,60,72,150,24,28,80,86,113,36,90,103,119,146
[ 90] Received message from 119: 1|0,10,27,33,38,42,82,93,95,120,138,1,19,98,75,11,87,132,60,72,150,24,28,80,86,113,36,103,119,59,90,146
[103] Received message from 113: 1|0,10,27,33,38,42,82,93,95,120,138,1,19,98,75,11,87,132,60,72,150,80,86,113,24,28,103
[ 81] Received message from  55: 1|0,10,27,33,38,42,82,93,95,120,138,1,3,35,54,56,101,124,96,144,34,37,134,57,63,110,20,77,30,41,65,79,141,51,55,106,122,6,81,89,99,128,129
[ 51] Received message from 106: 1|0,10,27,33,38,42,82,93,95,120,138,1,3,35,54,56,101,124,96,144,34,37,134,57,63,110,20,77,30,41,65,79,141,106,6,51,55,89,97,99,128,145
[130] Received message from 138: 1|0,10,27,33,38,42,82,93,95,120,138,1,124,130
[106] Received message from  79: 1|0,10,27,33,38,42,82,93,95,120,138,1,3,35,54,56,101,124,96,144,34,37,134,57,63,110,20,77,30,41,65,79,141,106
[ 89] Received message from   6: 1|0,10,27,33,38,42,82,93,95,120,138,1,3,35,54,56,101,124,96,144,34,37,134,57,63,110,20,77,30,41,65,79,141,6,51,55,99,106,145,18,89,97,128
[106] Received message from  51: 1|0,10,27,33,38,42,82,93,95,120,138,1,3,35,54,56,101,124,96,144,34,37,134,57,63,110,20,77,30,41,65,79,141,51,55,106,122
[106] Received message from  41: 1|0,10,27,33,38,42,82,93,95,120,138,1,3,35,54,56,101,124,96,144,34,37,134,57,63,110,20,77,30,41,65,79,141,6,51,55,99,106,145
[143] Received message from  90: 1|0,10,27,33,38,42,82,93,95,120,138,1,19,98,75,11,87,132,60,72,150,24,28,80,86,113,36,90,103,119,146,26,59,143
[138] Sent Broadcast: 1|0,10,27,33,38,42,82,93,95,120,138,1,124,130
[113] Sent Broadcast: 1|0,10,27,33,38,42,82,93,95,120,138,1,19,98,75,11,87,132,60,72,150,80,86,113,24,28,103
[ 79] Sent Broadcast: 1|0,10,27,33,38,42,82,93,95,120,138,1,3,35,54,56,101,124,96,144,34,37,134,57,63,110,20,77,30,41,65,79,141,106
[146] Received message from 119: 1|0,10,27,33,38,42,82,93,95,120,138,1,19,98,75,11,87,132,60,72,150,24,28,80,86,113,36,103,119,59,90,146
[ 90] Sent Broadcast: 1|0,10,27,33,38,42,82,93,95,120,138,1,19,98,75,11,87,132,60,72,150,24,28,80,86,113,36,90,103,119,146,26,59,143
[119] Sent Broadcast: 1|0,10,27,33,38,42,82,93,95,120,138,1,19,98,75,11,87,132,60,72,150,24,28,80,86,113,36,103,119,59,90,146
[ 89] Received message from  55: 1|0,10,27,33,38,42,82,93,95,120,138,1,3,35,54,56,101,124,96,144,34,37,134,57,63,110,20,77,30,41,65,79,141,51,55,106,122,6,81,89,99,128,129
[145] Received message from  41: 1|0,10,27,33,38,42,82,93,95,120,138,1,3,35,54,56,101,124,96,144,34,37,134,57,63,110,20,77,30,41,65,79,141,6,51,55,99,106,145
[ 41] Sent Broadcast: 1|0,10,27,33,38,42,82,93,95,120,138,1,3,35,54,56,101,124,96,144,34,37,134,57,63,110,20,77,30,41,65,79,141,6,51,55,99,106,145
[150] Received message from  87: 1|0,10,27,33,38,42,82,93,95,120,138,1,19,98,75,11,87,132,24,28,60,80,113,150
[ 18] Received message from 145: 1|0,10,27,33,38,42,82,93,95,120,138,1,3,35,54,56,101,124,96,144,34,37,134,57,63,110,20,77,30,41,65,79,141,6,51,55,99,106,145,18,89,97,128
[ 97] Received message from   6: 1|0,10,27,33,38,42,82,93,95,120,138,1,3,35,54,56,101,124,96,144,34,37,134,57,63,110,20,77,30,41,65,79,141,6,51,55,99,106,145,18,89,97,128
[ 55] Received message from 106: 1|0,10,27,33,38,42,82,93,95,120,138,1,3,35,54,56,101,124,96,144,34,37,134,57,63,110,20,77,30,41,65,79,141,106,6,51,55,89,97,99,128,145
[122] Received message from  51: 1|0,10,27,33,38,42,82,93,95,120,138,1,3,35,54,56,101,124,96,144,34,37,134,57,63,110,20,77,30,41,65,79,141,51,55,106,122
[ 87] Sent Broadcast: 1|0,10,27,33,38,42,82,93,95,120,138,1,19,98,75,11,87,132,24,28,60,80,113,150
[ 99] Received message from  55: 1|0,10,27,33,38,42,82,93,95,120,138,1,3,35,54,56,101,124,96,144,34,37,134,57,63,110,20,77,30,41,65,79,141,51,55,106,122,6,81,89,99,128,129
[141] Received message from  77: 1|0,10,27,33,38,42,82,93,95,120,138,1,3,35,54,56,101,124,96,144,34,37,134,57,63,110,20,77,65,79,141
[ 77] Sent Broadcast: 1|0,10,27,33,38,42,82,93,95,120,138,1,3,35,54,56,101,124,96,144,34,37,134,57,63,110,20,77,65,79,141
[ 51] Sent Broadcast: 1|0,10,27,33,38,42,82,93,95,120,138,1,3,35,54,56,101,124,96,144,34,37,134,57,63,110,20,77,30,41,65,79,141,51,55,106,122
[128] Received message from   6: 1|0,10,27,33,38,42,82,93,95,120,138,1,3,35,54,56,101,124,96,144,34,37,134,57,63,110,20,77,30,41,65,79,141,6,51,55,99,106,145,18,89,97,128
[  6] Sent Broadcast: 1|0,10,27,33,38,42,82,93,95,120,138,1,3,35,54,56,101,124,96,144,34,37,134,57,63,110,20,77,30,41,65,79,141,6,51,55,99,106,145,18,89,97,128
[128] Received message from  55: 1|0,10,27,33,38,42,82,93,95,120,138,1,3,35,54,56,101,124,96,144,34,37,134,57,63,110,20,77,30,41,65,79,141,51,55,106,122,6,81,89,99,128,129
[ 41] Received message from 141: 1|0,10,27,33,38,42,82,93,95,120,138,1,3,35,54,56,101,124,96,144,34,37,134,57,63,110,20,77,65,79,141,41,106
[107] Received message from  97: 1|0,10,27,33,38,42,82,93,95,120,138,1,3,35,54,56,101,124,96,144,34,37,134,57,63,110,20,77,30,41,65,79,141,6,51,55,99,106,145,18,89,97,128,107
[ 81] Received message from 122: 1|0,10,27,33,38,42,82,93,95,120,138,1,3,35,54,56,101,124,96,144,34,37,134,57,63,110,20,77,30,41,65,79,141,51,55,106,122,81,129
[ 40] Received message from 107: 1|0,10,27,33,38,42,82,93,95,120,138,1,3,35,54,56,101,124,96,144,34,37,134,57,63,110,20,77,30,41,65,79,141,6,51,55,99,106,145,18,89,97,128,107,40,66
[ 58] Received message from  40: 1|0,10,27,33,38,42,82,93,95,120,138,1,3,35,54,56,101,124,96,144,34,37,134,57,63,110,20,77,30,41,65,79,141,6,51,55,99,106,145,18,89,97,128,107,40,66,58,118
[ 70] Received message from  58: 1|0,10,27,33,38,42,82,93,95,120,138,1,3,35,54,56,101,124,96,144,34,37,134,57,63,110,20,77,30,41,65,79,141,6,51,55,99,106,145,18,89,97,128,107,40,66,58,118,70,109
[ 97] Sent Broadcast: 1|0,10,27,33,38,42,82,93,95,120,138,1,3,35,54,56,101,124,96,144,34,37,134,57,63,110,20,77,30,41,65,79,141,6,51,55,99,106,145,18,89,97,128,107
[ 89] Received message from 145: 1|0,10,27,33,38,42,82,93,95,120,138,1,3,35,54,56,101,124,96,144,34,37,134,57,63,110,20,77,30,41,65,79,141,6,51,55,99,106,145,18,89,97,128
[ 69] Received message from  89: 1|0,10,27,33,38,42,82,93,95,120,138,1,3,35,54,56,101,124,96,144,34,37,134,57,63,110,20,77,30,41,65,79,141,6,51,55,99,106,145,18,89,97,128,69,129
[129] Received message from 122: 1|0,10,27,33,38,42,82,93,95,120,138,1,3,35,54,56,101,124,96,144,34,37,134,57,63,110,20,77,30,41,65,79,141,51,55,106,122,81,129
[ 18] Received message from  99: 1|0,10,27,33,38,42,82,93,95,120,138,1,3,35,54,56,101,124,96,144,34,37,134,57,63,110,20,77,30,41,65,79,141,51,55,106,122,6,81,89,99,128,129,18,97,145
[ 69] Received message from  18: 1|0,10,27,33,38,42,82,93,95,120,138,1,3,35,54,56,101,124,96,144,34,37,134,57,63,110,20,77,30,41,65,79,141,6,51,55,99,106,145,18,89,97,128,69,107
[ 66] Received message from 107: 1|0,10,27,33,38,42,82,93,95,120,138,1,3,35,54,56,101,124,96,144,34,37,134,57,63,110,20,77,30,41,65,79,141,6,51,55,99,106,145,18,89,97,128,107,40,66
[ 97] Received message from 145: 1|0,10,27,33,38,42,82,93,95,120,138,1,3,35,54,56,101,124,96,144,34,37,134,57,63,110,20,77,30,41,65,79,141,6,51,55,99,106,145,18,89,97,128
[106] Received message from 141: 1|0,10,27,33,38,42,82,93,95,120,138,1,3,35,54,56,101,124,96,144,34,37,134,57,63,110,20,77,65,79,141,41,106
[ 89] Received message from 106: 1|0,10,27,33,38,42,82,93,95,120,138,1,3,35,54,56,101,124,96,144,34,37,134,57,63,110,20,77,30,41,65,79,141,106,6,51,55,89,97,99,128,145
[109] Received message from  58: 1|0,10,27,33,38,42,82,93,95,120,138,1,3,35,54,56,101,124,96,144,34,37,134,57,63,110,20,77,30,41,65,79,141,6,51,55,99,106,145,18,89,97,128,107,40,66,58,118,70,109
[118] Received message from  40: 1|0,10,27,33,38,42,82,93,95,120,138,1,3,35,54,56,101,124,96,144,34,37,134,57,63,110,20,77,30,41,65,79,141,6,51,55,99,106,145,18,89,97,128,107,40,66,58,118
[129] Received message from  55: 1|0,10,27,33,38,42,82,93,95,120,138,1,3,35,54,56,101,124,96,144,34,37,134,57,63,110,20,77,30,41,65,79,141,51,55,106,122,6,81,89,99,128,129
[122] Sent Broadcast: 1|0,10,27,33,38,42,82,93,95,120,138,1,3,35,54,56,101,124,96,144,34,37,134,57,63,110,20,77,30,41,65,79,141,51,55,106,122,81,129
[ 18] Received message from 128: 1|0,10,27,33,38,42,82,93,95,120,138,1,3,35,54,56,101,124,96,144,34,37,134,57,63,110,20,77,30,41,65,79,141,51,55,106,122,6,81,89,99,128,129,18,69,97,145
[107] Sent Broadcast: 1|0,10,27,33,38,42,82,93,95,120,138,1,3,35,54,56,101,124,96,144,34,37,134,57,63,110,20,77,30,41,65,79,141,6,51,55,99,106,145,18,89,97,128,107,40,66
[141] Sent Broadcast: 1|0,10,27,33,38,42,82,93,95,120,138,1,3,35,54,56,101,124,96,144,34,37,134,57,63,110,20,77,65,79,141,41,106
[ 58] Sent Broadcast: 1|0,10,27,33,38,42,82,93,95,120,138,1,3,35,54,56,101,124,96,144,34,37,134,57,63,110,20,77,30,41,65,79,141,6,51,55,99,106,145,18,89,97,128,107,40,66,58,118,70,109
[129] Received message from  69: 1|0,10,27,33,38,42,82,93,95,120,138,1,3,35,54,56,101,124,96,144,34,37,134,57,63,110,20,77,30,41,65,79,141,6,51,55,99,106,145,18,89,97,128,69,107,129
[ 55] Sent Broadcast: 1|0,10,27,33,38,42,82,93,95,120,138,1,3,35,54,56,101,124,96,144,34,37,134,57,63,110,20,77,30,41,65,79,141,51,55,106,122,6,81,89,99,128,129
[ 40] Sent Broadcast: 1|0,10,27,33,38,42,82,93,95,120,138,1,3,35,54,56,101,124,96,144,34,37,134,57,63,110,20,77,30,41,65,79,141,6,51,55,99,106,145,18,89,97,128,107,40,66,58,118
[ 69] Received message from 129: 1|0,10,27,33,38,42,82,93,95,120,138,1,3,35,54,56,101,124,96,144,34,37,134,57,63,110,20,77,30,41,65,79,141,51,55,106,122,81,129,69,89,128
[107] Received message from  18: 1|0,10,27,33,38,42,82,93,95,120,138,1,3,35,54,56,101,124,96,144,34,37,134,57,63,110,20,77,30,41,65,79,141,6,51,55,99,106,145,18,89,97,128,69,107
[ 58] Received message from  66: 1|0,10,27,33,38,42,82,93,95,120,138,1,3,35,54,56,101,124,96,144,34,37,134,57,63,110,20,77,30,41,65,79,141,6,51,55,99,106,145,18,89,97,128,107,40,66,58,118
[ 18] Sent Broadcast: 1|0,10,27,33,38,42,82,93,95,120,138,1,3,35,54,56,101,124,96,144,34,37,134,57,63,110,20,77,30,41,65,79,141,6,51,55,99,106,145,18,89,97,128,69,107
[ 69] Sent Broadcast: 1|0,10,27,33,38,42,82,93,95,120,138,1,3,35,54,56,101,124,96,144,34,37,134,57,63,110,20,77,30,41,65,79,141,6,51,55,99,106,145,18,89,97,128,69,107,129
[ 32] Received message from  70: 1|0,10,27,33,38,42,82,93,95,120,138,1,3,35,54,56,101,124,96,144,34,37,134,57,63,110,20,77,30,41,65,79,141,6,51,55,99,106,145,18,89,97,128,107,40,66,58,118,70,109,32,78,91,104,137
[128] Received message from 145: 1|0,10,27,33,38,42,82,93,95,120,138,1,3,35,54,56,101,124,96,144,34,37,134,57,63,110,20,77,30,41,65,79,141,6,51,55,99,106,145,18,89,97,128
[ 69] Received message from 128: 1|0,10,27,33,38,42,82,93,95,120,138,1,3,35,54,56,101,124,96,144,34,37,134,57,63,110,20,77,30,41,65,79,141,51,55,106,122,6,81,89,99,128,129,18,69,97,145
[ 97] Received message from  99: 1|0,10,27,33,38,42,82,93,95,120,138,1,3,35,54,56,101,124,96,144,34,37,134,57,63,110,20,77,30,41,65,79,141,51,55,106,122,6,81,89,99,128,129,18,97,145
[109] Received message from 118: 1|0,10,27,33,38,42,82,93,95,120,138,1,3,35,54,56,101,124,96,144,34,37,134,57,63,110,20,77,30,41,65,79,141,6,51,55,99,106,145,18,89,97,128,107,40,66,58,118,109
[100] Received message from 109: 1|0,10,27,33,38,42,82,93,95,120,138,1,3,35,54,56,101,124,96,144,34,37,134,57,63,110,20,77,30,41,65,79,141,6,51,55,99,106,145,18,89,97,128,107,40,66,58,118,70,109,100
[118] Received message from  66: 1|0,10,27,33,38,42,82,93,95,120,138,1,3,35,54,56,101,124,96,144,34,37,134,57,63,110,20,77,30,41,65,79,141,6,51,55,99,106,145,18,89,97,128,107,40,66,58,118
[129] Received message from  89: 1|0,10,27,33,38,42,82,93,95,120,138,1,3,35,54,56,101,124,96,144,34,37,134,57,63,110,20,77,30,41,65,79,141,6,51,55,99,106,145,18,89,97,128,69,129
[ 78] Received message from  70: 1|0,10,27,33,38,42,82,93,95,120,138,1,3,35,54,56,101,124,96,144,34,37,134,57,63,110,20,77,30,41,65,79,141,6,51,55,99,106,145,18,89,97,128,107,40,66,58,118,70,109,32,78,91,104,137
[ 89] Received message from 129: 1|0,10,27,33,38,42,82,93,95,120,138,1,3,35,54,56,101,124,96,144,34,37,134,57,63,110,20,77,30,41,65,79,141,51,55,106,122,81,129,69,89,128
[ 14] Received message from 100: 1|0,10,27,33,38,42,82,93,95,120,138,1,3,35,54,56,101,124,96,144,34,37,134,57,63,110,20,77,30,41,65,79,141,6,51,55,99,106,145,18,89,97,128,107,40,66,58,118,70,109,100,14,25,29,142
[145] Sent Broadcast: 1|0,10,27,33,38,42,82,93,95,120,138,1,3,35,54,56,101,124,96,144,34,37,134,57,63,110,20,77,30,41,65,79,141,6,51,55,99,106,145,18,89,97,128
[109] Sent Broadcast: 1|0,10,27,33,38,42,82,93,95,120,138,1,3,35,54,56,101,124,96,144,34,37,134,57,63,110,20,77,30,41,65,79,141,6,51,55,99,106,145,18,89,97,128,107,40,66,58,118,70,109,100
[118] Sent Broadcast: 1|0,10,27,33,38,42,82,93,95,120,138,1,3,35,54,56,101,124,96,144,34,37,134,57,63,110,20,77,30,41,65,79,141,6,51,55,99,106,145,18,89,97,128,107,40,66,58,118,109
[ 66] Sent Broadcast: 1|0,10,27,33,38,42,82,93,95,120,138,1,3,35,54,56,101,124,96,144,34,37,134,57,63,110,20,77,30,41,65,79,141,6,51,55,99,106,145,18,89,97,128,107,40,66,58,118
[ 89] Sent Broadcast: 1|0,10,27,33,38,42,82,93,95,120,138,1,3,35,54,56,101,124,96,144,34,37,134,57,63,110,20,77,30,41,65,79,141,6,51,55,99,106,145,18,89,97,128,69,129
[ 97] Received message from 106: 1|0,10,27,33,38,42,82,93,95,120,138,1,3,35,54,56,101,124,96,144,34,37,134,57,63,110,20,77,30,41,65,79,141,106,6,51,55,89,97,99,128,145
[  8] Received message from  32: 1|0,10,27,33,38,42,82,93,95,120,138,1,3,35,54,56,101,124,96,144,34,37,134,57,63,110,20,77,30,41,65,79,141,6,51,55,99,106,145,18,89,97,128,107,40,66,58,118,70,109,32,78,91,104,137,8,49
[145] Received message from  99: 1|0,10,27,33,38,42,82,93,95,120,138,1,3,35,54,56,101,124,96,144,34,37,134,57,63,110,20,77,30,41,65,79,141,51,55,106,122,6,81,89,99,128,129,18,97,145
[  8] Received message from  78: 1|0,10,27,33,38,42,82,93,95,120,138,1,3,35,54,56,101,124,96,144,34,37,134,57,63,110,20,77,30,41,65,79,141,6,51,55,99,106,145,18,89,97,128,107,40,66,58,118,70,109,32,78,91,104,137,8,17
[ 99] Sent Broadcast: 1|0,10,27,33,38,42,82,93,95,120,138,1,3,35,54,56,101,124,96,144,34,37,134,57,63,110,20,77,30,41,65,79,141,51,55,106,122,6,81,89,99,128,129,18,97,145
[ 49] Received message from  32: 1|0,10,27,33,38,42,82,93,95,120,138,1,3,35,54,56,101,124,96,144,34,37,134,57,63,110,20,77,30,41,65,79,141,6,51,55,99,106,145,18,89,97,128,107,40,66,58,118,70,109,32,78,91,104,137,8,49
[ 91] Received message from  70: 1|0,10,27,33,38,42,82,93,95,120,138,1,3,35,54,56,101,124,96,144,34,37,134,57,63,110,20,77,30,41,65,79,141,6,51,55,99,106,145,18,89,97,128,107,40,66,58,118,70,109,32,78,91,104,137
[ 99] Received message from 106: 1|0,10,27,33,38,42,82,93,95,120,138,1,3,35,54,56,101,124,96,144,34,37,134,57,63,110,20,77,30,41,65,79,141,106,6,51,55,89,97,99,128,145
[ 32] Sent Broadcast: 1|0,10,27,33,38,42,82,93,95,120,138,1,3,35,54,56,101,124,96,144,34,37,134,57,63,110,20,77,30,41,65,79,141,6,51,55,99,106,145,18,89,97,128,107,40,66,58,118,70,109,32,78,91,104,137,8,49
[ 52] Received message from  14: 1|0,10,27,33,38,42,82,93,95,120,138,1,3,35,54,56,101,124,96,144,34,37,134,57,63,110,20,77,30,41,65,79,141,6,51,55,99,106,145,18,89,97,128,107,40,66,58,118,70,109,100,14,25,29,142,52
[128] Received message from 129: 1|0,10,27,33,38,42,82,93,95,120,138,1,3,35,54,56,101,124,96,144,34,37,134,57,63,110,20,77,30,41,65,79,141,51,55,106,122,81,129,69,89,128
[ 97] Received message from 128: 1|0,10,27,33,38,42,82,93,95,120,138,1,3,35,54,56,101,124,96,144,34,37,134,57,63,110,20,77,30,41,65,79,141,51,55,106,122,6,81,89,99,128,129,18,69,97,145
[ 14] Sent Broadcast: 1|0,10,27,33,38,42,82,93,95,120,138,1,3,35,54,56,101,124,96,144,34,37,134,57,63,110,20,77,30,41,65,79,141,6,51,55,99,106,145,18,89,97,128,107,40,66,58,118,70,109,100,14,25,29,142,52
[129] Sent Broadcast: 1|0,10,27,33,38,42,82,93,95,120,138,1,3,35,54,56,101,124,96,144,34,37,134,57,63,110,20,77,30,41,65,79,141,51,55,106,122,81,129,69,89,128
[ 17] Received message from  78: 1|0,10,27,33,38,42,82,93,95,120,138,1,3,35,54,56,101,124,96,144,34,37,134,57,63,110,20,77,30,41,65,79,141,6,51,55,99,106,145,18,89,97,128,107,40,66,58,118,70,109,32,78,91,104,137,8,17
[ 78] Sent Broadcast: 1|0,10,27,33,38,42,82,93,95,120,138,1,3,35,54,56,101,124,96,144,34,37,134,57,63,110,20,77,30,41,65,79,141,6,51,55,99,106,145,18,89,97,128,107,40,66,58,118,70,109,32,78,91,104,137,8,17
[128] Received message from 106: 1|0,10,27,33,38,42,82,93,95,120,138,1,3,35,54,56,101,124,96,144,34,37,134,57,63,110,20,77,30,41,65,79,141,106,6,51,55,89,97,99,128,145
[ 17] Received message from  91: 1|0,10,27,33,38,42,82,93,95,120,138,1,3,35,54,56,101,124,96,144,34,37,134,57,63,110,20,77,30,41,65,79,141,6,51,55,99,106,145,18,89,97,128,107,40,66,58,118,70,109,32,78,91,104,137,17
[ 91] Sent Broadcast: 1|0,10,27,33,38,42,82,93,95,120,138,1,3,35,54,56,101,124,96,144,34,37,134,57,63,110,20,77,30,41,65,79,141,6,51,55,99,106,145,18,89,97,128,107,40,66,58,118,70,109,32,78,91,104,137,17
[ 25] Received message from 100: 1|0,10,27,33,38,42,82,93,95,120,138,1,3,35,54,56,101,124,96,144,34,37,134,57,63,110,20,77,30,41,65,79,141,6,51,55,99,106,145,18,89,97,128,107,40,66,58,118,70,109,100,14,25,29,142
[116] Received message from  52: 1|0,10,27,33,38,42,82,93,95,120,138,1,3,35,54,56,101,124,96,144,34,37,134,57,63,110,20,77,30,41,65,79,141,6,51,55,99,106,145,18,89,97,128,107,40,66,58,118,70,109,100,14,25,29,142,52,116
[104] Received message from  70: 1|0,10,27,33,38,42,82,93,95,120,138,1,3,35,54,56,101,124,96,144,34,37,134,57,63,110,20,77,30,41,65,79,141,6,51,55,99,106,145,18,89,97,128,107,40,66,58,118,70,109,32,78,91,104,137
[ 52] Sent Broadcast: 1|0,10,27,33,38,42,82,93,95,120,138,1,3,35,54,56,101,124,96,144,34,37,134,57,63,110,20,77,30,41,65,79,141,6,51,55,99,106,145,18,89,97,128,107,40,66,58,118,70,109,100,14,25,29,142,52,116
[145] Received message from 128: 1|0,10,27,33,38,42,82,93,95,120,138,1,3,35,54,56,101,124,96,144,34,37,134,57,63,110,20,77,30,41,65,79,141,51,55,106,122,6,81,89,99,128,129,18,69,97,145
[128] Sent Broadcast: 1|0,10,27,33,38,42,82,93,95,120,138,1,3,35,54,56,101,124,96,144,34,37,134,57,63,110,20,77,30,41,65,79,141,51,55,106,122,6,81,89,99,128,129,18,69,97,145
[145] Received message from 106: 1|0,10,27,33,38,42,82,93,95,120,138,1,3,35,54,56,101,124,96,144,34,37,134,57,63,110,20,77,30,41,65,79,141,106,6,51,55,89,97,99,128,145
[137] Received message from  70: 1|0,10,27,33,38,42,82,93,95,120,138,1,3,35,54,56,101,124,96,144,34,37,134,57,63,110,20,77,30,41,65,79,141,6,51,55,99,106,145,18,89,97,128,107,40,66,58,118,70,109,32,78,91,104,137
[106] Sent Broadcast: 1|0,10,27,33,38,42,82,93,95,120,138,1,3,35,54,56,101,124,96,144,34,37,134,57,63,110,20,77,30,41,65,79,141,106,6,51,55,89,97,99,128,145
[  5] Received message from 116: 1|0,10,27,33,38,42,82,93,95,120,138,1,3,35,54,56,101,124,96,144,34,37,134,57,63,110,20,77,30,41,65,79,141,6,51,55,99,106,145,18,89,97,128,107,40,66,58,118,70,109,100,14,25,29,142,52,116,5
[ 52] Received message from  25: 1|0,10,27,33,38,42,82,93,95,120,138,1,3,35,54,56,101,124,96,144,34,37,134,57,63,110,20,77,30,41,65,79,141,6,51,55,99,106,145,18,89,97,128,107,40,66,58,118,70,109,100,14,25,29,142,52,116
[ 70] Sent Broadcast: 1|0,10,27,33,38,42,82,93,95,120,138,1,3,35,54,56,101,124,96,144,34,37,134,57,63,110,20,77,30,41,65,79,141,6,51,55,99,106,145,18,89,97,128,107,40,66,58,118,70,109,32,78,91,104,137
[116] Sent Broadcast: 1|0,10,27,33,38,42,82,93,95,120,138,1,3,35,54,56,101,124,96,144,34,37,134,57,63,110,20,77,30,41,65,79,141,6,51,55,99,106,145,18,89,97,128,107,40,66,58,118,70,109,100,14,25,29,142,52,116,5
[ 17] Received message from 104: 1|0,10,27,33,38,42,82,93,95,120,138,1,3,35,54,56,101,124,96,144,34,37,134,57,63,110,20,77,30,41,65,79,141,6,51,55,99,106,145,18,89,97,128,107,40,66,58,118,70,109,32,78,91,104,137,17
[104] Sent Broadcast: 1|0,10,27,33,38,42,82,93,95,120,138,1,3,35,54,56,101,124,96,144,34,37,134,57,63,110,20,77,30,41,65,79,141,6,51,55,99,106,145,18,89,97,128,107,40,66,58,118,70,109,32,78,91,104,137,17
[ 29] Received message from 100: 1|0,10,27,33,38,42,82,93,95,120,138,1,3,35,54,56,101,124,96,144,34,37,134,57,63,110,20,77,30,41,65,79,141,6,51,55,99,106,145,18,89,97,128,107,40,66,58,118,70,109,100,14,25,29,142
[  8] Received message from 137: 1|0,10,27,33,38,42,82,93,95,120,138,1,3,35,54,56,101,124,96,144,34,37,134,57,63,110,20,77,30,41,65,79,141,6,51,55,99,106,145,18,89,97,128,107,40,66,58,118,70,109,32,78,91,104,137,8,49
[116] Received message from  25: 1|0,10,27,33,38,42,82,93,95,120,138,1,3,35,54,56,101,124,96,144,34,37,134,57,63,110,20,77,30,41,65,79,141,6,51,55,99,106,145,18,89,97,128,107,40,66,58,118,70,109,100,14,25,29,142,52,116
[ 13] Received message from   5: 1|0,10,27,33,38,42,82,93,95,120,138,1,3,35,54,56,101,124,96,144,34,37,134,57,63,110,20,77,30,41,65,79,141,6,51,55,99,106,145,18,89,97,128,107,40,66,58,118,70,109,100,14,25,29,142,52,116,5,13,39,44,83,136
[ 25] Sent Broadcast: 1|0,10,27,33,38,42,82,93,95,120,138,1,3,35,54,56,101,124,96,144,34,37,134,57,63,110,20,77,30,41,65,79,141,6,51,55,99,106,145,18,89,97,128,107,40,66,58,118,70,109,100,14,25,29,142,52,116
[ 49] Received message from 137: 1|0,10,27,33,38,42,82,93,95,120,138,1,3,35,54,56,101,124,96,144,34,37,134,57,63,110,20,77,30,41,65,79,141,6,51,55,99,106,145,18,89,97,128,107,40,66,58,118,70,109,32,78,91,104,137,8,49
[137] Sent Broadcast: 1|0,10,27,33,38,42,82,93,95,120,138,1,3,35,54,56,101,124,96,144,34,37,134,57,63,110,20,77,30,41,65,79,141,6,51,55,99,106,145,18,89,97,128,107,40,66,58,118,70,109,32,78,91,104,137,8,49
[142] Received message from 100: 1|0,10,27,33,38,42,82,93,95,120,138,1,3,35,54,56,101,124,96,144,34,37,134,57,63,110,20,77,30,41,65,79,141,6,51,55,99,106,145,18,89,97,128,107,40,66,58,118,70,109,100,14,25,29,142
[100] Sent Broadcast: 1|0,10,27,33,38,42,82,93,95,120,138,1,3,35,54,56,101,124,96,144,34,37,134,57,63,110,20,77,30,41,65,79,141,6,51,55,99,106,145,18,89,97,128,107,40,66,58,118,70,109,100,14,25,29,142
[ 39] Received message from   5: 1|0,10,27,33,38,42,82,93,95,120,138,1,3,35,54,56,101,124,96,144,34,37,134,57,63,110,20,77,30,41,65,79,141,6,51,55,99,106,145,18,89,97,128,107,40,66,58,118,70,109,100,14,25,29,142,52,116,5,13,39,44,83,136
[ 15] Received message from  13: 1|0,10,27,33,38,42,82,93,95,120,138,1,3,35,54,56,101,124,96,144,34,37,134,57,63,110,20,77,30,41,65,79,141,6,51,55,99,106,145,18,89,97,128,107,40,66,58,118,70,109,100,14,25,29,142,52,116,5,13,39,44,83,136,15
[ 44] Received message from   5: 1|0,10,27,33,38,42,82,93,95,120,138,1,3,35,54,56,101,124,96,144,34,37,134,57,63,110,20,77,30,41,65,79,141,6,51,55,99,106,145,18,89,97,128,107,40,66,58,118,70,109,100,14,25,29,142,52,116,5,13,39,44,83,136
[ 13] Sent Broadcast: 1|0,10,27,33,38,42,82,93,95,120,138,1,3,35,54,56,101,124,96,144,34,37,134,57,63,110,20,77,30,41,65,79,141,6,51,55,99,106,145,18,89,97,128,107,40,66,58,118,70,109,100,14,25,29,142,52,116,5,13,39,44,83,136,15
[ 71] Received message from  39: 1|0,10,27,33,38,42,82,93,95,120,138,1,3,35,54,56,101,124,96,144,34,37,134,57,63,110,20,77,30,41,65,79,141,6,51,55,99,106,145,18,89,97,128,107,40,66,58,118,70,109,100,14,25,29,142,52,116,5,13,39,44,83,136,71,112
[ 15] Received message from  29: 1|0,10,27,33,38,42,82,93,95,120,138,1,3,35,54,56,101,124,96,144,34,37,134,57,63,110,20,77,30,41,65,79,141,6,51,55,99,106,145,18,89,97,128,107,40,66,58,118,70,109,100,14,25,29,142,15
[ 29] Sent Broadcast: 1|0,10,27,33,38,42,82,93,95,120,138,1,3,35,54,56,101,124,96,144,34,37,134,57,63,110,20,77,30,41,65,79,141,6,51,55,99,106,145,18,89,97,128,107,40,66,58,118,70,109,100,14,25,29,142,15
[ 52] Received message from 142: 1|0,10,27,33,38,42,82,93,95,120,138,1,3,35,54,56,101,124,96,144,34,37,134,57,63,110,20,77,30,41,65,79,141,6,51,55,99,106,145,18,89,97,128,107,40,66,58,118,70,109,100,14,25,29,142,52
[ 83] Received message from   5: 1|0,10,27,33,38,42,82,93,95,120,138,1,3,35,54,56,101,124,96,144,34,37,134,57,63,110,20,77,30,41,65,79,141,6,51,55,99,106,145,18,89,97,128,107,40,66,58,118,70,109,100,14,25,29,142,52,116,5,13,39,44,83,136
[ 73] Received message from  15: 1|0,10,27,33,38,42,82,93,95,120,138,1,3,35,54,56,101,124,96,144,34,37,134,57,63,110,20,77,30,41,65,79,141,6,51,55,99,106,145,18,89,97,128,107,40,66,58,118,70,109,100,14,25,29,142,52,116,5,13,39,44,83,136,15,73,85
[142] Sent Broadcast: 1|0,10,27,33,38,42,82,93,95,120,138,1,3,35,54,56,101,124,96,144,34,37,134,57,63,110,20,77,30,41,65,79,141,6,51,55,99,106,145,18,89,97,128,107,40,66,58,118,70,109,100,14,25,29,142,52
[ 43] Received message from  44: 1|0,10,27,33,38,42,82,93,95,120,138,1,3,35,54,56,101,124,96,144,34,37,134,57,63,110,20,77,30,41,65,79,141,6,51,55,99,106,145,18,89,97,128,107,40,66,58,118,70,109,100,14,25,29,142,52,116,5,13,39,44,83,136,43,71,76,92,112,121,131
[112] Received message from  39: 1|0,10,27,33,38,42,82,93,95,120,138,1,3,35,54,56,101,124,96,144,34,37,134,57,63,110,20,77,30,41,65,79,141,6,51,55,99,106,145,18,89,97,128,107,40,66,58,118,70,109,100,14,25,29,142,52,116,5,13,39,44,83,136,71,112
[  2] Received message from  71: 1|0,10,27,33,38,42,82,93,95,120,138,1,3,35,54,56,101,124,96,144,34,37,134,57,63,110,20,77,30,41,65,79,141,6,51,55,99,106,145,18,89,97,128,107,40,66,58,118,70,109,100,14,25,29,142,52,116,5,13,39,44,83,136,71,112,2,43,47,76,92,117,121,131
[136] Received message from   5: 1|0,10,27,33,38,42,82,93,95,120,138,1,3,35,54,56,101,124,96,144,34,37,134,57,63,110,20,77,30,41,65,79,141,6,51,55,99,106,145,18,89,97,128,107,40,66,58,118,70,109,100,14,25,29,142,52,116,5,13,39,44,83,136
[ 85] Received message from  15: 1|0,10,27,33,38,42,82,93,95,120,138,1,3,35,54,56,101,124,96,144,34,37,134,57,63,110,20,77,30,41,65,79,141,6,51,55,99,106,145,18,89,97,128,107,40,66,58,118,70,109,100,14,25,29,142,52,116,5,13,39,44,83,136,15,73,85
[ 71] Received message from  44: 1|0,10,27,33,38,42,82,93,95,120,138,1,3,35,54,56,101,124,96,144,34,37,134,57,63,110,20,77,30,41,65,79,141,6,51,55,99,106,145,18,89,97,128,107,40,66,58,118,70,109,100,14,25,29,142,52,116,5,13,39,44,83,136,43,71,76,92,112,121,131
[  4] Received message from  83: 1|0,10,27,33,38,42,82,93,95,120,138,1,3,35,54,56,101,124,96,144,34,37,134,57,63,110,20,77,30,41,65,79,141,6,51,55,99,106,145,18,89,97,128,107,40,66,58,118,70,109,100,14,25,29,142,52,116,5,13,39,44,83,136,4,7,127
[  5] Sent Broadcast: 1|0,10,27,33,38,42,82,93,95,120,138,1,3,35,54,56,101,124,96,144,34,37,134,57,63,110,20,77,30,41,65,79,141,6,51,55,99,106,145,18,89,97,128,107,40,66,58,118,70,109,100,14,25,29,142,52,116,5,13,39,44,83,136
[  2] Received message from  43: 1|0,10,27,33,38,42,82,93,95,120,138,1,3,35,54,56,101,124,96,144,34,37,134,57,63,110,20,77,30,41,65,79,141,6,51,55,99,106,145,18,89,97,128,107,40,66,58,118,70,109,100,14,25,29,142,52,116,5,13,39,44,83,136,43,71,76,92,112,121,131,2,47,117
[ 15] Sent Broadcast: 1|0,10,27,33,38,42,82,93,95,120,138,1,3,35,54,56,101,124,96,144,34,37,134,57,63,110,20,77,30,41,65,79,141,6,51,55,99,106,145,18,89,97,128,107,40,66,58,118,70,109,100,14,25,29,142,52,116,5,13,39,44,83,136,15,73,85
[ 39] Sent Broadcast: 1|0,10,27,33,38,42,82,93,95,120,138,1,3,35,54,56,101,124,96,144,34,37,134,57,63,110,20,77,30,41,65,79,141,6,51,55,99,106,145,18,89,97,128,107,40,66,58,118,70,109,100,14,25,29,142,52,116,5,13,39,44,83,136,71,112
[148] Received message from  73: 1|0,10,27,33,38,42,82,93,95,120,138,1,3,35,54,56,101,124,96,144,34,37,134,57,63,110,20,77,30,41,65,79,141,6,51,55,99,106,145,18,89,97,128,107,40,66,58,118,70,109,100,14,25,29,142,52,116,5,13,39,44,83,136,15,73,85,148
[  4] Received message from 136: 1|0,10,27,33,38,42,82,93,95,120,138,1,3,35,54,56,101,124,96,144,34,37,134,57,63,110,20,77,30,41,65,79,141,6,51,55,99,106,145,18,89,97,128,107,40,66,58,118,70,109,100,14,25,29,142,52,116,5,13,39,44,83,136,4,7,127
[ 43] Received message from  71: 1|0,10,27,33,38,42,82,93,95,120,138,1,3,35,54,56,101,124,96,144,34,37,134,57,63,110,20,77,30,41,65,79,141,6,51,55,99,106,145,18,89,97,128,107,40,66,58,118,70,109,100,14,25,29,142,52,116,5,13,39,44,83,136,71,112,2,43,47,76,92,117,121,131
[ 73] Sent Broadcast: 1|0,10,27,33,38,42,82,93,95,120,138,1,3,35,54,56,101,124,96,144,34,37,134,57,63,110,20,77,30,41,65,79,141,6,51,55,99,106,145,18,89,97,128,107,40,66,58,118,70,109,100,14,25,29,142,52,116,5,13,39,44,83,136,15,73,85,148
[  7] Received message from  83: 1|0,10,27,33,38,42,82,93,95,120,138,1,3,35,54,56,101,124,96,144,34,37,134,57,63,110,20,77,30,41,65,79,141,6,51,55,99,106,145,18,89,97,128,107,40,66,58,118,70,109,100,14,25,29,142,52,116,5,13,39,44,83,136,4,7,127
[ 47] Received message from  43: 1|0,10,27,33,38,42,82,93,95,120,138,1,3,35,54,56,101,124,96,144,34,37,134,57,63,110,20,77,30,41,65,79,141,6,51,55,99,106,145,18,89,97,128,107,40,66,58,118,70,109,100,14,25,29,142,52,116,5,13,39,44,83,136,43,71,76,92,112,121,131,2,47,117
[  4] Received message from  85: 1|0,10,27,33,38,42,82,93,95,120,138,1,3,35,54,56,101,124,96,144,34,37,134,57,63,110,20,77,30,41,65,79,141,6,51,55,99,106,145,18,89,97,128,107,40,66,58,118,70,109,100,14,25,29,142,52,116,5,13,39,44,83,136,15,73,85,4,7,133,148
[ 76] Received message from 112: 1|0,10,27,33,38,42,82,93,95,120,138,1,3,35,54,56,101,124,96,144,34,37,134,57,63,110,20,77,30,41,65,79,141,6,51,55,99,106,145,18,89,97,128,107,40,66,58,118,70,109,100,14,25,29,142,52,116,5,13,39,44,83,136,71,112,76,92,121,131
[ 47] Received message from  71: 1|0,10,27,33,38,42,82,93,95,120,138,1,3,35,54,56,101,124,96,144,34,37,134,57,63,110,20,77,30,41,65,79,141,6,51,55,99,106,145,18,89,97,128,107,40,66,58,118,70,109,100,14,25,29,142,52,116,5,13,39,44,83,136,71,112,2,43,47,76,92,117,121,131
[ 76] Received message from  44: 1|0,10,27,33,38,42,82,93,95,120,138,1,3,35,54,56,101,124,96,144,34,37,134,57,63,110,20,77,30,41,65,79,141,6,51,55,99,106,145,18,89,97,128,107,40,66,58,118,70,109,100,14,25,29,142,52,116,5,13,39,44,83,136,43,71,76,92,112,121,131
[ 23] Received message from   4: 1|0,10,27,33,38,42,82,93,95,120,138,1,3,35,54,56,101,124,96,144,34,37,134,57,63,110,20,77,30,41,65,79,141,6,51,55,99,106,145,18,89,97,128,107,40,66,58,118,70,109,100,14,25,29,142,52,116,5,13,39,44,83,136,4,7,127,23,85,126,133,148
[  7] Received message from 136: 1|0,10,27,33,38,42,82,93,95,120,138,1,3,35,54,56,101,124,96,144,34,37,134,57,63,110,20,77,30,41,65,79,141,6,51,55,99,106,145,18,89,97,128,107,40,66,58,118,70,109,100,14,25,29,142,52,116,5,13,39,44,83,136,4,7,127
[  4] Received message from 148: 1|0,10,27,33,38,42,82,93,95,120,138,1,3,35,54,56,101,124,96,144,34,37,134,57,63,110,20,77,30,41,65,79,141,6,51,55,99,106,145,18,89,97,128,107,40,66,58,118,70,109,100,14,25,29,142,52,116,5,13,39,44,83,136,15,73,85,148,4,7,127,133
[117] Received message from  43: 1|0,10,27,33,38,42,82,93,95,120,138,1,3,35,54,56,101,124,96,144,34,37,134,57,63,110,20,77,30,41,65,79,141,6,51,55,99,106,145,18,89,97,128,107,40,66,58,118,70,109,100,14,25,29,142,52,116,5,13,39,44,83,136,43,71,76,92,112,121,131,2,47,117
[  7] Received message from  85: 1|0,10,27,33,38,42,82,93,95,120,138,1,3,35,54,56,101,124,96,144,34,37,134,57,63,110,20,77,30,41,65,79,141,6,51,55,99,106,145,18,89,97,128,107,40,66,58,118,70,109,100,14,25,29,142,52,116,5,13,39,44,83,136,15,73,85,4,7,133,148
[ 43] Sent Broadcast: 1|0,10,27,33,38,42,82,93,95,120,138,1,3,35,54,56,101,124,96,144,34,37,134,57,63,110,20,77,30,41,65,79,141,6,51,55,99,106,145,18,89,97,128,107,40,66,58,118,70,109,100,14,25,29,142,52,116,5,13,39,44,83,136,43,71,76,92,112,121,131,2,47,117
[ 85] Received message from   4: 1|0,10,27,33,38,42,82,93,95,120,138,1,3,35,54,56,101,124,96,144,34,37,134,57,63,110,20,77,30,41,65,79,141,6,51,55,99,106,145,18,89,97,128,107,40,66,58,118,70,109,100,14,25,29,142,52,116,5,13,39,44,83,136,4,7,127,23,85,126,133,148
[ 23] Received message from   7: 1|0,10,27,33,38,42,82,93,95,120,138,1,3,35,54,56,101,124,96,144,34,37,134,57,63,110,20,77,30,41,65,79,141,6,51,55,99,106,145,18,89,97,128,107,40,66,58,118,70,109,100,14,25,29,142,52,116,5,13,39,44,83,136,4,7,127,23,85,126,133,148
[ 92] Received message from 112: 1|0,10,27,33,38,42,82,93,95,120,138,1,3,35,54,56,101,124,96,144,34,37,134,57,63,110,20,77,30,41,65,79,141,6,51,55,99,106,145,18,89,97,128,107,40,66,58,118,70,109,100,14,25,29,142,52,116,5,13,39,44,83,136,71,112,76,92,121,131
[ 76] Received message from  71: 1|0,10,27,33,38,42,82,93,95,120,138,1,3,35,54,56,101,124,96,144,34,37,134,57,63,110,20,77,30,41,65,79,141,6,51,55,99,106,145,18,89,97,128,107,40,66,58,118,70,109,100,14,25,29,142,52,116,5,13,39,44,83,136,71,112,2,43,47,76,92,117,121,131
[ 16] Received message from  23: 1|0,10,27,33,38,42,82,93,95,120,138,1,3,35,54,56,101,124,96,144,34,37,134,57,63,110,20,77,30,41,65,79,141,6,51,55,99,106,145,18,89,97,128,107,40,66,58,118,70,109,100,14,25,29,142,52,116,5,13,39,44,83,136,4,7,127,23,85,126,133,148,16,88,94
[133] Received message from  85: 1|0,10,27,33,38,42,82,93,95,120,138,1,3,35,54,56,101,124,96,144,34,37,134,57,63,110,20,77,30,41,65,79,141,6,51,55,99,106,145,18,89,97,128,107,40,66,58,118,70,109,100,14,25,29,142,52,116,5,13,39,44,83,136,15,73,85,4,7,133,148
[  7] Received message from 148: 1|0,10,27,33,38,42,82,93,95,120,138,1,3,35,54,56,101,124,96,144,34,37,134,57,63,110,20,77,30,41,65,79,141,6,51,55,99,106,145,18,89,97,128,107,40,66,58,118,70,109,100,14,25,29,142,52,116,5,13,39,44,83,136,15,73,85,148,4,7,127,133
[127] Received message from  83: 1|0,10,27,33,38,42,82,93,95,120,138,1,3,35,54,56,101,124,96,144,34,37,134,57,63,110,20,77,30,41,65,79,141,6,51,55,99,106,145,18,89,97,128,107,40,66,58,118,70,109,100,14,25,29,142,52,116,5,13,39,44,83,136,4,7,127
[127] Received message from 136: 1|0,10,27,33,38,42,82,93,95,120,138,1,3,35,54,56,101,124,96,144,34,37,134,57,63,110,20,77,30,41,65,79,141,6,51,55,99,106,145,18,89,97,128,107,40,66,58,118,70,109,100,14,25,29,142,52,116,5,13,39,44,83,136,4,7,127
[ 83] Sent Broadcast: 1|0,10,27,33,38,42,82,93,95,120,138,1,3,35,54,56,101,124,96,144,34,37,134,57,63,110,20,77,30,41,65,79,141,6,51,55,99,106,145,18,89,97,128,107,40,66,58,118,70,109,100,14,25,29,142,52,116,5,13,39,44,83,136,4,7,127
[  2] Received message from  76: 1|0,10,27,33,38,42,82,93,95,120,138,1,3,35,54,56,101,124,96,144,34,37,134,57,63,110,20,77,30,41,65,79,141,6,51,55,99,106,145,18,89,97,128,107,40,66,58,118,70,109,100,14,25,29,142,52,116,5,13,39,44,83,136,43,71,76,92,112,121,131,2,47,117
[136] Sent Broadcast: 1|0,10,27,33,38,42,82,93,95,120,138,1,3,35,54,56,101,124,96,144,34,37,134,57,63,110,20,77,30,41,65,79,141,6,51,55,99,106,145,18,89,97,128,107,40,66,58,118,70,109,100,14,25,29,142,52,116,5,13,39,44,83,136,4,7,127
[ 92] Received message from  44: 1|0,10,27,33,38,42,82,93,95,120,138,1,3,35,54,56,101,124,96,144,34,37,134,57,63,110,20,77,30,41,65,79,141,6,51,55,99,106,145,18,89,97,128,107,40,66,58,118,70,109,100,14,25,29,142,52,116,5,13,39,44,83,136,43,71,76,92,112,121,131
[126] Received message from   4: 1|0,10,27,33,38,42,82,93,95,120,138,1,3,35,54,56,101,124,96,144,34,37,134,57,63,110,20,77,30,41,65,79,141,6,51,55,99,106,145,18,89,97,128,107,40,66,58,118,70,109,100,14,25,29,142,52,116,5,13,39,44,83,136,4,7,127,23,85,126,133,148
[ 47] Received message from  76: 1|0,10,27,33,38,42,82,93,95,120,138,1,3,35,54,56,101,124,96,144,34,37,134,57,63,110,20,77,30,41,65,79,141,6,51,55,99,106,145,18,89,97,128,107,40,66,58,118,70,109,100,14,25,29,142,52,116,5,13,39,44,83,136,43,71,76,92,112,121,131,2,47,117
[ 92] Received message from  71: 1|0,10,27,33,38,42,82,93,95,120,138,1,3,35,54,56,101,124,96,144,34,37,134,57,63,110,20,77,30,41,65,79,141,6,51,55,99,106,145,18,89,97,128,107,40,66,58,118,70,109,100,14,25,29,142,52,116,5,13,39,44,83,136,71,112,2,43,47,76,92,117,121,131
[  2] Received message from  92: 1|0,10,27,33,38,42,82,93,95,120,138,1,3,35,54,56,101,124,96,144,34,37,134,57,63,110,20,77,30,41,65,79,141,6,51,55,99,106,145,18,89,97,128,107,40,66,58,118,70,109,100,14,25,29,142,52,116,5,13,39,44,83,136,71,112,76,92,121,131,2,43,47,117
[121] Received message from 112: 1|0,10,27,33,38,42,82,93,95,120,138,1,3,35,54,56,101,124,96,144,34,37,134,57,63,110,20,77,30,41,65,79,141,6,51,55,99,106,145,18,89,97,128,107,40,66,58,118,70,109,100,14,25,29,142,52,116,5,13,39,44,83,136,71,112,76,92,121,131
[ 85] Received message from   7: 1|0,10,27,33,38,42,82,93,95,120,138,1,3,35,54,56,101,124,96,144,34,37,134,57,63,110,20,77,30,41,65,79,141,6,51,55,99,106,145,18,89,97,128,107,40,66,58,118,70,109,100,14,25,29,142,52,116,5,13,39,44,83,136,4,7,127,23,85,126,133,148
[ 16] Received message from 126: 1|0,10,27,33,38,42,82,93,95,120,138,1,3,35,54,56,101,124,96,144,34,37,134,57,63,110,20,77,30,41,65,79,141,6,51,55,99,106,145,18,89,97,128,107,40,66,58,118,70,109,100,14,25,29,142,52,116,5,13,39,44,83,136,4,7,127,23,85,126,133,148,16,88,94
[ 88] Received message from  23: 1|0,10,27,33,38,42,82,93,95,120,138,1,3,35,54,56,101,124,96,144,34,37,134,57,63,110,20,77,30,41,65,79,141,6,51,55,99,106,145,18,89,97,128,107,40,66,58,118,70,109,100,14,25,29,142,52,116,5,13,39,44,83,136,4,7,127,23,85,126,133,148,16,88,94
[112] Received message from  44: 1|0,10,27,33,38,42,82,93,95,120,138,1,3,35,54,56,101,124,96,144,34,37,134,57,63,110,20,77,30,41,65,79,141,6,51,55,99,106,145,18,89,97,128,107,40,66,58,118,70,109,100,14,25,29,142,52,116,5,13,39,44,83,136,43,71,76,92,112,121,131
[148] Received message from  85: 1|0,10,27,33,38,42,82,93,95,120,138,1,3,35,54,56,101,124,96,144,34,37,134,57,63,110,20,77,30,41,65,79,141,6,51,55,99,106,145,18,89,97,128,107,40,66,58,118,70,109,100,14,25,29,142,52,116,5,13,39,44,83,136,15,73,85,4,7,133,148
[  9] Received message from  16: 1|0,10,27,33,38,42,82,93,95,120,138,1,3,35,54,56,101,124,96,144,34,37,134,57,63,110,20,77,30,41,65,79,141,6,51,55,99,106,145,18,89,97,128,107,40,66,58,118,70,109,100,14,25,29,142,52,116,5,13,39,44,83,136,4,7,127,23,85,126,133,148,16,88,94,9,12,21,50,74,135,149
[133] Received message from   4: 1|0,10,27,33,38,42,82,93,95,120,138,1,3,35,54,56,101,124,96,144,34,37,134,57,63,110,20,77,30,41,65,79,141,6,51,55,99,106,145,18,89,97,128,107,40,66,58,118,70,109,100,14,25,29,142,52,116,5,13,39,44,83,136,4,7,127,23,85,126,133,148
[117] Received message from  76: 1|0,10,27,33,38,42,82,93,95,120,138,1,3,35,54,56,101,124,96,144,34,37,134,57,63,110,20,77,30,41,65,79,141,6,51,55,99,106,145,18,89,97,128,107,40,66,58,118,70,109,100,14,25,29,142,52,116,5,13,39,44,83,136,43,71,76,92,112,121,131,2,47,117
[127] Received message from 148: 1|0,10,27,33,38,42,82,93,95,120,138,1,3,35,54,56,101,124,96,144,34,37,134,57,63,110,20,77,30,41,65,79,141,6,51,55,99,106,145,18,89,97,128,107,40,66,58,118,70,109,100,14,25,29,142,52,116,5,13,39,44,83,136,15,73,85,148,4,7,127,133
[ 85] Sent Broadcast: 1|0,10,27,33,38,42,82,93,95,120,138,1,3,35,54,56,101,124,96,144,34,37,134,57,63,110,20,77,30,41,65,79,141,6,51,55,99,106,145,18,89,97,128,107,40,66,58,118,70,109,100,14,25,29,142,52,116,5,13,39,44,83,136,15,73,85,4,7,133,148
[ 23] Received message from 133: 1|0,10,27,33,38,42,82,93,95,120,138,1,3,35,54,56,101,124,96,144,34,37,134,57,63,110,20,77,30,41,65,79,141,6,51,55,99,106,145,18,89,97,128,107,40,66,58,118,70,109,100,14,25,29,142,52,116,5,13,39,44,83,136,15,73,85,4,7,133,148,23,126,127
[ 76] Sent Broadcast: 1|0,10,27,33,38,42,82,93,95,120,138,1,3,35,54,56,101,124,96,144,34,37,134,57,63,110,20,77,30,41,65,79,141,6,51,55,99,106,145,18,89,97,128,107,40,66,58,118,70,109,100,14,25,29,142,52,116,5,13,39,44,83,136,43,71,76,92,112,121,131,2,47,117
[117] Received message from  71: 1|0,10,27,33,38,42,82,93,95,120,138,1,3,35,54,56,101,124,96,144,34,37,134,57,63,110,20,77,30,41,65,79,141,6,51,55,99,106,145,18,89,97,128,107,40,66,58,118,70,109,100,14,25,29,142,52,116,5,13,39,44,83,136,71,112,2,43,47,76,92,117,121,131
[ 43] Received message from  92: 1|0,10,27,33,38,42,82,93,95,120,138,1,3,35,54,56,101,124,96,144,34,37,134,57,63,110,20,77,30,41,65,79,141,6,51,55,99,106,145,18,89,97,128,107,40,66,58,118,70,109,100,14,25,29,142,52,116,5,13,39,44,83,136,71,112,76,92,121,131,2,43,47,117
[  2] Received message from 121: 1|0,10,27,33,38,42,82,93,95,120,138,1,3,35,54,56,101,124,96,144,34,37,134,57,63,110,20,77,30,41,65,79,141,6,51,55,99,106,145,18,89,97,128,107,40,66,58,118,70,109,100,14,25,29,142,52,116,5,13,39,44,83,136,71,112,76,92,121,131,2,43,47,117
[131] Received message from 112: 1|0,10,27,33,38,42,82,93,95,120,138,1,3,35,54,56,101,124,96,144,34,37,134,57,63,110,20,77,30,41,65,79,141,6,51,55,99,106,145,18,89,97,128,107,40,66,58,118,70,109,100,14,25,29,142,52,116,5,13,39,44,83,136,71,112,76,92,121,131
[ 23] Received message from 127: 1|0,10,27,33,38,42,82,93,95,120,138,1,3,35,54,56,101,124,96,144,34,37,134,57,63,110,20,77,30,41,65,79,141,6,51,55,99,106,145,18,89,97,128,107,40,66,58,118,70,109,100,14,25,29,142,52,116,5,13,39,44,83,136,4,7,127,23,94,126,133,148
[125] Received message from   9: 1|0,10,27,33,38,42,82,93,95,120,138,1,3,35,54,56,101,124,96,144,34,37,134,57,63,110,20,77,30,41,65,79,141,6,51,55,99,106,145,18,89,97,128,107,40,66,58,118,70,109,100,14,25,29,142,52,116,5,13,39,44,83,136,4,7,127,23,85,126,133,148,16,88,94,9,12,21,50,74,135,149,125
[126] Received message from   7: 1|0,10,27,33,38,42,82,93,95,120,138,1,3,35,54,56,101,124,96,144,34,37,134,57,63,110,20,77,30,41,65,79,141,6,51,55,99,106,145,18,89,97,128,107,40,66,58,118,70,109,100,14,25,29,142,52,116,5,13,39,44,83,136,4,7,127,23,85,126,133,148
[133] Received message from 148: 1|0,10,27,33,38,42,82,93,95,120,138,1,3,35,54,56,101,124,96,144,34,37,134,57,63,110,20,77,30,41,65,79,141,6,51,55,99,106,145,18,89,97,128,107,40,66,58,118,70,109,100,14,25,29,142,52,116,5,13,39,44,83,136,15,73,85,148,4,7,127,133
[ 88] Received message from 126: 1|0,10,27,33,38,42,82,93,95,120,138,1,3,35,54,56,101,124,96,144,34,37,134,57,63,110,20,77,30,41,65,79,141,6,51,55,99,106,145,18,89,97,128,107,40,66,58,118,70,109,100,14,25,29,142,52,116,5,13,39,44,83,136,4,7,127,23,85,126,133,148,16,88,94
[148] Received message from   4: 1|0,10,27,33,38,42,82,93,95,120,138,1,3,35,54,56,101,124,96,144,34,37,134,57,63,110,20,77,30,41,65,79,141,6,51,55,99,106,145,18,89,97,128,107,40,66,58,118,70,109,100,14,25,29,142,52,116,5,13,39,44,83,136,4,7,127,23,85,126,133,148
[ 94] Received message from  23: 1|0,10,27,33,38,42,82,93,95,120,138,1,3,35,54,56,101,124,96,144,34,37,134,57,63,110,20,77,30,41,65,79,141,6,51,55,99,106,145,18,89,97,128,107,40,66,58,118,70,109,100,14,25,29,142,52,116,5,13,39,44,83,136,4,7,127,23,85,126,133,148,16,88,94
[126] Received message from 133: 1|0,10,27,33,38,42,82,93,95,120,138,1,3,35,54,56,101,124,96,144,34,37,134,57,63,110,20,77,30,41,65,79,141,6,51,55,99,106,145,18,89,97,128,107,40,66,58,118,70,109,100,14,25,29,142,52,116,5,13,39,44,83,136,15,73,85,4,7,133,148,23,126,127
[ 12] Received message from  88: 1|0,10,27,33,38,42,82,93,95,120,138,1,3,35,54,56,101,124,96,144,34,37,134,57,63,110,20,77,30,41,65,79,141,6,51,55,99,106,145,18,89,97,128,107,40,66,58,118,70,109,100,14,25,29,142,52,116,5,13,39,44,83,136,4,7,127,23,85,126,133,148,16,88,94,12,21,149
[112] Sent Broadcast: 1|0,10,27,33,38,42,82,93,95,120,138,1,3,35,54,56,101,124,96,144,34,37,134,57,63,110,20,77,30,41,65,79,141,6,51,55,99,106,145,18,89,97,128,107,40,66,58,118,70,109,100,14,25,29,142,52,116,5,13,39,44,83,136,71,112,76,92,121,131
[  9] Sent Broadcast: 1|0,10,27,33,38,42,82,93,95,120,138,1,3,35,54,56,101,124,96,144,34,37,134,57,63,110,20,77,30,41,65,79,141,6,51,55,99,106,145,18,89,97,128,107,40,66,58,118,70,109,100,14,25,29,142,52,116,5,13,39,44,83,136,4,7,127,23,85,126,133,148,16,88,94,9,12,21,50,74,135,149,125
[148] Sent Broadcast: 1|0,10,27,33,38,42,82,93,95,120,138,1,3,35,54,56,101,124,96,144,34,37,134,57,63,110,20,77,30,41,65,79,141,6,51,55,99,106,145,18,89,97,128,107,40,66,58,118,70,109,100,14,25,29,142,52,116,5,13,39,44,83,136,15,73,85,148,4,7,127,133
[121] Received message from  44: 1|0,10,27,33,38,42,82,93,95,120,138,1,3,35,54,56,101,124,96,144,34,37,134,57,63,110,20,77,30,41,65,79,141,6,51,55,99,106,145,18,89,97,128,107,40,66,58,118,70,109,100,14,25,29,142,52,116,5,13,39,44,83,136,43,71,76,92,112,121,131
[  4] Sent Broadcast: 1|0,10,27,33,38,42,82,93,95,120,138,1,3,35,54,56,101,124,96,144,34,37,134,57,63,110,20,77,30,41,65,79,141,6,51,55,99,106,145,18,89,97,128,107,40,66,58,118,70,109,100,14,25,29,142,52,116,5,13,39,44,83,136,4,7,127,23,85,126,133,148
[ 12] Received message from  16: 1|0,10,27,33,38,42,82,93,95,120,138,1,3,35,54,56,101,124,96,144,34,37,134,57,63,110,20,77,30,41,65,79,141,6,51,55,99,106,145,18,89,97,128,107,40,66,58,118,70,109,100,14,25,29,142,52,116,5,13,39,44,83,136,4,7,127,23,85,126,133,148,16,88,94,9,12,21,50,74,135,149
[ 23] Sent Broadcast: 1|0,10,27,33,38,42,82,93,95,120,138,1,3,35,54,56,101,124,96,144,34,37,134,57,63,110,20,77,30,41,65,79,141,6,51,55,99,106,145,18,89,97,128,107,40,66,58,118,70,109,100,14,25,29,142,52,116,5,13,39,44,83,136,4,7,127,23,85,126,133,148,16,88,94
[  2] Received message from 131: 1|0,10,27,33,38,42,82,93,95,120,138,1,3,35,54,56,101,124,96,144,34,37,134,57,63,110,20,77,30,41,65,79,141,6,51,55,99,106,145,18,89,97,128,107,40,66,58,118,70,109,100,14,25,29,142,52,116,5,13,39,44,83,136,71,112,76,92,121,131,2,102
[121] Received message from  71: 1|0,10,27,33,38,42,82,93,95,120,138,1,3,35,54,56,101,124,96,144,34,37,134,57,63,110,20,77,30,41,65,79,141,6,51,55,99,106,145,18,89,97,128,107,40,66,58,118,70,109,100,14,25,29,142,52,116,5,13,39,44,83,136,71,112,2,43,47,76,92,117,121,131
[ 43] Received message from 121: 1|0,10,27,33,38,42,82,93,95,120,138,1,3,35,54,56,101,124,96,144,34,37,134,57,63,110,20,77,30,41,65,79,141,6,51,55,99,106,145,18,89,97,128,107,40,66,58,118,70,109,100,14,25,29,142,52,116,5,13,39,44,83,136,71,112,76,92,121,131,2,43,47,117
[ 47] Received message from  92: 1|0,10,27,33,38,42,82,93,95,120,138,1,3,35,54,56,101,124,96,144,34,37,134,57,63,110,20,77,30,41,65,79,141,6,51,55,99,106,145,18,89,97,128,107,40,66,58,118,70,109,100,14,25,29,142,52,116,5,13,39,44,83,136,71,112,76,92,121,131,2,43,47,117
[131] Received message from  44: 1|0,10,27,33,38,42,82,93,95,120,138,1,3,35,54,56,101,124,96,144,34,37,134,57,63,110,20,77,30,41,65,79,141,6,51,55,99,106,145,18,89,97,128,107,40,66,58,118,70,109,100,14,25,29,142,52,116,5,13,39,44,83,136,43,71,76,92,112,121,131
[ 21] Received message from  88: 1|0,10,27,33,38,42,82,93,95,120,138,1,3,35,54,56,101,124,96,144,34,37,134,57,63,110,20,77,30,41,65,79,141,6,51,55,99,106,145,18,89,97,128,107,40,66,58,118,70,109,100,14,25,29,142,52,116,5,13,39,44,83,136,4,7,127,23,85,126,133,148,16,88,94,12,21,149
[127] Received message from 133: 1|0,10,27,33,38,42,82,93,95,120,138,1,3,35,54,56,101,124,96,144,34,37,134,57,63,110,20,77,30,41,65,79,141,6,51,55,99,106,145,18,89,97,128,107,40,66,58,118,70,109,100,14,25,29,142,52,116,5,13,39,44,83,136,15,73,85,4,7,133,148,23,126,127
[ 12] Received message from  94: 1|0,10,27,33,38,42,82,93,95,120,138,1,3,35,54,56,101,124,96,144,34,37,134,57,63,110,20,77,30,41,65,79,141,6,51,55,99,106,145,18,89,97,128,107,40,66,58,118,70,109,100,14,25,29,142,52,116,5,13,39,44,83,136,4,7,127,23,85,126,133,148,16,88,94,12
[133] Received message from   7: 1|0,10,27,33,38,42,82,93,95,120,138,1,3,35,54,56,101,124,96,144,34,37,134,57,63,110,20,77,30,41,65,79,141,6,51,55,99,106,145,18,89,97,128,107,40,66,58,118,70,109,100,14,25,29,142,52,116,5,13,39,44,83,136,4,7,127,23,85,126,133,148
[131] Received message from  71: 1|0,10,27,33,38,42,82,93,95,120,138,1,3,35,54,56,101,124,96,144,34,37,134,57,63,110,20,77,30,41,65,79,141,6,51,55,99,106,145,18,89,97,128,107,40,66,58,118,70,109,100,14,25,29,142,52,116,5,13,39,44,83,136,71,112,2,43,47,76,92,117,121,131
[ 94] Received message from 127: 1|0,10,27,33,38,42,82,93,95,120,138,1,3,35,54,56,101,124,96,144,34,37,134,57,63,110,20,77,30,41,65,79,141,6,51,55,99,106,145,18,89,97,128,107,40,66,58,118,70,109,100,14,25,29,142,52,116,5,13,39,44,83,136,4,7,127,23,94,126,133,148
[ 46] Received message from 125: 1|0,10,27,33,38,42,82,93,95,120,138,1,3,35,54,56,101,124,96,144,34,37,134,57,63,110,20,77,30,41,65,79,141,6,51,55,99,106,145,18,89,97,128,107,40,66,58,118,70,109,100,14,25,29,142,52,116,5,13,39,44,83,136,4,7,127,23,85,126,133,148,16,88,94,9,12,21,50,74,135,149,125,46,61,140
[ 94] Received message from 126: 1|0,10,27,33,38,42,82,93,95,120,138,1,3,35,54,56,101,124,96,144,34,37,134,57,63,110,20,77,30,41,65,79,141,6,51,55,99,106,145,18,89,97,128,107,40,66,58,118,70,109,100,14,25,29,142,52,116,5,13,39,44,83,136,4,7,127,23,85,126,133,148,16,88,94
[ 47] Received message from 121: 1|0,10,27,33,38,42,82,93,95,120,138,1,3,35,54,56,101,124,96,144,34,37,134,57,63,110,20,77,30,41,65,79,141,6,51,55,99,106,145,18,89,97,128,107,40,66,58,118,70,109,100,14,25,29,142,52,116,5,13,39,44,83,136,71,112,76,92,121,131,2,43,47,117
[ 44] Sent Broadcast: 1|0,10,27,33,38,42,82,93,95,120,138,1,3,35,54,56,101,124,96,144,34,37,134,57,63,110,20,77,30,41,65,79,141,6,51,55,99,106,145,18,89,97,128,107,40,66,58,118,70,109,100,14,25,29,142,52,116,5,13,39,44,83,136,43,71,76,92,112,121,131
[ 94] Sent Broadcast: 1|0,10,27,33,38,42,82,93,95,120,138,1,3,35,54,56,101,124,96,144,34,37,134,57,63,110,20,77,30,41,65,79,141,6,51,55,99,106,145,18,89,97,128,107,40,66,58,118,70,109,100,14,25,29,142,52,116,5,13,39,44,83,136,4,7,127,23,85,126,133,148,16,88,94,12
[ 71] Sent Broadcast: 1|0,10,27,33,38,42,82,93,95,120,138,1,3,35,54,56,101,124,96,144,34,37,134,57,63,110,20,77,30,41,65,79,141,6,51,55,99,106,145,18,89,97,128,107,40,66,58,118,70,109,100,14,25,29,142,52,116,5,13,39,44,83,136,71,112,2,43,47,76,92,117,121,131
[133] Sent Broadcast: 1|0,10,27,33,38,42,82,93,95,120,138,1,3,35,54,56,101,124,96,144,34,37,134,57,63,110,20,77,30,41,65,79,141,6,51,55,99,106,145,18,89,97,128,107,40,66,58,118,70,109,100,14,25,29,142,52,116,5,13,39,44,83,136,15,73,85,4,7,133,148,23,126,127
[ 22] Received message from  12: 1|0,10,27,33,38,42,82,93,95,120,138,1,3,35,54,56,101,124,96,144,34,37,134,57,63,110,20,77,30,41,65,79,141,6,51,55,99,106,145,18,89,97,128,107,40,66,58,118,70,109,100,14,25,29,142,52,116,5,13,39,44,83,136,4,7,127,23,85,126,133,148,16,88,94,12,21,149,22,84,114
[126] Sent Broadcast: 1|0,10,27,33,38,42,82,93,95,120,138,1,3,35,54,56,101,124,96,144,34,37,134,57,63,110,20,77,30,41,65,79,141,6,51,55,99,106,145,18,89,97,128,107,40,66,58,118,70,109,100,14,25,29,142,52,116,5,13,39,44,83,136,4,7,127,23,85,126,133,148,16,88,94
[102] Received message from 131: 1|0,10,27,33,38,42,82,93,95,120,138,1,3,35,54,56,101,124,96,144,34,37,134,57,63,110,20,77,30,41,65,79,141,6,51,55,99,106,145,18,89,97,128,107,40,66,58,118,70,109,100,14,25,29,142,52,116,5,13,39,44,83,136,71,112,76,92,121,131,2,102
[  9] Received message from  21: 1|0,10,27,33,38,42,82,93,95,120,138,1,3,35,54,56,101,124,96,144,34,37,134,57,63,110,20,77,30,41,65,79,141,6,51,55,99,106,145,18,89,97,128,107,40,66,58,118,70,109,100,14,25,29,142,52,116,5,13,39,44,83,136,4,7,127,23,85,126,133,148,16,88,94,12,21,149,9,50,74,135
[ 61] Received message from 125: 1|0,10,27,33,38,42,82,93,95,120,138,1,3,35,54,56,101,124,96,144,34,37,134,57,63,110,20,77,30,41,65,79,141,6,51,55,99,106,145,18,89,97,128,107,40,66,58,118,70,109,100,14,25,29,142,52,116,5,13,39,44,83,136,4,7,127,23,85,126,133,148,16,88,94,9,12,21,50,74,135,149,125,46,61,140
[148] Received message from   7: 1|0,10,27,33,38,42,82,93,95,120,138,1,3,35,54,56,101,124,96,144,34,37,134,57,63,110,20,77,30,41,65,79,141,6,51,55,99,106,145,18,89,97,128,107,40,66,58,118,70,109,100,14,25,29,142,52,116,5,13,39,44,83,136,4,7,127,23,85,126,133,148
[ 21] Received message from  16: 1|0,10,27,33,38,42,82,93,95,120,138,1,3,35,54,56,101,124,96,144,34,37,134,57,63,110,20,77,30,41,65,79,141,6,51,55,99,106,145,18,89,97,128,107,40,66,58,118,70,109,100,14,25,29,142,52,116,5,13,39,44,83,136,4,7,127,23,85,126,133,148,16,88,94,9,12,21,50,74,135,149
[126] Received message from 127: 1|0,10,27,33,38,42,82,93,95,120,138,1,3,35,54,56,101,124,96,144,34,37,134,57,63,110,20,77,30,41,65,79,141,6,51,55,99,106,145,18,89,97,128,107,40,66,58,118,70,109,100,14,25,29,142,52,116,5,13,39,44,83,136,4,7,127,23,94,126,133,148
[ 84] Received message from  12: 1|0,10,27,33,38,42,82,93,95,120,138,1,3,35,54,56,101,124,96,144,34,37,134,57,63,110,20,77,30,41,65,79,141,6,51,55,99,106,145,18,89,97,128,107,40,66,58,118,70,109,100,14,25,29,142,52,116,5,13,39,44,83,136,4,7,127,23,85,126,133,148,16,88,94,12,21,149,22,84,114
[149] Received message from  88: 1|0,10,27,33,38,42,82,93,95,120,138,1,3,35,54,56,101,124,96,144,34,37,134,57,63,110,20,77,30,41,65,79,141,6,51,55,99,106,145,18,89,97,128,107,40,66,58,118,70,109,100,14,25,29,142,52,116,5,13,39,44,83,136,4,7,127,23,85,126,133,148,16,88,94,12,21,149
[131] Sent Broadcast: 1|0,10,27,33,38,42,82,93,95,120,138,1,3,35,54,56,101,124,96,144,34,37,134,57,63,110,20,77,30,41,65,79,141,6,51,55,99,106,145,18,89,97,128,107,40,66,58,118,70,109,100,14,25,29,142,52,116,5,13,39,44,83,136,71,112,76,92,121,131,2,102
[117] Received message from  92: 1|0,10,27,33,38,42,82,93,95,120,138,1,3,35,54,56,101,124,96,144,34,37,134,57,63,110,20,77,30,41,65,79,141,6,51,55,99,106,145,18,89,97,128,107,40,66,58,118,70,109,100,14,25,29,142,52,116,5,13,39,44,83,136,71,112,76,92,121,131,2,43,47,117
[ 31] Received message from  22: 1|0,10,27,33,38,42,82,93,95,120,138,1,3,35,54,56,101,124,96,144,34,37,134,57,63,110,20,77,30,41,65,79,141,6,51,55,99,106,145,18,89,97,128,107,40,66,58,118,70,109,100,14,25,29,142,52,116,5,13,39,44,83,136,4,7,127,23,85,126,133,148,16,88,94,12,21,149,22,84,114,31,53,62,108,111
[ 92] Sent Broadcast: 1|0,10,27,33,38,42,82,93,95,120,138,1,3,35,54,56,101,124,96,144,34,37,134,57,63,110,20,77,30,41,65,79,141,6,51,55,99,106,145,18,89,97,128,107,40,66,58,118,70,109,100,14,25,29,142,52,116,5,13,39,44,83,136,71,112,76,92,121,131,2,43,47,117
[ 45] Received message from  46: 1|0,10,27,33,38,42,82,93,95,120,138,1,3,35,54,56,101,124,96,144,34,37,134,57,63,110,20,77,30,41,65,79,141,6,51,55,99,106,145,18,89,97,128,107,40,66,58,118,70,109,100,14,25,29,142,52,116,5,13,39,44,83,136,4,7,127,23,85,126,133,148,16,88,94,9,12,21,50,74,135,149,125,46,61,140,45,48,84,114,115
[117] Received message from 121: 1|0,10,27,33,38,42,82,93,95,120,138,1,3,35,54,56,101,124,96,144,34,37,134,57,63,110,20,77,30,41,65,79,141,6,51,55,99,106,145,18,89,97,128,107,40,66,58,118,70,109,100,14,25,29,142,52,116,5,13,39,44,83,136,71,112,76,92,121,131,2,43,47,117
[  7] Sent Broadcast: 1|0,10,27,33,38,42,82,93,95,120,138,1,3,35,54,56,101,124,96,144,34,37,134,57,63,110,20,77,30,41,65,79,141,6,51,55,99,106,145,18,89,97,128,107,40,66,58,118,70,109,100,14,25,29,142,52,116,5,13,39,44,83,136,4,7,127,23,85,126,133,148
[105] Received message from 102: 1|0,10,27,33,38,42,82,93,95,120,138,1,3,35,54,56,101,124,96,144,34,37,134,57,63,110,20,77,30,41,65,79,141,6,51,55,99,106,145,18,89,97,128,107,40,66,58,118,70,109,100,14,25,29,142,52,116,5,13,39,44,83,136,71,112,76,92,121,131,2,102,105
[ 84] Received message from  61: 1|0,10,27,33,38,42,82,93,95,120,138,1,3,35,54,56,101,124,96,144,34,37,134,57,63,110,20,77,30,41,65,79,141,6,51,55,99,106,145,18,89,97,128,107,40,66,58,118,70,109,100,14,25,29,142,52,116,5,13,39,44,83,136,4,7,127,23,85,126,133,148,16,88,94,9,12,21,50,74,135,149,125,46,61,140,84
[102] Sent Broadcast: 1|0,10,27,33,38,42,82,93,95,120,138,1,3,35,54,56,101,124,96,144,34,37,134,57,63,110,20,77,30,41,65,79,141,6,51,55,99,106,145,18,89,97,128,107,40,66,58,118,70,109,100,14,25,29,142,52,116,5,13,39,44,83,136,71,112,76,92,121,131,2,102,105
[ 88] Sent Broadcast: 1|0,10,27,33,38,42,82,93,95,120,138,1,3,35,54,56,101,124,96,144,34,37,134,57,63,110,20,77,30,41,65,79,141,6,51,55,99,106,145,18,89,97,128,107,40,66,58,118,70,109,100,14,25,29,142,52,116,5,13,39,44,83,136,4,7,127,23,85,126,133,148,16,88,94,12,21,149
[121] Sent Broadcast: 1|0,10,27,33,38,42,82,93,95,120,138,1,3,35,54,56,101,124,96,144,34,37,134,57,63,110,20,77,30,41,65,79,141,6,51,55,99,106,145,18,89,97,128,107,40,66,58,118,70,109,100,14,25,29,142,52,116,5,13,39,44,83,136,71,112,76,92,121,131,2,43,47,117
[ 61] Sent Broadcast: 1|0,10,27,33,38,42,82,93,95,120,138,1,3,35,54,56,101,124,96,144,34,37,134,57,63,110,20,77,30,41,65,79,141,6,51,55,99,106,145,18,89,97,128,107,40,66,58,118,70,109,100,14,25,29,142,52,116,5,13,39,44,83,136,4,7,127,23,85,126,133,148,16,88,94,9,12,21,50,74,135,149,125,46,61,140,84
[ 53] Received message from  22: 1|0,10,27,33,38,42,82,93,95,120,138,1,3,35,54,56,101,124,96,144,34,37,134,57,63,110,20,77,30,41,65,79,141,6,51,55,99,106,145,18,89,97,128,107,40,66,58,118,70,109,100,14,25,29,142,52,116,5,13,39,44,83,136,4,7,127,23,85,126,133,148,16,88,94,12,21,149,22,84,114,31,53,62,108,111
[  9] Received message from 149: 1|0,10,27,33,38,42,82,93,95,120,138,1,3,35,54,56,101,124,96,144,34,37,134,57,63,110,20,77,30,41,65,79,141,6,51,55,99,106,145,18,89,97,128,107,40,66,58,118,70,109,100,14,25,29,142,52,116,5,13,39,44,83,136,4,7,127,23,85,126,133,148,16,88,94,12,21,149,9,46,61,84,114,125
[ 50] Received message from  21: 1|0,10,27,33,38,42,82,93,95,120,138,1,3,35,54,56,101,124,96,144,34,37,134,57,63,110,20,77,30,41,65,79,141,6,51,55,99,106,145,18,89,97,128,107,40,66,58,118,70,109,100,14,25,29,142,52,116,5,13,39,44,83,136,4,7,127,23,85,126,133,148,16,88,94,12,21,149,9,50,74,135
[140] Received message from 125: 1|0,10,27,33,38,42,82,93,95,120,138,1,3,35,54,56,101,124,96,144,34,37,134,57,63,110,20,77,30,41,65,79,141,6,51,55,99,106,145,18,89,97,128,107,40,66,58,118,70,109,100,14,25,29,142,52,116,5,13,39,44,83,136,4,7,127,23,85,126,133,148,16,88,94,9,12,21,50,74,135,149,125,46,61,140
[133] Received message from 127: 1|0,10,27,33,38,42,82,93,95,120,138,1,3,35,54,56,101,124,96,144,34,37,134,57,63,110,20,77,30,41,65,79,141,6,51,55,99,106,145,18,89,97,128,107,40,66,58,118,70,109,100,14,25,29,142,52,116,5,13,39,44,83,136,4,7,127,23,94,126,133,148
[114] Received message from  12: 1|0,10,27,33,38,42,82,93,95,120,138,1,3,35,54,56,101,124,96,144,34,37,134,57,63,110,20,77,30,41,65,79,141,6,51,55,99,106,145,18,89,97,128,107,40,66,58,118,70,109,100,14,25,29,142,52,116,5,13,39,44,83,136,4,7,127,23,85,126,133,148,16,88,94,12,21,149,22,84,114
[ 45] Received message from  84: 1|0,10,27,33,38,42,82,93,95,120,138,1,3,35,54,56,101,124,96,144,34,37,134,57,63,110,20,77,30,41,65,79,141,6,51,55,99,106,145,18,89,97,128,107,40,66,58,118,70,109,100,14,25,29,142,52,116,5,13,39,44,83,136,4,7,127,23,85,126,133,148,16,88,94,12,21,149,22,84,114,45,46,61,115
[125] Sent Broadcast: 1|0,10,27,33,38,42,82,93,95,120,138,1,3,35,54,56,101,124,96,144,34,37,134,57,63,110,20,77,30,41,65,79,141,6,51,55,99,106,145,18,89,97,128,107,40,66,58,118,70,109,100,14,25,29,142,52,116,5,13,39,44,83,136,4,7,127,23,85,126,133,148,16,88,94,9,12,21,50,74,135,149,125,46,61,140
[ 48] Received message from  46: 1|0,10,27,33,38,42,82,93,95,120,138,1,3,35,54,56,101,124,96,144,34,37,134,57,63,110,20,77,30,41,65,79,141,6,51,55,99,106,145,18,89,97,128,107,40,66,58,118,70,109,100,14,25,29,142,52,116,5,13,39,44,83,136,4,7,127,23,85,126,133,148,16,88,94,9,12,21,50,74,135,149,125,46,61,140,45,48,84,114,115
[ 12] Sent Broadcast: 1|0,10,27,33,38,42,82,93,95,120,138,1,3,35,54,56,101,124,96,144,34,37,134,57,63,110,20,77,30,41,65,79,141,6,51,55,99,106,145,18,89,97,128,107,40,66,58,118,70,109,100,14,25,29,142,52,116,5,13,39,44,83,136,4,7,127,23,85,126,133,148,16,88,94,12,21,149,22,84,114
[ 50] Received message from  16: 1|0,10,27,33,38,42,82,93,95,120,138,1,3,35,54,56,101,124,96,144,34,37,134,57,63,110,20,77,30,41,65,79,141,6,51,55,99,106,145,18,89,97,128,107,40,66,58,118,70,109,100,14,25,29,142,52,116,5,13,39,44,83,136,4,7,127,23,85,126,133,148,16,88,94,9,12,21,50,74,135,149
[ 46] Received message from 149: 1|0,10,27,33,38,42,82,93,95,120,138,1,3,35,54,56,101,124,96,144,34,37,134,57,63,110,20,77,30,41,65,79,141,6,51,55,99,106,145,18,89,97,128,107,40,66,58,118,70,109,100,14,25,29,142,52,116,5,13,39,44,83,136,4,7,127,23,85,126,133,148,16,88,94,12,21,149,9,46,61,84,114,125
[147] Received message from  53: 1|0,10,27,33,38,42,82,93,95,120,138,1,3,35,54,56,101,124,96,144,34,37,134,57,63,110,20,77,30,41,65,79,141,6,51,55,99,106,145,18,89,97,128,107,40,66,58,118,70,109,100,14,25,29,142,52,116,5,13,39,44,83,136,4,7,127,23,85,126,133,148,16,88,94,12,21,149,22,84,114,31,53,62,108,111,147
[115] Received message from  31: 1|0,10,27,33,38,42,82,93,95,120,138,1,3,35,54,56,101,124,96,144,34,37,134,57,63,110,20,77,30,41,65,79,141,6,51,55,99,106,145,18,89,97,128,107,40,66,58,118,70,109,100,14,25,29,142,52,116,5,13,39,44,83,136,4,7,127,23,85,126,133,148,16,88,94,12,21,149,22,84,114,31,53,62,108,111,115,147
[ 46] Received message from  84: 1|0,10,27,33,38,42,82,93,95,120,138,1,3,35,54,56,101,124,96,144,34,37,134,57,63,110,20,77,30,41,65,79,141,6,51,55,99,106,145,18,89,97,128,107,40,66,58,118,70,109,100,14,25,29,142,52,116,5,13,39,44,83,136,4,7,127,23,85,126,133,148,16,88,94,12,21,149,22,84,114,45,46,61,115
[148] Received message from 127: 1|0,10,27,33,38,42,82,93,95,120,138,1,3,35,54,56,101,124,96,144,34,37,134,57,63,110,20,77,30,41,65,79,141,6,51,55,99,106,145,18,89,97,128,107,40,66,58,118,70,109,100,14,25,29,142,52,116,5,13,39,44,83,136,4,7,127,23,94,126,133,148
[ 31] Received message from 114: 1|0,10,27,33,38,42,82,93,95,120,138,1,3,35,54,56,101,124,96,144,34,37,134,57,63,110,20,77,30,41,65,79,141,6,51,55,99,106,145,18,89,97,128,107,40,66,58,118,70,109,100,14,25,29,142,52,116,5,13,39,44,83,136,4,7,127,23,85,126,133,148,16,88,94,12,21,149,22,84,114,31,45,46,115
[ 62] Received message from  22: 1|0,10,27,33,38,42,82,93,95,120,138,1,3,35,54,56,101,124,96,144,34,37,134,57,63,110,20,77,30,41,65,79,141,6,51,55,99,106,145,18,89,97,128,107,40,66,58,118,70,109,100,14,25,29,142,52,116,5,13,39,44,83,136,4,7,127,23,85,126,133,148,16,88,94,12,21,149,22,84,114,31,53,62,108,111
[ 53] Sent Broadcast: 1|0,10,27,33,38,42,82,93,95,120,138,1,3,35,54,56,101,124,96,144,34,37,134,57,63,110,20,77,30,41,65,79,141,6,51,55,99,106,145,18,89,97,128,107,40,66,58,118,70,109,100,14,25,29,142,52,116,5,13,39,44,83,136,4,7,127,23,85,126,133,148,16,88,94,12,21,149,22,84,114,31,53,62,108,111,147
[ 74] Received message from  21: 1|0,10,27,33,38,42,82,93,95,120,138,1,3,35,54,56,101,124,96,144,34,37,134,57,63,110,20,77,30,41,65,79,141,6,51,55,99,106,145,18,89,97,128,107,40,66,58,118,70,109,100,14,25,29,142,52,116,5,13,39,44,83,136,4,7,127,23,85,126,133,148,16,88,94,12,21,149,9,50,74,135
[127] Sent Broadcast: 1|0,10,27,33,38,42,82,93,95,120,138,1,3,35,54,56,101,124,96,144,34,37,134,57,63,110,20,77,30,41,65,79,141,6,51,55,99,106,145,18,89,97,128,107,40,66,58,118,70,109,100,14,25,29,142,52,116,5,13,39,44,83,136,4,7,127,23,94,126,133,148
[ 74] Received message from  16: 1|0,10,27,33,38,42,82,93,95,120,138,1,3,35,54,56,101,124,96,144,34,37,134,57,63,110,20,77,30,41,65,79,141,6,51,55,99,106,145,18,89,97,128,107,40,66,58,118,70,109,100,14,25,29,142,52,116,5,13,39,44,83,136,4,7,127,23,85,126,133,148,16,88,94,9,12,21,50,74,135,149
[ 45] Received message from 115: 1|0,10,27,33,38,42,82,93,95,120,138,1,3,35,54,56,101,124,96,144,34,37,134,57,63,110,20,77,30,41,65,79,141,6,51,55,99,106,145,18,89,97,128,107,40,66,58,118,70,109,100,14,25,29,142,52,116,5,13,39,44,83,136,4,7,127,23,85,126,133,148,16,88,94,12,21,149,22,84,114,31,53,62,108,111,115,147,45,46,48
[108] Received message from  22: 1|0,10,27,33,38,42,82,93,95,120,138,1,3,35,54,56,101,124,96,144,34,37,134,57,63,110,20,77,30,41,65,79,141,6,51,55,99,106,145,18,89,97,128,107,40,66,58,118,70,109,100,14,25,29,142,52,116,5,13,39,44,83,136,4,7,127,23,85,126,133,148,16,88,94,12,21,149,22,84,114,31,53,62,108,111
[147] Received message from  31: 1|0,10,27,33,38,42,82,93,95,120,138,1,3,35,54,56,101,124,96,144,34,37,134,57,63,110,20,77,30,41,65,79,141,6,51,55,99,106,145,18,89,97,128,107,40,66,58,118,70,109,100,14,25,29,142,52,116,5,13,39,44,83,136,4,7,127,23,85,126,133,148,16,88,94,12,21,149,22,84,114,31,53,62,108,111,115,147
[ 61] Received message from 149: 1|0,10,27,33,38,42,82,93,95,120,138,1,3,35,54,56,101,124,96,144,34,37,134,57,63,110,20,77,30,41,65,79,141,6,51,55,99,106,145,18,89,97,128,107,40,66,58,118,70,109,100,14,25,29,142,52,116,5,13,39,44,83,136,4,7,127,23,85,126,133,148,16,88,94,12,21,149,9,46,61,84,114,125
[ 45] Received message from 114: 1|0,10,27,33,38,42,82,93,95,120,138,1,3,35,54,56,101,124,96,144,34,37,134,57,63,110,20,77,30,41,65,79,141,6,51,55,99,106,145,18,89,97,128,107,40,66,58,118,70,109,100,14,25,29,142,52,116,5,13,39,44,83,136,4,7,127,23,85,126,133,148,16,88,94,12,21,149,22,84,114,31,45,46,115
[ 84] Received message from  46: 1|0,10,27,33,38,42,82,93,95,120,138,1,3,35,54,56,101,124,96,144,34,37,134,57,63,110,20,77,30,41,65,79,141,6,51,55,99,106,145,18,89,97,128,107,40,66,58,118,70,109,100,14,25,29,142,52,116,5,13,39,44,83,136,4,7,127,23,85,126,133,148,16,88,94,9,12,21,50,74,135,149,125,46,61,140,45,48,84,114,115
[ 61] Received message from  84: 1|0,10,27,33,38,42,82,93,95,120,138,1,3,35,54,56,101,124,96,144,34,37,134,57,63,110,20,77,30,41,65,79,141,6,51,55,99,106,145,18,89,97,128,107,40,66,58,118,70,109,100,14,25,29,142,52,116,5,13,39,44,83,136,4,7,127,23,85,126,133,148,16,88,94,12,21,149,22,84,114,45,46,61,115
[135] Received message from  21: 1|0,10,27,33,38,42,82,93,95,120,138,1,3,35,54,56,101,124,96,144,34,37,134,57,63,110,20,77,30,41,65,79,141,6,51,55,99,106,145,18,89,97,128,107,40,66,58,118,70,109,100,14,25,29,142,52,116,5,13,39,44,83,136,4,7,127,23,85,126,133,148,16,88,94,12,21,149,9,50,74,135
[ 31] Sent Broadcast: 1|0,10,27,33,38,42,82,93,95,120,138,1,3,35,54,56,101,124,96,144,34,37,134,57,63,110,20,77,30,41,65,79,141,6,51,55,99,106,145,18,89,97,128,107,40,66,58,118,70,109,100,14,25,29,142,52,116,5,13,39,44,83,136,4,7,127,23,85,126,133,148,16,88,94,12,21,149,22,84,114,31,53,62,108,111,115,147
[ 21] Sent Broadcast: 1|0,10,27,33,38,42,82,93,95,120,138,1,3,35,54,56,101,124,96,144,34,37,134,57,63,110,20,77,30,41,65,79,141,6,51,55,99,106,145,18,89,97,128,107,40,66,58,118,70,109,100,14,25,29,142,52,116,5,13,39,44,83,136,4,7,127,23,85,126,133,148,16,88,94,12,21,149,9,50,74,135
[115] Received message from  62: 1|0,10,27,33,38,42,82,93,95,120,138,1,3,35,54,56,101,124,96,144,34,37,134,57,63,110,20,77,30,41,65,79,141,6,51,55,99,106,145,18,89,97,128,107,40,66,58,118,70,109,100,14,25,29,142,52,116,5,13,39,44,83,136,4,7,127,23,85,126,133,148,16,88,94,12,21,149,22,84,114,31,53,62,108,111,115,147
[111] Received message from  22: 1|0,10,27,33,38,42,82,93,95,120,138,1,3,35,54,56,101,124,96,144,34,37,134,57,63,110,20,77,30,41,65,79,141,6,51,55,99,106,145,18,89,97,128,107,40,66,58,118,70,109,100,14,25,29,142,52,116,5,13,39,44,83,136,4,7,127,23,85,126,133,148,16,88,94,12,21,149,22,84,114,31,53,62,108,111
[ 22] Sent Broadcast: 1|0,10,27,33,38,42,82,93,95,120,138,1,3,35,54,56,101,124,96,144,34,37,134,57,63,110,20,77,30,41,65,79,141,6,51,55,99,106,145,18,89,97,128,107,40,66,58,118,70,109,100,14,25,29,142,52,116,5,13,39,44,83,136,4,7,127,23,85,126,133,148,16,88,94,12,21,149,22,84,114,31,53,62,108,111
[ 84] Received message from 149: 1|0,10,27,33,38,42,82,93,95,120,138,1,3,35,54,56,101,124,96,144,34,37,134,57,63,110,20,77,30,41,65,79,141,6,51,55,99,106,145,18,89,97,128,107,40,66,58,118,70,109,100,14,25,29,142,52,116,5,13,39,44,83,136,4,7,127,23,85,126,133,148,16,88,94,12,21,149,9,46,61,84,114,125
[147] Received message from 108: 1|0,10,27,33,38,42,82,93,95,120,138,1,3,35,54,56,101,124,96,144,34,37,134,57,63,110,20,77,30,41,65,79,141,6,51,55,99,106,145,18,89,97,128,107,40,66,58,118,70,109,100,14,25,29,142,52,116,5,13,39,44,83,136,4,7,127,23,85,126,133,148,16,88,94,12,21,149,22,84,114,31,53,62,108,111,147
[135] Received message from  16: 1|0,10,27,33,38,42,82,93,95,120,138,1,3,35,54,56,101,124,96,144,34,37,134,57,63,110,20,77,30,41,65,79,141,6,51,55,99,106,145,18,89,97,128,107,40,66,58,118,70,109,100,14,25,29,142,52,116,5,13,39,44,83,136,4,7,127,23,85,126,133,148,16,88,94,9,12,21,50,74,135,149
[114] Received message from  46: 1|0,10,27,33,38,42,82,93,95,120,138,1,3,35,54,56,101,124,96,144,34,37,134,57,63,110,20,77,30,41,65,79,141,6,51,55,99,106,145,18,89,97,128,107,40,66,58,118,70,109,100,14,25,29,142,52,116,5,13,39,44,83,136,4,7,127,23,85,126,133,148,16,88,94,9,12,21,50,74,135,149,125,46,61,140,45,48,84,114,115
[108] Sent Broadcast: 1|0,10,27,33,38,42,82,93,95,120,138,1,3,35,54,56,101,124,96,144,34,37,134,57,63,110,20,77,30,41,65,79,141,6,51,55,99,106,145,18,89,97,128,107,40,66,58,118,70,109,100,14,25,29,142,52,116,5,13,39,44,83,136,4,7,127,23,85,126,133,148,16,88,94,12,21,149,22,84,114,31,53,62,108,111,147
[125] Received message from 135: 1|0,10,27,33,38,42,82,93,95,120,138,1,3,35,54,56,101,124,96,144,34,37,134,57,63,110,20,77,30,41,65,79,141,6,51,55,99,106,145,18,89,97,128,107,40,66,58,118,70,109,100,14,25,29,142,52,116,5,13,39,44,83,136,4,7,127,23,85,126,133,148,16,88,94,12,21,149,9,50,74,135,125
[147] Received message from  62: 1|0,10,27,33,38,42,82,93,95,120,138,1,3,35,54,56,101,124,96,144,34,37,134,57,63,110,20,77,30,41,65,79,141,6,51,55,99,106,145,18,89,97,128,107,40,66,58,118,70,109,100,14,25,29,142,52,116,5,13,39,44,83,136,4,7,127,23,85,126,133,148,16,88,94,12,21,149,22,84,114,31,53,62,108,111,115,147
[ 46] Received message from 115: 1|0,10,27,33,38,42,82,93,95,120,138,1,3,35,54,56,101,124,96,144,34,37,134,57,63,110,20,77,30,41,65,79,141,6,51,55,99,106,145,18,89,97,128,107,40,66,58,118,70,109,100,14,25,29,142,52,116,5,13,39,44,83,136,4,7,127,23,85,126,133,148,16,88,94,12,21,149,22,84,114,31,53,62,108,111,115,147,45,46,48
[135] Sent Broadcast: 1|0,10,27,33,38,42,82,93,95,120,138,1,3,35,54,56,101,124,96,144,34,37,134,57,63,110,20,77,30,41,65,79,141,6,51,55,99,106,145,18,89,97,128,107,40,66,58,118,70,109,100,14,25,29,142,52,116,5,13,39,44,83,136,4,7,127,23,85,126,133,148,16,88,94,12,21,149,9,50,74,135,125
[ 62] Sent Broadcast: 1|0,10,27,33,38,42,82,93,95,120,138,1,3,35,54,56,101,124,96,144,34,37,134,57,63,110,20,77,30,41,65,79,141,6,51,55,99,106,145,18,89,97,128,107,40,66,58,118,70,109,100,14,25,29,142,52,116,5,13,39,44,83,136,4,7,127,23,85,126,133,148,16,88,94,12,21,149,22,84,114,31,53,62,108,111,115,147
[114] Received message from 149: 1|0,10,27,33,38,42,82,93,95,120,138,1,3,35,54,56,101,124,96,144,34,37,134,57,63,110,20,77,30,41,65,79,141,6,51,55,99,106,145,18,89,97,128,107,40,66,58,118,70,109,100,14,25,29,142,52,116,5,13,39,44,83,136,4,7,127,23,85,126,133,148,16,88,94,12,21,149,9,46,61,84,114,125
[ 46] Received message from 114: 1|0,10,27,33,38,42,82,93,95,120,138,1,3,35,54,56,101,124,96,144,34,37,134,57,63,110,20,77,30,41,65,79,141,6,51,55,99,106,145,18,89,97,128,107,40,66,58,118,70,109,100,14,25,29,142,52,116,5,13,39,44,83,136,4,7,127,23,85,126,133,148,16,88,94,12,21,149,22,84,114,31,45,46,115
[115] Received message from  84: 1|0,10,27,33,38,42,82,93,95,120,138,1,3,35,54,56,101,124,96,144,34,37,134,57,63,110,20,77,30,41,65,79,141,6,51,55,99,106,145,18,89,97,128,107,40,66,58,118,70,109,100,14,25,29,142,52,116,5,13,39,44,83,136,4,7,127,23,85,126,133,148,16,88,94,12,21,149,22,84,114,45,46,61,115
[ 48] Received message from 115: 1|0,10,27,33,38,42,82,93,95,120,138,1,3,35,54,56,101,124,96,144,34,37,134,57,63,110,20,77,30,41,65,79,141,6,51,55,99,106,145,18,89,97,128,107,40,66,58,118,70,109,100,14,25,29,142,52,116,5,13,39,44,83,136,4,7,127,23,85,126,133,148,16,88,94,12,21,149,22,84,114,31,53,62,108,111,115,147,45,46,48
[125] Received message from 149: 1|0,10,27,33,38,42,82,93,95,120,138,1,3,35,54,56,101,124,96,144,34,37,134,57,63,110,20,77,30,41,65,79,141,6,51,55,99,106,145,18,89,97,128,107,40,66,58,118,70,109,100,14,25,29,142,52,116,5,13,39,44,83,136,4,7,127,23,85,126,133,148,16,88,94,12,21,149,9,46,61,84,114,125
[115] Received message from  46: 1|0,10,27,33,38,42,82,93,95,120,138,1,3,35,54,56,101,124,96,144,34,37,134,57,63,110,20,77,30,41,65,79,141,6,51,55,99,106,145,18,89,97,128,107,40,66,58,118,70,109,100,14,25,29,142,52,116,5,13,39,44,83,136,4,7,127,23,85,126,133,148,16,88,94,9,12,21,50,74,135,149,125,46,61,140,45,48,84,114,115
[149] Received message from  16: 1|0,10,27,33,38,42,82,93,95,120,138,1,3,35,54,56,101,124,96,144,34,37,134,57,63,110,20,77,30,41,65,79,141,6,51,55,99,106,145,18,89,97,128,107,40,66,58,118,70,109,100,14,25,29,142,52,116,5,13,39,44,83,136,4,7,127,23,85,126,133,148,16,88,94,9,12,21,50,74,135,149
[ 84] Sent Broadcast: 1|0,10,27,33,38,42,82,93,95,120,138,1,3,35,54,56,101,124,96,144,34,37,134,57,63,110,20,77,30,41,65,79,141,6,51,55,99,106,145,18,89,97,128,107,40,66,58,118,70,109,100,14,25,29,142,52,116,5,13,39,44,83,136,4,7,127,23,85,126,133,148,16,88,94,12,21,149,22,84,114,45,46,61,115
[115] Sent Broadcast: 1|0,10,27,33,38,42,82,93,95,120,138,1,3,35,54,56,101,124,96,144,34,37,134,57,63,110,20,77,30,41,65,79,141,6,51,55,99,106,145,18,89,97,128,107,40,66,58,118,70,109,100,14,25,29,142,52,116,5,13,39,44,83,136,4,7,127,23,85,126,133,148,16,88,94,12,21,149,22,84,114,31,53,62,108,111,115,147,45,46,48
[149] Sent Broadcast: 1|0,10,27,33,38,42,82,93,95,120,138,1,3,35,54,56,101,124,96,144,34,37,134,57,63,110,20,77,30,41,65,79,141,6,51,55,99,106,145,18,89,97,128,107,40,66,58,118,70,109,100,14,25,29,142,52,116,5,13,39,44,83,136,4,7,127,23,85,126,133,148,16,88,94,12,21,149,9,46,61,84,114,125
[ 16] Sent Broadcast: 1|0,10,27,33,38,42,82,93,95,120,138,1,3,35,54,56,101,124,96,144,34,37,134,57,63,110,20,77,30,41,65,79,141,6,51,55,99,106,145,18,89,97,128,107,40,66,58,118,70,109,100,14,25,29,142,52,116,5,13,39,44,83,136,4,7,127,23,85,126,133,148,16,88,94,9,12,21,50,74,135,149
[ 46] Sent Broadcast: 1|0,10,27,33,38,42,82,93,95,120,138,1,3,35,54,56,101,124,96,144,34,37,134,57,63,110,20,77,30,41,65,79,141,6,51,55,99,106,145,18,89,97,128,107,40,66,58,118,70,109,100,14,25,29,142,52,116,5,13,39,44,83,136,4,7,127,23,85,126,133,148,16,88,94,9,12,21,50,74,135,149,125,46,61,140,45,48,84,114,115
[115] Received message from 114: 1|0,10,27,33,38,42,82,93,95,120,138,1,3,35,54,56,101,124,96,144,34,37,134,57,63,110,20,77,30,41,65,79,141,6,51,55,99,106,145,18,89,97,128,107,40,66,58,118,70,109,100,14,25,29,142,52,116,5,13,39,44,83,136,4,7,127,23,85,126,133,148,16,88,94,12,21,149,22,84,114,31,45,46,115
[114] Sent Broadcast: 1|0,10,27,33,38,42,82,93,95,120,138,1,3,35,54,56,101,124,96,144,34,37,134,57,63,110,20,77,30,41,65,79,141,6,51,55,99,106,145,18,89,97,128,107,40,66,58,118,70,109,100,14,25,29,142,52,116,5,13,39,44,83,136,4,7,127,23,85,126,133,148,16,88,94,12,21,149,22,84,114,31,45,46,115
