[ 42] Received message from   1: 1|0,42,68,78,89
[ 68] Received message from   1: 1|0,42,68,78,89
[105] Received message from  42: 1|0,42,68,78,89,1,105
[ 42] Sent Broadcast: 1|0,42,68,78,89,1,105
[ 78] Received message from   1: 1|0,42,68,78,89
[ 41] Received message from  78: 1|0,42,68,78,89,1,41,105,107
[ 89] Received message from   1: 1|0,42,68,78,89
[  1] Sent Broadcast: 1|0,42,68,78,89
[105] Received message from  78: 1|0,42,68,78,89,1,41,105,107
[ 38] Received message from 105: 1|0,42,68,78,89,1,105,38,41,51,133
[104] Received message from  41: 1|0,42,68,78,89,1,41,105,107,104
[ 41] Sent Broadcast: 1|0,42,68,78,89,1,41,105,107,104
[ 61] Received message from  89: 1|0,42,68,78,89,1,61,105,138
[ 41] Received message from 105: 1|0,42,68,78,89,1,105,38,41,51,133
[107] Received message from  78: 1|0,42,68,78,89,1,41,105,107
[ 21] Received message from  38: 1|0,42,68,78,89,1,105,38,41,51,133,21,65,66
[ 78] Sent Broadcast: 1|0,42,68,78,89,1,41,105,107
[105] Received message from  89: 1|0,42,68,78,89,1,61,105,138
[ 51] Received message from 105: 1|0,42,68,78,89,1,105,38,41,51,133
[ 76] Received message from  61: 1|0,42,68,78,89,1,61,105,138,76,96,119,126,137
[ 34] Received message from  21: 1|0,42,68,78,89,1,105,38,41,51,133,21,65,66,34,92
[ 39] Received message from 104: 1|0,42,68,78,89,1,41,105,107,104,39,92,139
[ 65] Received message from  38: 1|0,42,68,78,89,1,105,38,41,51,133,21,65,66
[104] Received message from 107: 1|0,42,68,78,89,1,41,105,107,104
[138] Received message from  89: 1|0,42,68,78,89,1,61,105,138
[107] Sent Broadcast: 1|0,42,68,78,89,1,41,105,107,104
[ 89] Sent Broadcast: 1|0,42,68,78,89,1,61,105,138
[ 95] Received message from  34: 1|0,42,68,78,89,1,105,38,41,51,133,21,65,66,34,92,95
[133] Received message from 105: 1|0,42,68,78,89,1,105,38,41,51,133
[ 48] Received message from  76: 1|0,42,68,78,89,1,61,105,138,76,96,119,126,137,48,75,116,125
[ 96] Received message from  61: 1|0,42,68,78,89,1,61,105,138,76,96,119,126,137
[ 34] Sent Broadcast: 1|0,42,68,78,89,1,105,38,41,51,133,21,65,66,34,92,95
[ 66] Received message from  38: 1|0,42,68,78,89,1,105,38,41,51,133,21,65,66
[ 21] Received message from  51: 1|0,42,68,78,89,1,105,38,41,51,133,21
[ 92] Received message from 104: 1|0,42,68,78,89,1,41,105,107,104,39,92,139
[ 40] Received message from  65: 1|0,42,68,78,89,1,105,38,41,51,133,21,65,66,40,75,138,150
[ 38] Sent Broadcast: 1|0,42,68,78,89,1,105,38,41,51,133,21,65,66
[ 92] Received message from  21: 1|0,42,68,78,89,1,105,38,41,51,133,21,65,66,34,92
[105] Sent Broadcast: 1|0,42,68,78,89,1,105,38,41,51,133
[ 48] Received message from 138: 1|0,42,68,78,89,1,61,105,138,48,65,75,76,116,125,137,150
[ 51] Sent Broadcast: 1|0,42,68,78,89,1,105,38,41,51,133,21
[ 21] Sent Broadcast: 1|0,42,68,78,89,1,105,38,41,51,133,21,65,66,34,92
[ 75] Received message from  76: 1|0,42,68,78,89,1,61,105,138,76,96,119,126,137,48,75,116,125
[ 65] Received message from 133: 1|0,42,68,78,89,1,105,38,41,51,133,65
[119] Received message from  61: 1|0,42,68,78,89,1,61,105,138,76,96,119,126,137
[ 17] Received message from  95: 1|0,42,68,78,89,1,105,38,41,51,133,21,65,66,34,92,95,17,23,47,80,124,146
[ 40] Received message from  66: 1|0,42,68,78,89,1,105,38,41,51,133,21,65,66,40,69,99,123,150
[ 32] Received message from  96: 1|0,42,68,78,89,1,61,105,138,76,96,119,126,137,32,45,48
[ 13] Received message from  40: 1|0,42,68,78,89,1,105,38,41,51,133,21,65,66,40,75,138,150,13,123,125
[ 45] Received message from  48: 1|0,42,68,78,89,1,61,105,138,76,96,119,126,137,48,75,116,125,45,53,97
[133] Sent Broadcast: 1|0,42,68,78,89,1,105,38,41,51,133,65
[ 75] Received message from  65: 1|0,42,68,78,89,1,105,38,41,51,133,21,65,66,40,75,138,150
[139] Received message from 104: 1|0,42,68,78,89,1,41,105,107,104,39,92,139
[ 39] Received message from  92: 1|0,42,68,78,89,1,105,38,41,51,133,21,65,66,34,92,39,104
[104] Sent Broadcast: 1|0,42,68,78,89,1,41,105,107,104,39,92,139
[ 65] Received message from 138: 1|0,42,68,78,89,1,61,105,138,48,65,75,76,116,125,137,150
[ 45] Received message from  96: 1|0,42,68,78,89,1,61,105,138,76,96,119,126,137,32,45,48
[ 53] Received message from  48: 1|0,42,68,78,89,1,61,105,138,76,96,119,126,137,48,75,116,125,45,53,97
[ 23] Received message from  95: 1|0,42,68,78,89,1,105,38,41,51,133,21,65,66,34,92,95,17,23,47,80,124,146
[123] Received message from  40: 1|0,42,68,78,89,1,105,38,41,51,133,21,65,66,40,75,138,150,13,123,125
[116] Received message from  76: 1|0,42,68,78,89,1,61,105,138,76,96,119,126,137,48,75,116,125
[ 40] Received message from  75: 1|0,42,68,78,89,1,61,105,138,76,96,119,126,137,48,75,116,125,40,53,65,97,150
[138] Received message from  65: 1|0,42,68,78,89,1,105,38,41,51,133,21,65,66,40,75,138,150
[ 25] Received message from  13: 1|0,42,68,78,89,1,105,38,41,51,133,21,65,66,40,75,138,150,13,123,125,25,67
[ 75] Received message from 138: 1|0,42,68,78,89,1,61,105,138,48,65,75,76,116,125,137,150
[ 69] Received message from  66: 1|0,42,68,78,89,1,105,38,41,51,133,21,65,66,40,69,99,123,150
[126] Received message from  61: 1|0,42,68,78,89,1,61,105,138,76,96,119,126,137
[144] Received message from  32: 1|0,42,68,78,89,1,61,105,138,76,96,119,126,137,32,45,48,144
[ 63] Received message from  45: 1|0,42,68,78,89,1,61,105,138,76,96,119,126,137,48,75,116,125,45,53,97,63
[ 14] Received message from  17: 1|0,42,68,78,89,1,105,38,41,51,133,21,65,66,34,92,95,17,23,47,80,124,146,14
[ 32] Received message from 119: 1|0,42,68,78,89,1,61,105,138,76,96,119,126,137,32,49
[104] Received message from  92: 1|0,42,68,78,89,1,105,38,41,51,133,21,65,66,34,92,39,104
[ 32] Sent Broadcast: 1|0,42,68,78,89,1,61,105,138,76,96,119,126,137,32,45,48,144
[ 45] Sent Broadcast: 1|0,42,68,78,89,1,61,105,138,76,96,119,126,137,48,75,116,125,45,53,97,63
[ 17] Sent Broadcast: 1|0,42,68,78,89,1,105,38,41,51,133,21,65,66,34,92,95,17,23,47,80,124,146,14
[ 48] Received message from  96: 1|0,42,68,78,89,1,61,105,138,76,96,119,126,137,32,45,48
[ 67] Received message from  13: 1|0,42,68,78,89,1,105,38,41,51,133,21,65,66,40,75,138,150,13,123,125,25,67
[ 32] Received message from 126: 1|0,42,68,78,89,1,61,105,138,76,96,119,126,137,32,121
[ 11] Received message from  53: 1|0,42,68,78,89,1,61,105,138,76,96,119,126,137,48,75,116,125,45,53,97,11,25,52,103
[ 11] Received message from  25: 1|0,42,68,78,89,1,105,38,41,51,133,21,65,66,40,75,138,150,13,123,125,25,67,11,53,97,103
[ 12] Received message from  23: 1|0,42,68,78,89,1,105,38,41,51,133,21,65,66,34,92,95,17,23,47,80,124,146,12,14,20
[ 45] Received message from 116: 1|0,42,68,78,89,1,61,105,138,76,96,119,126,137,48,75,116,125,45,53,97,150
[ 47] Received message from  95: 1|0,42,68,78,89,1,105,38,41,51,133,21,65,66,34,92,95,17,23,47,80,124,146
[137] Received message from  61: 1|0,42,68,78,89,1,61,105,138,76,96,119,126,137
[ 97] Received message from  48: 1|0,42,68,78,89,1,61,105,138,76,96,119,126,137,48,75,116,125,45,53,97
[ 92] Sent Broadcast: 1|0,42,68,78,89,1,105,38,41,51,133,21,65,66,34,92,39,104
[  5] Received message from  69: 1|0,42,68,78,89,1,105,38,41,51,133,21,65,66,40,69,99,123,150,5,124
[ 76] Received message from 138: 1|0,42,68,78,89,1,61,105,138,48,65,75,76,116,125,137,150
[ 46] Received message from 144: 1|0,42,68,78,89,1,61,105,138,76,96,119,126,137,32,45,48,144,46,49,98,140
[ 96] Sent Broadcast: 1|0,42,68,78,89,1,61,105,138,76,96,119,126,137,32,45,48
[ 48] Sent Broadcast: 1|0,42,68,78,89,1,61,105,138,76,96,119,126,137,48,75,116,125,45,53,97
[ 99] Received message from  66: 1|0,42,68,78,89,1,105,38,41,51,133,21,65,66,40,69,99,123,150
[  7] Received message from  14: 1|0,42,68,78,89,1,105,38,41,51,133,21,65,66,34,92,95,17,23,47,80,124,146,14,7,12,20,62
[ 53] Received message from  75: 1|0,42,68,78,89,1,61,105,138,76,96,119,126,137,48,75,116,125,40,53,65,97,150
[  9] Received message from  63: 1|0,42,68,78,89,1,61,105,138,76,96,119,126,137,48,75,116,125,45,53,97,63,9,10
[ 69] Received message from 123: 1|0,42,68,78,89,1,105,38,41,51,133,21,65,66,40,75,138,150,13,123,125,69,99
[ 13] Sent Broadcast: 1|0,42,68,78,89,1,105,38,41,51,133,21,65,66,40,75,138,150,13,123,125,25,67
[ 61] Sent Broadcast: 1|0,42,68,78,89,1,61,105,138,76,96,119,126,137
[125] Received message from  76: 1|0,42,68,78,89,1,61,105,138,76,96,119,126,137,48,75,116,125
[150] Received message from  65: 1|0,42,68,78,89,1,105,38,41,51,133,21,65,66,40,75,138,150
[ 88] Received message from  11: 1|0,42,68,78,89,1,61,105,138,76,96,119,126,137,48,75,116,125,45,53,97,11,25,52,103,88,109
[  2] Received message from  67: 1|0,42,68,78,89,1,105,38,41,51,133,21,65,66,40,75,138,150,13,123,125,25,67,2,29,50,58,74,84,94
[ 49] Received message from 119: 1|0,42,68,78,89,1,61,105,138,76,96,119,126,137,32,49
[125] Received message from  40: 1|0,42,68,78,89,1,105,38,41,51,133,21,65,66,40,75,138,150,13,123,125
[ 76] Sent Broadcast: 1|0,42,68,78,89,1,61,105,138,76,96,119,126,137,48,75,116,125
[121] Received message from 126: 1|0,42,68,78,89,1,61,105,138,76,96,119,126,137,32,121
[ 11] Received message from  97: 1|0,42,68,78,89,1,61,105,138,76,96,119,126,137,48,75,116,125,45,53,97,11,25,52,103
[ 25] Received message from  53: 1|0,42,68,78,89,1,61,105,138,76,96,119,126,137,48,75,116,125,45,53,97,11,25,52,103
[ 48] Received message from 137: 1|0,42,68,78,89,1,61,105,138,76,96,119,126,137,48,75,116,125
[ 33] Received message from  12: 1|0,42,68,78,89,1,105,38,41,51,133,21,65,66,34,92,95,17,23,47,80,124,146,12,14,20,33
[  5] Received message from  99: 1|0,42,68,78,89,1,105,38,41,51,133,21,65,66,40,69,99,123,150,5,124
[ 44] Received message from  46: 1|0,42,68,78,89,1,61,105,138,76,96,119,126,137,32,45,48,144,46,49,98,140,44,72,128,131,148
[ 14] Received message from  23: 1|0,42,68,78,89,1,105,38,41,51,133,21,65,66,34,92,95,17,23,47,80,124,146,12,14,20
[ 18] Received message from  88: 1|0,42,68,78,89,1,61,105,138,76,96,119,126,137,48,75,116,125,45,53,97,11,25,52,103,88,109,18,60
[ 80] Received message from  95: 1|0,42,68,78,89,1,105,38,41,51,133,21,65,66,34,92,95,17,23,47,80,124,146
[136] Received message from   9: 1|0,42,68,78,89,1,61,105,138,76,96,119,126,137,48,75,116,125,45,53,97,63,9,10,136
[ 53] Received message from 116: 1|0,42,68,78,89,1,61,105,138,76,96,119,126,137,48,75,116,125,45,53,97,150
[123] Received message from  66: 1|0,42,68,78,89,1,105,38,41,51,133,21,65,66,40,69,99,123,150
[ 53] Received message from  25: 1|0,42,68,78,89,1,105,38,41,51,133,21,65,66,40,75,138,150,13,123,125,25,67,11,53,97,103
[  2] Received message from   5: 1|0,42,68,78,89,1,105,38,41,51,133,21,65,66,40,69,99,123,150,5,124,2,15,29
[145] Received message from  47: 1|0,42,68,78,89,1,105,38,41,51,133,21,65,66,34,92,95,17,23,47,80,124,146,145
[ 25] Received message from 125: 1|0,42,68,78,89,1,61,105,138,76,96,119,126,137,48,75,116,125,25,40,53,97,150
[ 65] Sent Broadcast: 1|0,42,68,78,89,1,105,38,41,51,133,21,65,66,40,75,138,150
[ 99] Received message from 123: 1|0,42,68,78,89,1,105,38,41,51,133,21,65,66,40,75,138,150,13,123,125,69,99
[ 16] Received message from 121: 1|0,42,68,78,89,1,61,105,138,76,96,119,126,137,32,121,16,106,131,148
[119] Sent Broadcast: 1|0,42,68,78,89,1,61,105,138,76,96,119,126,137,32,49
[ 12] Received message from  14: 1|0,42,68,78,89,1,105,38,41,51,133,21,65,66,34,92,95,17,23,47,80,124,146,14,7,12,20,62
[ 40] Sent Broadcast: 1|0,42,68,78,89,1,105,38,41,51,133,21,65,66,40,75,138,150,13,123,125
[126] Sent Broadcast: 1|0,42,68,78,89,1,61,105,138,76,96,119,126,137,32,121
[ 13] Received message from 150: 1|0,42,68,78,89,1,105,38,41,51,133,21,65,66,40,75,138,150,13,116,125
[116] Received message from 138: 1|0,42,68,78,89,1,61,105,138,48,65,75,76,116,125,137,150
[ 65] Received message from  75: 1|0,42,68,78,89,1,61,105,138,76,96,119,126,137,48,75,116,125,40,53,65,97,150
[ 72] Received message from  46: 1|0,42,68,78,89,1,61,105,138,76,96,119,126,137,32,45,48,144,46,49,98,140,44,72,128,131,148
[109] Received message from  11: 1|0,42,68,78,89,1,61,105,138,76,96,119,126,137,48,75,116,125,45,53,97,11,25,52,103,88,109
[124] Received message from  69: 1|0,42,68,78,89,1,105,38,41,51,133,21,65,66,40,69,99,123,150,5,124
[ 19] Received message from 136: 1|0,42,68,78,89,1,61,105,138,76,96,119,126,137,48,75,116,125,45,53,97,63,9,10,136,19
[ 10] Received message from  63: 1|0,42,68,78,89,1,61,105,138,76,96,119,126,137,48,75,116,125,45,53,97,63,9,10
[  5] Received message from   2: 1|42,68,78,89,1,105,38,41,51,133,21,65,66,40,75,138,150,13,123,125,25,67,2,29,50,58,74,84,94,5,15,26
[123] Sent Broadcast: 1|0,42,68,78,89,1,105,38,41,51,133,21,65,66,40,75,138,150,13,123,125,69,99
[ 29] Received message from  67: 1|0,42,68,78,89,1,105,38,41,51,133,21,65,66,40,75,138,150,13,123,125,25,67,2,29,50,58,74,84,94
[ 49] Received message from 144: 1|0,42,68,78,89,1,61,105,138,76,96,119,126,137,32,45,48,144,46,49,98,140
[ 12] Sent Broadcast: 1|0,42,68,78,89,1,105,38,41,51,133,21,65,66,34,92,95,17,23,47,80,124,146,12,14,20,33
[ 44] Received message from  49: 1|0,42,68,78,89,1,61,105,138,76,96,119,126,137,32,49,44,46,72,98,128,131,140,144,148
[  9] Sent Broadcast: 1|0,42,68,78,89,1,61,105,138,76,96,119,126,137,48,75,116,125,45,53,97,63,9,10,136
[106] Received message from  44: 1|0,42,68,78,89,1,61,105,138,76,96,119,126,137,32,45,48,144,46,49,98,140,44,72,128,131,148,106,141
[ 36] Received message from  18: 1|0,42,68,78,89,1,61,105,138,76,96,119,126,137,48,75,116,125,45,53,97,11,25,52,103,88,109,18,60,36,54,90,101,115,129,130
[124] Received message from  99: 1|0,42,68,78,89,1,105,38,41,51,133,21,65,66,40,69,99,123,150,5,124
[ 18] Received message from 109: 1|0,42,68,78,89,1,61,105,138,76,96,119,126,137,48,75,116,125,45,53,97,11,25,52,103,88,109,18
[ 15] Received message from 124: 1|0,42,68,78,89,1,105,38,41,51,133,21,65,66,40,69,99,123,150,5,124,15,95
[ 30] Received message from 145: 1|0,42,68,78,89,1,105,38,41,51,133,21,65,66,34,92,95,17,23,47,80,124,146,145,30,33
[ 47] Sent Broadcast: 1|0,42,68,78,89,1,105,38,41,51,133,21,65,66,34,92,95,17,23,47,80,124,146,145
[ 69] Sent Broadcast: 1|0,42,68,78,89,1,105,38,41,51,133,21,65,66,40,69,99,123,150,5,124
[141] Received message from  72: 1|0,42,68,78,89,1,61,105,138,76,96,119,126,137,32,45,48,144,46,49,98,140,44,72,128,131,148,141
[ 63] Sent Broadcast: 1|0,42,68,78,89,1,61,105,138,76,96,119,126,137,48,75,116,125,45,53,97,63,9,10
[ 11] Sent Broadcast: 1|0,42,68,78,89,1,61,105,138,76,96,119,126,137,48,75,116,125,45,53,97,11,25,52,103,88,109
[136] Sent Broadcast: 1|0,42,68,78,89,1,61,105,138,76,96,119,126,137,48,75,116,125,45,53,97,63,9,10,136,19
[ 99] Sent Broadcast: 1|0,42,68,78,89,1,105,38,41,51,133,21,65,66,40,69,99,123,150,5,124
[109] Sent Broadcast: 1|0,42,68,78,89,1,61,105,138,76,96,119,126,137,48,75,116,125,45,53,97,11,25,52,103,88,109,18
[ 36] Received message from  19: 1|0,42,68,78,89,1,61,105,138,76,96,119,126,137,48,75,116,125,45,53,97,63,9,10,136,19,36,90,130
[145] Received message from  33: 1|0,42,68,78,89,1,105,38,41,51,133,21,65,66,34,92,95,17,23,47,80,124,146,12,14,20,33,145
[ 25] Received message from  97: 1|0,42,68,78,89,1,61,105,138,76,96,119,126,137,48,75,116,125,45,53,97,11,25,52,103
[ 52] Received message from  53: 1|0,42,68,78,89,1,61,105,138,76,96,119,126,137,48,75,116,125,45,53,97,11,25,52,103
[124] Received message from  95: 1|0,42,68,78,89,1,105,38,41,51,133,21,65,66,34,92,95,17,23,47,80,124,146
[ 75] Received message from 137: 1|0,42,68,78,89,1,61,105,138,76,96,119,126,137,48,75,116,125
[ 40] Received message from 125: 1|0,42,68,78,89,1,61,105,138,76,96,119,126,137,48,75,116,125,25,40,53,97,150
[ 15] Received message from   2: 1|42,68,78,89,1,105,38,41,51,133,21,65,66,40,75,138,150,13,123,125,25,67,2,29,50,58,74,84,94,5,15,26
[ 60] Received message from  88: 1|0,42,68,78,89,1,61,105,138,76,96,119,126,137,48,75,116,125,45,53,97,11,25,52,103,88,109,18,60
[ 20] Received message from  23: 1|0,42,68,78,89,1,105,38,41,51,133,21,65,66,34,92,95,17,23,47,80,124,146,12,14,20
[ 98] Received message from 144: 1|0,42,68,78,89,1,61,105,138,76,96,119,126,137,32,45,48,144,46,49,98,140
[ 97] Received message from  25: 1|0,42,68,78,89,1,105,38,41,51,133,21,65,66,40,75,138,150,13,123,125,25,67,11,53,97,103
[136] Received message from  10: 1|0,42,68,78,89,1,61,105,138,76,96,119,126,137,48,75,116,125,45,53,97,63,9,10,136
[ 20] Received message from  14: 1|0,42,68,78,89,1,105,38,41,51,133,21,65,66,34,92,95,17,23,47,80,124,146,14,7,12,20,62
[116] Received message from 150: 1|0,42,68,78,89,1,105,38,41,51,133,21,65,66,40,75,138,150,13,116,125
[  6] Received message from  36: 1|0,42,68,78,89,1,61,105,138,76,96,119,126,137,48,75,116,125,45,53,97,11,25,52,103,88,109,18,60,36,54,90,101,115,129,130,6,19
[ 16] Received message from 106: 1|0,42,68,78,89,1,61,105,138,76,96,119,126,137,32,45,48,144,46,49,98,140,44,72,128,131,148,106,141,16,121
[150] Received message from  66: 1|0,42,68,78,89,1,105,38,41,51,133,21,65,66,40,69,99,123,150
[128] Received message from  46: 1|0,42,68,78,89,1,61,105,138,76,96,119,126,137,32,45,48,144,46,49,98,140,44,72,128,131,148
[141] Received message from  44: 1|0,42,68,78,89,1,61,105,138,76,96,119,126,137,32,45,48,144,46,49,98,140,44,72,128,131,148,106,141
[125] Received message from 138: 1|0,42,68,78,89,1,61,105,138,48,65,75,76,116,125,137,150
[  2] Received message from  15: 1|0,42,68,78,89,1,105,38,41,51,133,21,65,66,40,69,99,123,150,5,124,15,95,2,26,29,37
[106] Received message from 121: 1|0,42,68,78,89,1,61,105,138,76,96,119,126,137,32,121,16,106,131,148
[  5] Received message from  29: 1|42,68,78,89,1,105,38,41,51,133,21,65,66,40,75,138,150,13,123,125,25,67,2,29,50,58,74,84,94,5,15,26
[ 22] Received message from  30: 1|0,42,68,78,89,1,105,38,41,51,133,21,65,66,34,92,95,17,23,47,80,124,146,145,30,33,22,82
[ 33] Sent Broadcast: 1|0,42,68,78,89,1,105,38,41,51,133,21,65,66,34,92,95,17,23,47,80,124,146,12,14,20,33,145
[ 50] Received message from  67: 1|0,42,68,78,89,1,105,38,41,51,133,21,65,66,40,75,138,150,13,123,125,25,67,2,29,50,58,74,84,94
[ 54] Received message from  18: 1|0,42,68,78,89,1,61,105,138,76,96,119,126,137,48,75,116,125,45,53,97,11,25,52,103,88,109,18,60,36,54,90,101,115,129,130
[ 46] Received message from  49: 1|0,42,68,78,89,1,61,105,138,76,96,119,126,137,32,49,44,46,72,98,128,131,140,144,148
[ 15] Received message from   5: 1|0,42,68,78,89,1,105,38,41,51,133,21,65,66,40,69,99,123,150,5,124,2,15,29
[ 97] Received message from 116: 1|0,42,68,78,89,1,61,105,138,76,96,119,126,137,48,75,116,125,45,53,97,150
[ 88] Sent Broadcast: 1|0,42,68,78,89,1,61,105,138,76,96,119,126,137,48,75,116,125,45,53,97,11,25,52,103,88,109,18,60
[ 90] Received message from  19: 1|0,42,68,78,89,1,61,105,138,76,96,119,126,137,48,75,116,125,45,53,97,63,9,10,136,19,36,90,130
[146] Received message from  95: 1|0,42,68,78,89,1,105,38,41,51,133,21,65,66,34,92,95,17,23,47,80,124,146
[106] Received message from 141: 1|0,42,68,78,89,1,61,105,138,76,96,119,126,137,32,45,48,144,46,49,98,140,44,72,128,131,148,141,106
[ 33] Received message from 145: 1|0,42,68,78,89,1,105,38,41,51,133,21,65,66,34,92,95,17,23,47,80,124,146,145,30,33
[116] Received message from 137: 1|0,42,68,78,89,1,61,105,138,76,96,119,126,137,48,75,116,125
[ 10] Sent Broadcast: 1|0,42,68,78,89,1,61,105,138,76,96,119,126,137,48,75,116,125,45,53,97,63,9,10,136
[ 72] Sent Broadcast: 1|0,42,68,78,89,1,61,105,138,76,96,119,126,137,32,45,48,144,46,49,98,140,44,72,128,131,148,141
[ 23] Sent Broadcast: 1|0,42,68,78,89,1,105,38,41,51,133,21,65,66,34,92,95,17,23,47,80,124,146,12,14,20
[103] Received message from  53: 1|0,42,68,78,89,1,61,105,138,76,96,119,126,137,48,75,116,125,45,53,97,11,25,52,103
[ 44] Sent Broadcast: 1|0,42,68,78,89,1,61,105,138,76,96,119,126,137,32,45,48,144,46,49,98,140,44,72,128,131,148,106,141
[ 28] Received message from  60: 1|0,42,68,78,89,1,61,105,138,76,96,119,126,137,48,75,116,125,45,53,97,11,25,52,103,88,109,18,60,28,54,83,101,115,117
[ 66] Sent Broadcast: 1|0,42,68,78,89,1,105,38,41,51,133,21,65,66,40,69,99,123,150
[ 18] Received message from  52: 1|0,42,68,78,89,1,61,105,138,76,96,119,126,137,48,75,116,125,45,53,97,11,25,52,103,18,36,88,109
[ 95] Received message from 124: 1|0,42,68,78,89,1,105,38,41,51,133,21,65,66,40,69,99,123,150,5,124,15,95
[ 53] Received message from 125: 1|0,42,68,78,89,1,61,105,138,76,96,119,126,137,48,75,116,125,25,40,53,97,150
[ 97] Received message from  75: 1|0,42,68,78,89,1,61,105,138,76,96,119,126,137,48,75,116,125,40,53,65,97,150
[140] Received message from 144: 1|0,42,68,78,89,1,61,105,138,76,96,119,126,137,32,45,48,144,46,49,98,140
[ 44] Received message from  98: 1|0,42,68,78,89,1,61,105,138,76,96,119,126,137,32,45,48,144,46,49,98,140,44,72,128,131,148
[ 33] Received message from  20: 1|0,42,68,78,89,1,105,38,41,51,133,21,65,66,34,92,95,17,23,47,80,124,146,14,7,12,20,62,33
[ 52] Received message from  97: 1|0,42,68,78,89,1,61,105,138,76,96,119,126,137,48,75,116,125,45,53,97,11,25,52,103
[ 62] Received message from  14: 1|0,42,68,78,89,1,105,38,41,51,133,21,65,66,34,92,95,17,23,47,80,124,146,14,7,12,20,62
[114] Received message from 128: 1|0,42,68,78,89,1,61,105,138,76,96,119,126,137,32,45,48,144,46,49,98,140,44,72,128,131,148,114,141
[ 58] Received message from  67: 1|0,42,68,78,89,1,105,38,41,51,133,21,65,66,40,75,138,150,13,123,125,25,67,2,29,50,58,74,84,94
[137] Received message from 138: 1|0,42,68,78,89,1,61,105,138,48,65,75,76,116,125,137,150
[ 56] Received message from   6: 1|0,42,68,78,89,1,61,105,138,76,96,119,126,137,48,75,116,125,45,53,97,11,25,52,103,88,109,18,60,36,54,90,101,115,129,130,6,19,56
[ 95] Sent Broadcast: 1|0,42,68,78,89,1,105,38,41,51,133,21,65,66,34,92,95,17,23,47,80,124,146
[145] Sent Broadcast: 1|0,42,68,78,89,1,105,38,41,51,133,21,65,66,34,92,95,17,23,47,80,124,146,145,30,33
[141] Sent Broadcast: 1|0,42,68,78,89,1,61,105,138,76,96,119,126,137,32,45,48,144,46,49,98,140,44,72,128,131,148,141,106
[ 12] Received message from 146: 1|0,42,68,78,89,1,105,38,41,51,133,21,65,66,34,92,95,17,23,47,80,124,146,12,14,20
[ 29] Received message from   5: 1|0,42,68,78,89,1,105,38,41,51,133,21,65,66,40,69,99,123,150,5,124,2,15,29
[ 54] Received message from  60: 1|0,42,68,78,89,1,61,105,138,76,96,119,126,137,48,75,116,125,45,53,97,11,25,52,103,88,109,18,60,28,54,83,101,115,117
[131] Received message from  46: 1|0,42,68,78,89,1,61,105,138,76,96,119,126,137,32,45,48,144,46,49,98,140,44,72,128,131,148
[ 64] Received message from  54: 1|0,42,68,78,89,1,61,105,138,76,96,119,126,137,48,75,116,125,45,53,97,11,25,52,103,88,109,18,60,36,54,90,101,115,129,130,64,147
[ 26] Received message from   2: 1|42,68,78,89,1,105,38,41,51,133,21,65,66,40,75,138,150,13,123,125,25,67,2,29,50,58,74,84,94,5,15,26
[ 15] Received message from  29: 1|42,68,78,89,1,105,38,41,51,133,21,65,66,40,75,138,150,13,123,125,25,67,2,29,50,58,74,84,94,5,15,26
[121] Received message from 106: 1|0,42,68,78,89,1,61,105,138,76,96,119,126,137,32,45,48,144,46,49,98,140,44,72,128,131,148,106,141,16,121
[ 72] Received message from  49: 1|0,42,68,78,89,1,61,105,138,76,96,119,126,137,32,49,44,46,72,98,128,131,140,144,148
[ 88] Received message from 103: 1|0,42,68,78,89,1,61,105,138,76,96,119,126,137,48,75,116,125,45,53,97,11,25,52,103,88,109
[ 90] Received message from  18: 1|0,42,68,78,89,1,61,105,138,76,96,119,126,137,48,75,116,125,45,53,97,11,25,52,103,88,109,18,60,36,54,90,101,115,129,130
[ 82] Received message from  30: 1|0,42,68,78,89,1,105,38,41,51,133,21,65,66,34,92,95,17,23,47,80,124,146,145,30,33,22,82
[124] Sent Broadcast: 1|0,42,68,78,89,1,105,38,41,51,133,21,65,66,40,69,99,123,150,5,124,15,95
[  6] Sent Broadcast: 1|0,42,68,78,89,1,61,105,138,76,96,119,126,137,48,75,116,125,45,53,97,11,25,52,103,88,109,18,60,36,54,90,101,115,129,130,6,19,56
[130] Received message from  19: 1|0,42,68,78,89,1,61,105,138,76,96,119,126,137,48,75,116,125,45,53,97,63,9,10,136,19,36,90,130
[125] Received message from 150: 1|0,42,68,78,89,1,105,38,41,51,133,21,65,66,40,75,138,150,13,116,125
[103] Received message from  25: 1|0,42,68,78,89,1,105,38,41,51,133,21,65,66,40,75,138,150,13,123,125,25,67,11,53,97,103
[ 19] Received message from  36: 1|0,42,68,78,89,1,61,105,138,76,96,119,126,137,48,75,116,125,45,53,97,11,25,52,103,88,109,18,60,36,54,90,101,115,129,130,6,19
[ 36] Received message from  52: 1|0,42,68,78,89,1,61,105,138,76,96,119,126,137,48,75,116,125,45,53,97,11,25,52,103,18,36,88,109
[ 26] Received message from  15: 1|0,42,68,78,89,1,105,38,41,51,133,21,65,66,40,69,99,123,150,5,124,15,95,2,26,29,37
[144] Sent Broadcast: 1|0,42,68,78,89,1,61,105,138,76,96,119,126,137,32,45,48,144,46,49,98,140
[ 53] Sent Broadcast: 1|0,42,68,78,89,1,61,105,138,76,96,119,126,137,48,75,116,125,45,53,97,11,25,52,103
[ 14] Sent Broadcast: 1|0,42,68,78,89,1,105,38,41,51,133,21,65,66,34,92,95,17,23,47,80,124,146,14,7,12,20,62
[  5] Sent Broadcast: 1|0,42,68,78,89,1,105,38,41,51,133,21,65,66,40,69,99,123,150,5,124,2,15,29
[ 25] Sent Broadcast: 1|0,42,68,78,89,1,105,38,41,51,133,21,65,66,40,75,138,150,13,123,125,25,67,11,53,97,103
[131] Received message from 121: 1|0,42,68,78,89,1,61,105,138,76,96,119,126,137,32,121,16,106,131,148
[  6] Received message from  90: 1|0,42,68,78,89,1,61,105,138,76,96,119,126,137,48,75,116,125,45,53,97,63,9,10,136,19,36,90,130,6,18,129
[  2] Sent Broadcast: 1|42,68,78,89,1,105,38,41,51,133,21,65,66,40,75,138,150,13,123,125,25,67,2,29,50,58,74,84,94,5,15,26
[ 20] Sent Broadcast: 1|0,42,68,78,89,1,105,38,41,51,133,21,65,66,34,92,95,17,23,47,80,124,146,14,7,12,20,62,33
[111] Received message from  28: 1|0,42,68,78,89,1,61,105,138,76,96,119,126,137,48,75,116,125,45,53,97,11,25,52,103,88,109,18,60,28,54,83,101,115,117,111,127,143
[106] Sent Broadcast: 1|0,42,68,78,89,1,61,105,138,76,96,119,126,137,32,45,48,144,46,49,98,140,44,72,128,131,148,106,141,16,121
[ 30] Sent Broadcast: 1|0,42,68,78,89,1,105,38,41,51,133,21,65,66,34,92,95,17,23,47,80,124,146,145,30,33,22,82
[ 72] Received message from  98: 1|0,42,68,78,89,1,61,105,138,76,96,119,126,137,32,45,48,144,46,49,98,140,44,72,128,131,148
[ 55] Received message from  64: 1|0,42,68,78,89,1,61,105,138,76,96,119,126,137,48,75,116,125,45,53,97,11,25,52,103,88,109,18,60,36,54,90,101,115,129,130,64,147,55,110
[ 26] Received message from  50: 1|42,68,78,89,1,105,38,41,51,133,21,65,66,40,75,138,150,13,123,125,25,67,2,29,50,58,74,84,94,26
[101] Received message from  18: 1|0,42,68,78,89,1,61,105,138,76,96,119,126,137,48,75,116,125,45,53,97,11,25,52,103,88,109,18,60,36,54,90,101,115,129,130
[  3] Received message from  58: 1|42,68,78,89,1,105,38,41,51,133,21,65,66,40,75,138,150,13,123,125,25,67,2,29,50,58,74,84,94,3
[150] Received message from 116: 1|0,42,68,78,89,1,61,105,138,76,96,119,126,137,48,75,116,125,45,53,97,150
[ 97] Received message from 125: 1|0,42,68,78,89,1,61,105,138,76,96,119,126,137,48,75,116,125,25,40,53,97,150
[147] Received message from  54: 1|0,42,68,78,89,1,61,105,138,76,96,119,126,137,48,75,116,125,45,53,97,11,25,52,103,88,109,18,60,36,54,90,101,115,129,130,64,147
[ 74] Received message from  67: 1|0,42,68,78,89,1,105,38,41,51,133,21,65,66,40,75,138,150,13,123,125,25,67,2,29,50,58,74,84,94
[  4] Received message from  56: 1|0,42,68,78,89,1,61,105,138,76,96,119,126,137,48,75,116,125,45,53,97,11,25,52,103,88,109,18,60,36,54,90,101,115,129,130,6,19,56,4,147
[ 19] Sent Broadcast: 1|0,42,68,78,89,1,61,105,138,76,96,119,126,137,48,75,116,125,45,53,97,63,9,10,136,19,36,90,130
[ 18] Received message from  90: 1|0,42,68,78,89,1,61,105,138,76,96,119,126,137,48,75,116,125,45,53,97,63,9,10,136,19,36,90,130,6,18,129
[ 36] Sent Broadcast: 1|0,42,68,78,89,1,61,105,138,76,96,119,126,137,48,75,116,125,45,53,97,11,25,52,103,88,109,18,60,36,54,90,101,115,129,130,6,19
[ 14] Received message from 146: 1|0,42,68,78,89,1,105,38,41,51,133,21,65,66,34,92,95,17,23,47,80,124,146,12,14,20
[109] Received message from 103: 1|0,42,68,78,89,1,61,105,138,76,96,119,126,137,48,75,116,125,45,53,97,11,25,52,103,88,109
[150] Sent Broadcast: 1|0,42,68,78,89,1,105,38,41,51,133,21,65,66,40,75,138,150,13,116,125
[ 83] Received message from  60: 1|0,42,68,78,89,1,61,105,138,76,96,119,126,137,48,75,116,125,45,53,97,11,25,52,103,88,109,18,60,28,54,83,101,115,117
[103] Received message from  97: 1|0,42,68,78,89,1,61,105,138,76,96,119,126,137,48,75,116,125,45,53,97,11,25,52,103
[ 37] Received message from  26: 1|42,68,78,89,1,105,38,41,51,133,21,65,66,40,75,138,150,13,123,125,25,67,2,29,50,58,74,84,94,5,15,26,37
[106] Received message from 131: 1|0,42,68,78,89,1,61,105,138,76,96,119,126,137,32,45,48,144,46,49,98,140,44,72,128,131,148,106,121,141
[125] Received message from 137: 1|0,42,68,78,89,1,61,105,138,76,96,119,126,137,48,75,116,125
[141] Received message from 128: 1|0,42,68,78,89,1,61,105,138,76,96,119,126,137,32,45,48,144,46,49,98,140,44,72,128,131,148,114,141
[ 26] Received message from  29: 1|42,68,78,89,1,105,38,41,51,133,21,65,66,40,75,138,150,13,123,125,25,67,2,29,50,58,74,84,94,5,15,26
[ 98] Received message from  49: 1|0,42,68,78,89,1,61,105,138,76,96,119,126,137,32,49,44,46,72,98,128,131,140,144,148
[148] Received message from  46: 1|0,42,68,78,89,1,61,105,138,76,96,119,126,137,32,45,48,144,46,49,98,140,44,72,128,131,148
[150] Received message from 138: 1|0,42,68,78,89,1,61,105,138,48,65,75,76,116,125,137,150
[ 88] Received message from  52: 1|0,42,68,78,89,1,61,105,138,76,96,119,126,137,48,75,116,125,45,53,97,11,25,52,103,18,36,88,109
[110] Received message from  64: 1|0,42,68,78,89,1,61,105,138,76,96,119,126,137,48,75,116,125,45,53,97,11,25,52,103,88,109,18,60,36,54,90,101,115,129,130,64,147,55,110
[  6] Received message from 130: 1|0,42,68,78,89,1,61,105,138,76,96,119,126,137,48,75,116,125,45,53,97,63,9,10,136,19,36,90,130,6,18,129
[128] Received message from  98: 1|0,42,68,78,89,1,61,105,138,76,96,119,126,137,32,45,48,144,46,49,98,140,44,72,128,131,148
[ 58] Sent Broadcast: 1|42,68,78,89,1,105,38,41,51,133,21,65,66,40,75,138,150,13,123,125,25,67,2,29,50,58,74,84,94,3
[ 50] Sent Broadcast: 1|42,68,78,89,1,105,38,41,51,133,21,65,66,40,75,138,150,13,123,125,25,67,2,29,50,58,74,84,94,26
[116] Sent Broadcast: 1|0,42,68,78,89,1,61,105,138,76,96,119,126,137,48,75,116,125,45,53,97,150
[ 29] Sent Broadcast: 1|42,68,78,89,1,105,38,41,51,133,21,65,66,40,75,138,150,13,123,125,25,67,2,29,50,58,74,84,94,5,15,26
[138] Sent Broadcast: 1|0,42,68,78,89,1,61,105,138,48,65,75,76,116,125,137,150
[  4] Received message from 147: 1|0,42,68,78,89,1,61,105,138,76,96,119,126,137,48,75,116,125,45,53,97,11,25,52,103,88,109,18,60,36,54,90,101,115,129,130,64,147,4,24,35,56
[ 54] Sent Broadcast: 1|0,42,68,78,89,1,61,105,138,76,96,119,126,137,48,75,116,125,45,53,97,11,25,52,103,88,109,18,60,36,54,90,101,115,129,130,64,147
[103] Sent Broadcast: 1|0,42,68,78,89,1,61,105,138,76,96,119,126,137,48,75,116,125,45,53,97,11,25,52,103,88,109
[150] Received message from  75: 1|0,42,68,78,89,1,61,105,138,76,96,119,126,137,48,75,116,125,40,53,65,97,150
[101] Received message from  60: 1|0,42,68,78,89,1,61,105,138,76,96,119,126,137,48,75,116,125,45,53,97,11,25,52,103,88,109,18,60,28,54,83,101,115,117
[ 75] Sent Broadcast: 1|0,42,68,78,89,1,61,105,138,76,96,119,126,137,48,75,116,125,40,53,65,97,150
[112] Received message from  55: 1|0,42,68,78,89,1,61,105,138,76,96,119,126,137,48,75,116,125,45,53,97,11,25,52,103,88,109,18,60,36,54,90,101,115,129,130,64,147,55,110,112,135
[129] Received message from  90: 1|0,42,68,78,89,1,61,105,138,76,96,119,126,137,48,75,116,125,45,53,97,63,9,10,136,19,36,90,130,6,18,129
[ 26] Sent Broadcast: 1|42,68,78,89,1,105,38,41,51,133,21,65,66,40,75,138,150,13,123,125,25,67,2,29,50,58,74,84,94,5,15,26,37
[ 97] Sent Broadcast: 1|0,42,68,78,89,1,61,105,138,76,96,119,126,137,48,75,116,125,45,53,97,11,25,52,103
[137] Sent Broadcast: 1|0,42,68,78,89,1,61,105,138,76,96,119,126,137,48,75,116,125
[128] Sent Broadcast: 1|0,42,68,78,89,1,61,105,138,76,96,119,126,137,32,45,48,144,46,49,98,140,44,72,128,131,148,114,141
[ 46] Sent Broadcast: 1|0,42,68,78,89,1,61,105,138,76,96,119,126,137,32,45,48,144,46,49,98,140,44,72,128,131,148
[127] Received message from  28: 1|0,42,68,78,89,1,61,105,138,76,96,119,126,137,48,75,116,125,45,53,97,11,25,52,103,88,109,18,60,28,54,83,101,115,117,111,127,143
[148] Received message from 121: 1|0,42,68,78,89,1,61,105,138,76,96,119,126,137,32,121,16,106,131,148
[ 43] Received message from  37: 1|42,68,78,89,1,105,38,41,51,133,21,65,66,40,75,138,150,13,123,125,25,67,2,29,50,58,74,84,94,5,15,26,37,43
[150] Received message from 125: 1|0,42,68,78,89,1,61,105,138,76,96,119,126,137,48,75,116,125,25,40,53,97,150
[ 70] Received message from   3: 1|68,78,89,1,105,38,41,51,133,21,65,66,40,75,138,150,13,123,125,25,67,2,29,50,58,74,84,94,3,70,91
[ 20] Received message from 146: 1|0,42,68,78,89,1,105,38,41,51,133,21,65,66,34,92,95,17,23,47,80,124,146,12,14,20
[ 29] Received message from  15: 1|0,42,68,78,89,1,105,38,41,51,133,21,65,66,40,69,99,123,150,5,124,15,95,2,26,29,37
[  3] Received message from  74: 1|42,68,78,89,1,105,38,41,51,133,21,65,66,40,75,138,150,13,123,125,25,67,2,29,50,58,74,84,94,3,26,91
[ 84] Received message from  67: 1|0,42,68,78,89,1,105,38,41,51,133,21,65,66,40,75,138,150,13,123,125,25,67,2,29,50,58,74,84,94
[ 24] Received message from   4: 1|0,42,68,78,89,1,61,105,138,76,96,119,126,137,48,75,116,125,45,53,97,11,25,52,103,88,109,18,60,36,54,90,101,115,129,130,6,19,56,4,147,24,108
[106] Received message from 148: 1|0,42,68,78,89,1,61,105,138,76,96,119,126,137,32,45,48,144,46,49,98,140,44,72,128,131,148,106,121,141
[111] Received message from  83: 1|0,42,68,78,89,1,61,105,138,76,96,119,126,137,48,75,116,125,45,53,97,11,25,52,103,88,109,18,60,28,54,83,101,115,117,111,127,143
[ 64] Sent Broadcast: 1|0,42,68,78,89,1,61,105,138,76,96,119,126,137,48,75,116,125,45,53,97,11,25,52,103,88,109,18,60,36,54,90,101,115,129,130,64,147,55,110
[115] Received message from  18: 1|0,42,68,78,89,1,61,105,138,76,96,119,126,137,48,75,116,125,45,53,97,11,25,52,103,88,109,18,60,36,54,90,101,115,129,130
[135] Received message from  55: 1|0,42,68,78,89,1,61,105,138,76,96,119,126,137,48,75,116,125,45,53,97,11,25,52,103,88,109,18,60,36,54,90,101,115,129,130,64,147,55,110,112,135
[147] Received message from  56: 1|0,42,68,78,89,1,61,105,138,76,96,119,126,137,48,75,116,125,45,53,97,11,25,52,103,88,109,18,60,36,54,90,101,115,129,130,6,19,56,4,147
[121] Received message from 131: 1|0,42,68,78,89,1,61,105,138,76,96,119,126,137,32,45,48,144,46,49,98,140,44,72,128,131,148,106,121,141
[109] Received message from  52: 1|0,42,68,78,89,1,61,105,138,76,96,119,126,137,48,75,116,125,45,53,97,11,25,52,103,18,36,88,109
[128] Received message from  49: 1|0,42,68,78,89,1,61,105,138,76,96,119,126,137,32,49,44,46,72,98,128,131,140,144,148
[ 27] Received message from 110: 1|0,42,68,78,89,1,61,105,138,76,96,119,126,137,48,75,116,125,45,53,97,11,25,52,103,88,109,18,60,36,54,90,101,115,129,130,64,147,55,110,27,112,118,127,135,143
[ 90] Sent Broadcast: 1|0,42,68,78,89,1,61,105,138,76,96,119,126,137,48,75,116,125,45,53,97,63,9,10,136,19,36,90,130,6,18,129
[ 37] Sent Broadcast: 1|42,68,78,89,1,105,38,41,51,133,21,65,66,40,75,138,150,13,123,125,25,67,2,29,50,58,74,84,94,5,15,26,37,43
[125] Sent Broadcast: 1|0,42,68,78,89,1,61,105,138,76,96,119,126,137,48,75,116,125,25,40,53,97,150
[ 54] Received message from 129: 1|0,42,68,78,89,1,61,105,138,76,96,119,126,137,48,75,116,125,45,53,97,63,9,10,136,19,36,90,130,6,18,129,54,56,101,115
[146] Sent Broadcast: 1|0,42,68,78,89,1,105,38,41,51,133,21,65,66,34,92,95,17,23,47,80,124,146,12,14,20
[131] Received message from  98: 1|0,42,68,78,89,1,61,105,138,76,96,119,126,137,32,45,48,144,46,49,98,140,44,72,128,131,148
[143] Received message from  28: 1|0,42,68,78,89,1,61,105,138,76,96,119,126,137,48,75,116,125,45,53,97,11,25,52,103,88,109,18,60,28,54,83,101,115,117,111,127,143
[121] Sent Broadcast: 1|0,42,68,78,89,1,61,105,138,76,96,119,126,137,32,121,16,106,131,148
[ 18] Received message from 130: 1|0,42,68,78,89,1,61,105,138,76,96,119,126,137,48,75,116,125,45,53,97,63,9,10,136,19,36,90,130,6,18,129
[ 57] Received message from  43: 1|42,68,78,89,1,105,38,41,51,133,21,65,66,40,75,138,150,13,123,125,25,67,2,29,50,58,74,84,94,5,15,26,37,43,57,73,142
[ 56] Sent Broadcast: 1|0,42,68,78,89,1,61,105,138,76,96,119,126,137,48,75,116,125,45,53,97,11,25,52,103,88,109,18,60,36,54,90,101,115,129,130,6,19,56,4,147
[ 55] Sent Broadcast: 1|0,42,68,78,89,1,61,105,138,76,96,119,126,137,48,75,116,125,45,53,97,11,25,52,103,88,109,18,60,36,54,90,101,115,129,130,64,147,55,110,112,135
[ 52] Sent Broadcast: 1|0,42,68,78,89,1,61,105,138,76,96,119,126,137,48,75,116,125,45,53,97,11,25,52,103,18,36,88,109
[110] Received message from 127: 1|0,42,68,78,89,1,61,105,138,76,96,119,126,137,48,75,116,125,45,53,97,11,25,52,103,88,109,18,60,28,54,83,101,115,117,111,127,143,110,112,118
[ 64] Received message from 115: 1|0,42,68,78,89,1,61,105,138,76,96,119,126,137,48,75,116,125,45,53,97,11,25,52,103,88,109,18,60,36,54,90,101,115,129,130,64,117
[ 27] Received message from 112: 1|0,42,68,78,89,1,61,105,138,76,96,119,126,137,48,75,116,125,45,53,97,11,25,52,103,88,109,18,60,36,54,90,101,115,129,130,64,147,55,110,112,135,27,93,127
[115] Received message from  60: 1|0,42,68,78,89,1,61,105,138,76,96,119,126,137,48,75,116,125,45,53,97,11,25,52,103,88,109,18,60,28,54,83,101,115,117
[ 26] Received message from  84: 1|42,68,78,89,1,105,38,41,51,133,21,65,66,40,75,138,150,13,123,125,25,67,2,29,50,58,74,84,94,26
[ 91] Received message from   3: 1|68,78,89,1,105,38,41,51,133,21,65,66,40,75,138,150,13,123,125,25,67,2,29,50,58,74,84,94,3,70,91
[ 24] Received message from 147: 1|0,42,68,78,89,1,61,105,138,76,96,119,126,137,48,75,116,125,45,53,97,11,25,52,103,88,109,18,60,36,54,90,101,115,129,130,64,147,4,24,35,56
[129] Received message from  18: 1|0,42,68,78,89,1,61,105,138,76,96,119,126,137,48,75,116,125,45,53,97,11,25,52,103,88,109,18,60,36,54,90,101,115,129,130
[ 56] Received message from 129: 1|0,42,68,78,89,1,61,105,138,76,96,119,126,137,48,75,116,125,45,53,97,63,9,10,136,19,36,90,130,6,18,129,54,56,101,115
[ 31] Received message from  70: 1|68,78,89,1,105,38,41,51,133,21,65,66,40,75,138,150,13,123,125,25,67,2,29,50,58,74,84,94,3,70,91,31,79,113
[ 37] Received message from  15: 1|0,42,68,78,89,1,105,38,41,51,133,21,65,66,40,69,99,123,150,5,124,15,95,2,26,29,37
[ 93] Received message from  27: 1|0,42,68,78,89,1,61,105,138,76,96,119,126,137,48,75,116,125,45,53,97,11,25,52,103,88,109,18,60,36,54,90,101,115,129,130,64,147,55,110,27,112,118,127,135,143,93
[127] Received message from  83: 1|0,42,68,78,89,1,61,105,138,76,96,119,126,137,48,75,116,125,45,53,97,11,25,52,103,88,109,18,60,28,54,83,101,115,117,111,127,143
[  8] Received message from  24: 1|0,42,68,78,89,1,61,105,138,76,96,119,126,137,48,75,116,125,45,53,97,11,25,52,103,88,109,18,60,36,54,90,101,115,129,130,6,19,56,4,147,24,108,8,35
[141] Received message from 131: 1|0,42,68,78,89,1,61,105,138,76,96,119,126,137,32,45,48,144,46,49,98,140,44,72,128,131,148,106,121,141
[ 26] Received message from  74: 1|42,68,78,89,1,105,38,41,51,133,21,65,66,40,75,138,150,13,123,125,25,67,2,29,50,58,74,84,94,3,26,91
[108] Received message from   4: 1|0,42,68,78,89,1,61,105,138,76,96,119,126,137,48,75,116,125,45,53,97,11,25,52,103,88,109,18,60,36,54,90,101,115,129,130,6,19,56,4,147,24,108
[121] Received message from 148: 1|0,42,68,78,89,1,61,105,138,76,96,119,126,137,32,45,48,144,46,49,98,140,44,72,128,131,148,106,121,141
[131] Received message from  49: 1|0,42,68,78,89,1,61,105,138,76,96,119,126,137,32,49,44,46,72,98,128,131,140,144,148
[ 94] Received message from  67: 1|0,42,68,78,89,1,105,38,41,51,133,21,65,66,40,75,138,150,13,123,125,25,67,2,29,50,58,74,84,94
[  3] Sent Broadcast: 1|68,78,89,1,105,38,41,51,133,21,65,66,40,75,138,150,13,123,125,25,67,2,29,50,58,74,84,94,3,70,91
[112] Received message from 110: 1|0,42,68,78,89,1,61,105,138,76,96,119,126,137,48,75,116,125,45,53,97,11,25,52,103,88,109,18,60,36,54,90,101,115,129,130,64,147,55,110,27,112,118,127,135,143
[ 27] Received message from 135: 1|0,42,68,78,89,1,61,105,138,76,96,119,126,137,48,75,116,125,45,53,97,11,25,52,103,88,109,18,60,36,54,90,101,115,129,130,64,147,55,110,112,135,27,93
[110] Received message from 143: 1|0,42,68,78,89,1,61,105,138,76,96,119,126,137,48,75,116,125,45,53,97,11,25,52,103,88,109,18,60,28,54,83,101,115,117,111,127,143,110,118
[134] Received message from  57: 1|42,68,78,89,1,105,38,41,51,133,21,65,66,40,75,138,150,13,123,125,25,67,2,29,50,58,74,84,94,5,15,26,37,43,57,73,142,134
[ 67] Sent Broadcast: 1|0,42,68,78,89,1,105,38,41,51,133,21,65,66,40,75,138,150,13,123,125,25,67,2,29,50,58,74,84,94
[ 28] Sent Broadcast: 1|0,42,68,78,89,1,61,105,138,76,96,119,126,137,48,75,116,125,45,53,97,11,25,52,103,88,109,18,60,28,54,83,101,115,117,111,127,143
[ 84] Sent Broadcast: 1|42,68,78,89,1,105,38,41,51,133,21,65,66,40,75,138,150,13,123,125,25,67,2,29,50,58,74,84,94,26
[101] Received message from 129: 1|0,42,68,78,89,1,61,105,138,76,96,119,126,137,48,75,116,125,45,53,97,63,9,10,136,19,36,90,130,6,18,129,54,56,101,115
[ 15] Sent Broadcast: 1|0,42,68,78,89,1,105,38,41,51,133,21,65,66,40,69,99,123,150,5,124,15,95,2,26,29,37
[112] Received message from 127: 1|0,42,68,78,89,1,61,105,138,76,96,119,126,137,48,75,116,125,45,53,97,11,25,52,103,88,109,18,60,28,54,83,101,115,117,111,127,143,110,112,118
[113] Received message from  91: 1|68,78,89,1,105,38,41,51,133,21,65,66,40,75,138,150,13,123,125,25,67,2,29,50,58,74,84,94,3,70,91,113
[148] Received message from  98: 1|0,42,68,78,89,1,61,105,138,76,96,119,126,137,32,45,48,144,46,49,98,140,44,72,128,131,148
[129] Received message from 130: 1|0,42,68,78,89,1,61,105,138,76,96,119,126,137,48,75,116,125,45,53,97,63,9,10,136,19,36,90,130,6,18,129
[131] Sent Broadcast: 1|0,42,68,78,89,1,61,105,138,76,96,119,126,137,32,45,48,144,46,49,98,140,44,72,128,131,148,106,121,141
[ 27] Sent Broadcast: 1|0,42,68,78,89,1,61,105,138,76,96,119,126,137,48,75,116,125,45,53,97,11,25,52,103,88,109,18,60,36,54,90,101,115,129,130,64,147,55,110,27,112,118,127,135,143,93
[ 73] Received message from  43: 1|42,68,78,89,1,105,38,41,51,133,21,65,66,40,75,138,150,13,123,125,25,67,2,29,50,58,74,84,94,5,15,26,37,43,57,73,142
[ 85] Received message from   8: 1|0,42,68,78,89,1,61,105,138,76,96,119,126,137,48,75,116,125,45,53,97,11,25,52,103,88,109,18,60,36,54,90,101,115,129,130,6,19,56,4,147,24,108,8,35,85
[ 79] Received message from  70: 1|68,78,89,1,105,38,41,51,133,21,65,66,40,75,138,150,13,123,125,25,67,2,29,50,58,74,84,94,3,70,91,31,79,113
[117] Received message from  60: 1|0,42,68,78,89,1,61,105,138,76,96,119,126,137,48,75,116,125,45,53,97,11,25,52,103,88,109,18,60,28,54,83,101,115,117
[143] Received message from  83: 1|0,42,68,78,89,1,61,105,138,76,96,119,126,137,48,75,116,125,45,53,97,11,25,52,103,88,109,18,60,28,54,83,101,115,117,111,127,143
[ 35] Received message from 147: 1|0,42,68,78,89,1,61,105,138,76,96,119,126,137,48,75,116,125,45,53,97,11,25,52,103,88,109,18,60,36,54,90,101,115,129,130,64,147,4,24,35,56
[  4] Sent Broadcast: 1|0,42,68,78,89,1,61,105,138,76,96,119,126,137,48,75,116,125,45,53,97,11,25,52,103,88,109,18,60,36,54,90,101,115,129,130,6,19,56,4,147,24,108
[  8] Received message from 108: 1|0,42,68,78,89,1,61,105,138,76,96,119,126,137,48,75,116,125,45,53,97,11,25,52,103,88,109,18,60,36,54,90,101,115,129,130,6,19,56,4,147,24,108,8,35
[ 57] Sent Broadcast: 1|42,68,78,89,1,105,38,41,51,133,21,65,66,40,75,138,150,13,123,125,25,67,2,29,50,58,74,84,94,5,15,26,37,43,57,73,142,134
[ 91] Received message from  74: 1|42,68,78,89,1,105,38,41,51,133,21,65,66,40,75,138,150,13,123,125,25,67,2,29,50,58,74,84,94,3,26,91
[117] Received message from 115: 1|0,42,68,78,89,1,61,105,138,76,96,119,126,137,48,75,116,125,45,53,97,11,25,52,103,88,109,18,60,36,54,90,101,115,129,130,64,117
[130] Received message from  18: 1|0,42,68,78,89,1,61,105,138,76,96,119,126,137,48,75,116,125,45,53,97,11,25,52,103,88,109,18,60,36,54,90,101,115,129,130
[102] Received message from  31: 1|68,78,89,1,105,38,41,51,133,21,65,66,40,75,138,150,13,123,125,25,67,2,29,50,58,74,84,94,3,70,91,31,79,113,102
[ 93] Received message from 112: 1|0,42,68,78,89,1,61,105,138,76,96,119,126,137,48,75,116,125,45,53,97,11,25,52,103,88,109,18,60,36,54,90,101,115,129,130,64,147,55,110,112,135,27,93,127
[  3] Received message from  94: 1|42,68,78,89,1,105,38,41,51,133,21,65,66,40,75,138,150,13,123,125,25,67,2,29,50,58,74,84,94,3,91
[115] Received message from 129: 1|0,42,68,78,89,1,61,105,138,76,96,119,126,137,48,75,116,125,45,53,97,63,9,10,136,19,36,90,130,6,18,129,54,56,101,115
[ 91] Sent Broadcast: 1|68,78,89,1,105,38,41,51,133,21,65,66,40,75,138,150,13,123,125,25,67,2,29,50,58,74,84,94,3,70,91,113
[ 59] Received message from  85: 1|0,42,68,78,89,1,61,105,138,76,96,119,126,137,48,75,116,125,45,53,97,11,25,52,103,88,109,18,60,36,54,90,101,115,129,130,6,19,56,4,147,24,108,8,35,85,59
[ 98] Sent Broadcast: 1|0,42,68,78,89,1,61,105,138,76,96,119,126,137,32,45,48,144,46,49,98,140,44,72,128,131,148
[111] Received message from 117: 1|0,42,68,78,89,1,61,105,138,76,96,119,126,137,48,75,116,125,45,53,97,11,25,52,103,88,109,18,60,28,54,83,101,115,117,111,127,143
[130] Sent Broadcast: 1|0,42,68,78,89,1,61,105,138,76,96,119,126,137,48,75,116,125,45,53,97,63,9,10,136,19,36,90,130,6,18,129
[  8] Sent Broadcast: 1|0,42,68,78,89,1,61,105,138,76,96,119,126,137,48,75,116,125,45,53,97,11,25,52,103,88,109,18,60,36,54,90,101,115,129,130,6,19,56,4,147,24,108,8,35,85
[141] Received message from 148: 1|0,42,68,78,89,1,61,105,138,76,96,119,126,137,32,45,48,144,46,49,98,140,44,72,128,131,148,106,121,141
[129] Sent Broadcast: 1|0,42,68,78,89,1,61,105,138,76,96,119,126,137,48,75,116,125,45,53,97,63,9,10,136,19,36,90,130,6,18,129,54,56,101,115
[ 77] Received message from 134: 1|42,68,78,89,1,105,38,41,51,133,21,65,66,40,75,138,150,13,123,125,25,67,2,29,50,58,74,84,94,5,15,26,37,43,57,73,142,134,77,87,132
[ 81] Received message from  79: 1|68,78,89,1,105,38,41,51,133,21,65,66,40,75,138,150,13,123,125,25,67,2,29,50,58,74,84,94,3,70,91,31,79,113,81,86,100,102,120,122
[140] Received message from  49: 1|0,42,68,78,89,1,61,105,138,76,96,119,126,137,32,49,44,46,72,98,128,131,140,144,148
[ 93] Received message from 135: 1|0,42,68,78,89,1,61,105,138,76,96,119,126,137,48,75,116,125,45,53,97,11,25,52,103,88,109,18,60,36,54,90,101,115,129,130,64,147,55,110,112,135,27,93
[ 35] Received message from  24: 1|0,42,68,78,89,1,61,105,138,76,96,119,126,137,48,75,116,125,45,53,97,11,25,52,103,88,109,18,60,36,54,90,101,115,129,130,6,19,56,4,147,24,108,8,35
[ 31] Received message from 113: 1|68,78,89,1,105,38,41,51,133,21,65,66,40,75,138,150,13,123,125,25,67,2,29,50,58,74,84,94,3,70,91,113,31,77,79,102
[108] Received message from  35: 1|0,42,68,78,89,1,61,105,138,76,96,119,126,137,48,75,116,125,45,53,97,11,25,52,103,88,109,18,60,36,54,90,101,115,129,130,64,147,4,24,35,56,108
[ 83] Sent Broadcast: 1|0,42,68,78,89,1,61,105,138,76,96,119,126,137,48,75,116,125,45,53,97,11,25,52,103,88,109,18,60,28,54,83,101,115,117,111,127,143
[ 60] Sent Broadcast: 1|0,42,68,78,89,1,61,105,138,76,96,119,126,137,48,75,116,125,45,53,97,11,25,52,103,88,109,18,60,28,54,83,101,115,117
[148] Sent Broadcast: 1|0,42,68,78,89,1,61,105,138,76,96,119,126,137,32,45,48,144,46,49,98,140,44,72,128,131,148,106,121,141
[ 18] Sent Broadcast: 1|0,42,68,78,89,1,61,105,138,76,96,119,126,137,48,75,116,125,45,53,97,11,25,52,103,88,109,18,60,36,54,90,101,115,129,130
[ 74] Sent Broadcast: 1|42,68,78,89,1,105,38,41,51,133,21,65,66,40,75,138,150,13,123,125,25,67,2,29,50,58,74,84,94,3,26,91
[ 31] Sent Broadcast: 1|68,78,89,1,105,38,41,51,133,21,65,66,40,75,138,150,13,123,125,25,67,2,29,50,58,74,84,94,3,70,91,31,79,113,102
[118] Received message from 110: 1|0,42,68,78,89,1,61,105,138,76,96,119,126,137,48,75,116,125,45,53,97,11,25,52,103,88,109,18,60,36,54,90,101,115,129,130,64,147,55,110,27,112,118,127,135,143
[115] Sent Broadcast: 1|0,42,68,78,89,1,61,105,138,76,96,119,126,137,48,75,116,125,45,53,97,11,25,52,103,88,109,18,60,36,54,90,101,115,129,130,64,117
[ 85] Sent Broadcast: 1|0,42,68,78,89,1,61,105,138,76,96,119,126,137,48,75,116,125,45,53,97,11,25,52,103,88,109,18,60,36,54,90,101,115,129,130,6,19,56,4,147,24,108,8,35,85,59
[113] Received message from  70: 1|68,78,89,1,105,38,41,51,133,21,65,66,40,75,138,150,13,123,125,25,67,2,29,50,58,74,84,94,3,70,91,31,79,113
[142] Received message from  43: 1|42,68,78,89,1,105,38,41,51,133,21,65,66,40,75,138,150,13,123,125,25,67,2,29,50,58,74,84,94,5,15,26,37,43,57,73,142
[135] Sent Broadcast: 1|0,42,68,78,89,1,61,105,138,76,96,119,126,137,48,75,116,125,45,53,97,11,25,52,103,88,109,18,60,36,54,90,101,115,129,130,64,147,55,110,112,135,27,93
[ 35] Sent Broadcast: 1|0,42,68,78,89,1,61,105,138,76,96,119,126,137,48,75,116,125,45,53,97,11,25,52,103,88,109,18,60,36,54,90,101,115,129,130,64,147,4,24,35,56,108
[ 71] Received message from  59: 1|0,42,68,78,89,1,61,105,138,76,96,119,126,137,48,75,116,125,45,53,97,11,25,52,103,88,109,18,60,36,54,90,101,115,129,130,6,19,56,4,147,24,108,8,35,85,59,71
[ 81] Received message from 102: 1|68,78,89,1,105,38,41,51,133,21,65,66,40,75,138,150,13,123,125,25,67,2,29,50,58,74,84,94,3,70,91,31,79,113,102,81,86,100,120,122
[118] Received message from 127: 1|0,42,68,78,89,1,61,105,138,76,96,119,126,137,48,75,116,125,45,53,97,11,25,52,103,88,109,18,60,28,54,83,101,115,117,111,127,143,110,112,118
[ 77] Received message from 113: 1|68,78,89,1,105,38,41,51,133,21,65,66,40,75,138,150,13,123,125,25,67,2,29,50,58,74,84,94,3,70,91,113,31,77,79,102
[ 35] Received message from 108: 1|0,42,68,78,89,1,61,105,138,76,96,119,126,137,48,75,116,125,45,53,97,11,25,52,103,88,109,18,60,36,54,90,101,115,129,130,6,19,56,4,147,24,108,8,35
[ 59] Sent Broadcast: 1|0,42,68,78,89,1,61,105,138,76,96,119,126,137,48,75,116,125,45,53,97,11,25,52,103,88,109,18,60,36,54,90,101,115,129,130,6,19,56,4,147,24,108,8,35,85,59,71
[ 56] Received message from 147: 1|0,42,68,78,89,1,61,105,138,76,96,119,126,137,48,75,116,125,45,53,97,11,25,52,103,88,109,18,60,36,54,90,101,115,129,130,64,147,4,24,35,56
[118] Received message from 143: 1|0,42,68,78,89,1,61,105,138,76,96,119,126,137,48,75,116,125,45,53,97,11,25,52,103,88,109,18,60,28,54,83,101,115,117,111,127,143,110,118
[147] Sent Broadcast: 1|0,42,68,78,89,1,61,105,138,76,96,119,126,137,48,75,116,125,45,53,97,11,25,52,103,88,109,18,60,36,54,90,101,115,129,130,64,147,4,24,35,56
[ 43] Sent Broadcast: 1|42,68,78,89,1,105,38,41,51,133,21,65,66,40,75,138,150,13,123,125,25,67,2,29,50,58,74,84,94,5,15,26,37,43,57,73,142
[ 24] Sent Broadcast: 1|0,42,68,78,89,1,61,105,138,76,96,119,126,137,48,75,116,125,45,53,97,11,25,52,103,88,109,18,60,36,54,90,101,115,129,130,6,19,56,4,147,24,108,8,35
[113] Received message from  77: 1|42,68,78,89,1,105,38,41,51,133,21,65,66,40,75,138,150,13,123,125,25,67,2,29,50,58,74,84,94,5,15,26,37,43,57,73,142,134,77,87,132,113
[127] Sent Broadcast: 1|0,42,68,78,89,1,61,105,138,76,96,119,126,137,48,75,116,125,45,53,97,11,25,52,103,88,109,18,60,28,54,83,101,115,117,111,127,143,110,112,118
[ 70] Sent Broadcast: 1|68,78,89,1,105,38,41,51,133,21,65,66,40,75,138,150,13,123,125,25,67,2,29,50,58,74,84,94,3,70,91,31,79,113
[108] Sent Broadcast: 1|0,42,68,78,89,1,61,105,138,76,96,119,126,137,48,75,116,125,45,53,97,11,25,52,103,88,109,18,60,36,54,90,101,115,129,130,6,19,56,4,147,24,108,8,35
[ 86] Received message from  79: 1|68,78,89,1,105,38,41,51,133,21,65,66,40,75,138,150,13,123,125,25,67,2,29,50,58,74,84,94,3,70,91,31,79,113,81,86,100,102,120,122
[ 91] Received message from  94: 1|42,68,78,89,1,105,38,41,51,133,21,65,66,40,75,138,150,13,123,125,25,67,2,29,50,58,74,84,94,3,91
[ 93] Received message from 118: 1|0,42,68,78,89,1,61,105,138,76,96,119,126,137,48,75,116,125,45,53,97,11,25,52,103,88,109,18,60,36,54,90,101,115,129,130,64,147,55,110,27,112,118,127,135,143,93
[ 87] Received message from 134: 1|42,68,78,89,1,105,38,41,51,133,21,65,66,40,75,138,150,13,123,125,25,67,2,29,50,58,74,84,94,5,15,26,37,43,57,73,142,134,77,87,132
[118] Sent Broadcast: 1|0,42,68,78,89,1,61,105,138,76,96,119,126,137,48,75,116,125,45,53,97,11,25,52,103,88,109,18,60,36,54,90,101,115,129,130,64,147,55,110,27,112,118,127,135,143,93
[ 86] Received message from 102: 1|68,78,89,1,105,38,41,51,133,21,65,66,40,75,138,150,13,123,125,25,67,2,29,50,58,74,84,94,3,70,91,31,79,113,102,81,86,100,120,122
[144] Received message from  49: 1|0,42,68,78,89,1,61,105,138,76,96,119,126,137,32,49,44,46,72,98,128,131,140,144,148
[149] Received message from  71: 1|0,42,68,78,89,1,61,105,138,76,96,119,126,137,48,75,116,125,45,53,97,11,25,52,103,88,109,18,60,36,54,90,101,115,129,130,6,19,56,4,147,24,108,8,35,85,59,71,149
[127] Received message from 110: 1|0,42,68,78,89,1,61,105,138,76,96,119,126,137,48,75,116,125,45,53,97,11,25,52,103,88,109,18,60,36,54,90,101,115,129,130,64,147,55,110,27,112,118,127,135,143
[143] Sent Broadcast: 1|0,42,68,78,89,1,61,105,138,76,96,119,126,137,48,75,116,125,45,53,97,11,25,52,103,88,109,18,60,28,54,83,101,115,117,111,127,143,110,118
[ 94] Sent Broadcast: 1|42,68,78,89,1,105,38,41,51,133,21,65,66,40,75,138,150,13,123,125,25,67,2,29,50,58,74,84,94,3,91
[ 77] Sent Broadcast: 1|42,68,78,89,1,105,38,41,51,133,21,65,66,40,75,138,150,13,123,125,25,67,2,29,50,58,74,84,94,5,15,26,37,43,57,73,142,134,77,87,132,113
[127] Received message from 112: 1|0,42,68,78,89,1,61,105,138,76,96,119,126,137,48,75,116,125,45,53,97,11,25,52,103,88,109,18,60,36,54,90,101,115,129,130,64,147,55,110,112,135,27,93,127
[ 71] Sent Broadcast: 1|0,42,68,78,89,1,61,105,138,76,96,119,126,137,48,75,116,125,45,53,97,11,25,52,103,88,109,18,60,36,54,90,101,115,129,130,6,19,56,4,147,24,108,8,35,85,59,71,149
[148] Received message from  49: 1|0,42,68,78,89,1,61,105,138,76,96,119,126,137,32,49,44,46,72,98,128,131,140,144,148
[112] Sent Broadcast: 1|0,42,68,78,89,1,61,105,138,76,96,119,126,137,48,75,116,125,45,53,97,11,25,52,103,88,109,18,60,36,54,90,101,115,129,130,64,147,55,110,112,135,27,93,127
[ 49] Sent Broadcast: 1|0,42,68,78,89,1,61,105,138,76,96,119,126,137,32,49,44,46,72,98,128,131,140,144,148
[ 79] Received message from 113: 1|68,78,89,1,105,38,41,51,133,21,65,66,40,75,138,150,13,123,125,25,67,2,29,50,58,74,84,94,3,70,91,113,31,77,79,102
[132] Received message from 134: 1|42,68,78,89,1,105,38,41,51,133,21,65,66,40,75,138,150,13,123,125,25,67,2,29,50,58,74,84,94,5,15,26,37,43,57,73,142,134,77,87,132
[127] Received message from 117: 1|0,42,68,78,89,1,61,105,138,76,96,119,126,137,48,75,116,125,45,53,97,11,25,52,103,88,109,18,60,28,54,83,101,115,117,111,127,143
[135] Received message from 110: 1|0,42,68,78,89,1,61,105,138,76,96,119,126,137,48,75,116,125,45,53,97,11,25,52,103,88,109,18,60,36,54,90,101,115,129,130,64,147,55,110,27,112,118,127,135,143
[100] Received message from  79: 1|68,78,89,1,105,38,41,51,133,21,65,66,40,75,138,150,13,123,125,25,67,2,29,50,58,74,84,94,3,70,91,31,79,113,81,86,100,102,120,122
[100] Received message from 102: 1|68,78,89,1,105,38,41,51,133,21,65,66,40,75,138,150,13,123,125,25,67,2,29,50,58,74,84,94,3,70,91,31,79,113,102,81,86,100,120,122
[134] Sent Broadcast: 1|42,68,78,89,1,105,38,41,51,133,21,65,66,40,75,138,150,13,123,125,25,67,2,29,50,58,74,84,94,5,15,26,37,43,57,73,142,134,77,87,132
[102] Received message from 113: 1|68,78,89,1,105,38,41,51,133,21,65,66,40,75,138,150,13,123,125,25,67,2,29,50,58,74,84,94,3,70,91,113,31,77,79,102
[120] Received message from 102: 1|68,78,89,1,105,38,41,51,133,21,65,66,40,75,138,150,13,123,125,25,67,2,29,50,58,74,84,94,3,70,91,31,79,113,102,81,86,100,120,122
[113] Sent Broadcast: 1|68,78,89,1,105,38,41,51,133,21,65,66,40,75,138,150,13,123,125,25,67,2,29,50,58,74,84,94,3,70,91,113,31,77,79,102
[143] Received message from 117: 1|0,42,68,78,89,1,61,105,138,76,96,119,126,137,48,75,116,125,45,53,97,11,25,52,103,88,109,18,60,28,54,83,101,115,117,111,127,143
[102] Received message from  79: 1|68,78,89,1,105,38,41,51,133,21,65,66,40,75,138,150,13,123,125,25,67,2,29,50,58,74,84,94,3,70,91,31,79,113,81,86,100,102,120,122
[117] Sent Broadcast: 1|0,42,68,78,89,1,61,105,138,76,96,119,126,137,48,75,116,125,45,53,97,11,25,52,103,88,109,18,60,28,54,83,101,115,117,111,127,143
[143] Received message from 110: 1|0,42,68,78,89,1,61,105,138,76,96,119,126,137,48,75,116,125,45,53,97,11,25,52,103,88,109,18,60,36,54,90,101,115,129,130,64,147,55,110,27,112,118,127,135,143
[122] Received message from 102: 1|68,78,89,1,105,38,41,51,133,21,65,66,40,75,138,150,13,123,125,25,67,2,29,50,58,74,84,94,3,70,91,31,79,113,102,81,86,100,120,122
[102] Sent Broadcast: 1|68,78,89,1,105,38,41,51,133,21,65,66,40,75,138,150,13,123,125,25,67,2,29,50,58,74,84,94,3,70,91,31,79,113,102,81,86,100,120,122
[110] Sent Broadcast: 1|0,42,68,78,89,1,61,105,138,76,96,119,126,137,48,75,116,125,45,53,97,11,25,52,103,88,109,18,60,36,54,90,101,115,129,130,64,147,55,110,27,112,118,127,135,143
[120] Received message from  79: 1|68,78,89,1,105,38,41,51,133,21,65,66,40,75,138,150,13,123,125,25,67,2,29,50,58,74,84,94,3,70,91,31,79,113,81,86,100,102,120,122
[122] Received message from  79: 1|68,78,89,1,105,38,41,51,133,21,65,66,40,75,138,150,13,123,125,25,67,2,29,50,58,74,84,94,3,70,91,31,79,113,81,86,100,102,120,122
[ 79] Sent Broadcast: 1|68,78,89,1,105,38,41,51,133,21,65,66,40,75,138,150,13,123,125,25,67,2,29,50,58,74,84,94,3,70,91,31,79,113,81,86,100,102,120,122
