[ 20] Received message from   1: 1|0,20,42,69,98,119
[ 29] Received message from  20: 1|0,20,42,69,98,119,1,29,93,102,118
[ 42] Received message from   1: 1|0,20,42,69,98,119
[ 93] Received message from  20: 1|0,20,42,69,98,119,1,29,93,102,118
[ 69] Received message from   1: 1|0,20,42,69,98,119
[ 22] Received message from  42: 1|0,20,42,69,98,119,1,22,44
[  2] Received message from  29: 1|0,20,42,69,98,119,1,29,93,102,118,2,8,13,81,88,128,129
[102] Received message from  20: 1|0,20,42,69,98,119,1,29,93,102,118
[  2] Received message from  93: 1|0,20,42,69,98,119,1,29,93,102,118,2,8,88,129
[  8] Received message from  29: 1|0,20,42,69,98,119,1,29,93,102,118,2,8,13,81,88,128,129
[ 25] Received message from   2: 1|0,20,42,69,98,119,1,29,93,102,118,2,8,13,81,88,128,129,25
[ 44] Received message from  42: 1|0,20,42,69,98,119,1,22,44
[ 98] Received message from   1: 1|0,20,42,69,98,119
[ 46] Received message from  22: 1|0,20,42,69,98,119,1,22,44,46,75,87
[118] Received message from  20: 1|0,20,42,69,98,119,1,29,93,102,118
[  8] Received message from  93: 1|0,20,42,69,98,119,1,29,93,102,118,2,8,88,129
[ 42] Sent Broadcast: 1|0,20,42,69,98,119,1,22,44
[  2] Sent Broadcast: 1|0,20,42,69,98,119,1,29,93,102,118,2,8,13,81,88,128,129,25
[ 13] Received message from  29: 1|0,20,42,69,98,119,1,29,93,102,118,2,8,13,81,88,128,129
[  2] Received message from 102: 1|0,20,42,69,98,119,1,29,93,102,118,2,8,71,81,88,128,129,144
[ 20] Sent Broadcast: 1|0,20,42,69,98,119,1,29,93,102,118
[ 19] Received message from   8: 1|0,20,42,69,98,119,1,29,93,102,118,2,8,13,81,88,128,129,19,71
[  7] Received message from  25: 1|0,20,42,69,98,119,1,29,93,102,118,2,8,13,81,88,128,129,25,7,59,99,104,115
[  3] Received message from  98: 1|0,20,42,69,98,119,1,3,22,46,65,87,94,105
[ 10] Received message from  46: 1|0,20,42,69,98,119,1,22,44,46,75,87,10
[ 46] Received message from  44: 1|0,20,42,69,98,119,1,22,44,46,75,87
[  2] Received message from 118: 1|0,20,42,69,98,119,1,29,93,102,118,2,8,13,129
[ 88] Received message from  93: 1|0,20,42,69,98,119,1,29,93,102,118,2,8,88,129
[ 75] Received message from  22: 1|0,20,42,69,98,119,1,22,44,46,75,87
[119] Received message from   1: 1|0,20,42,69,98,119
[ 81] Received message from  29: 1|0,20,42,69,98,119,1,29,93,102,118,2,8,13,81,88,128,129
[ 75] Received message from  44: 1|0,20,42,69,98,119,1,22,44,46,75,87
[ 22] Received message from  98: 1|0,20,42,69,98,119,1,3,22,46,65,87,94,105
[ 10] Received message from   3: 1|0,20,42,69,98,119,1,3,22,46,65,87,94,105,10,23,61,116,133
[ 15] Received message from   7: 1|0,20,42,69,98,119,1,29,93,102,118,2,8,13,81,88,128,129,25,7,59,99,104,115,15,72,101,103,146
[  8] Received message from 102: 1|0,20,42,69,98,119,1,29,93,102,118,2,8,71,81,88,128,129,144
[  3] Received message from  10: 1|0,20,42,69,98,119,1,22,44,46,75,87,10,3,23,39,61,107,116,133
[  1] Sent Broadcast: 1|0,20,42,69,98,119
[ 46] Sent Broadcast: 1|0,20,42,69,98,119,1,22,44,46,75,87,10
[ 30] Received message from  19: 1|0,20,42,69,98,119,1,29,93,102,118,2,8,13,81,88,128,129,19,71,30,51,67,70
[ 71] Received message from   8: 1|0,20,42,69,98,119,1,29,93,102,118,2,8,13,81,88,128,129,19,71
[ 41] Received message from  88: 1|0,20,42,69,98,119,1,29,93,102,118,2,8,88,129,41,71,81,128,144
[ 59] Received message from  25: 1|0,20,42,69,98,119,1,29,93,102,118,2,8,13,81,88,128,129,25,7,59,99,104,115
[  8] Received message from 118: 1|0,20,42,69,98,119,1,29,93,102,118,2,8,13,129
[  8] Sent Broadcast: 1|0,20,42,69,98,119,1,29,93,102,118,2,8,13,81,88,128,129,19,71
[ 23] Received message from   3: 1|0,20,42,69,98,119,1,3,22,46,65,87,94,105,10,23,61,116,133
[ 28] Received message from  15: 1|0,20,42,69,98,119,1,29,93,102,118,2,8,13,81,88,128,129,25,7,59,99,104,115,15,72,101,103,146,28,77,123,131,134
[ 87] Received message from  22: 1|0,20,42,69,98,119,1,22,44,46,75,87
[ 51] Received message from  19: 1|0,20,42,69,98,119,1,29,93,102,118,2,8,13,81,88,128,129,19,71,30,51,67,70
[129] Received message from  93: 1|0,20,42,69,98,119,1,29,93,102,118,2,8,88,129
[ 19] Received message from  13: 1|0,20,42,69,98,119,1,29,93,102,118,2,8,13,81,88,128,129,19,25,115
[ 11] Received message from  71: 1|0,20,42,69,98,119,1,29,93,102,118,2,8,13,81,88,128,129,19,71,11,35,41,70,84,144
[ 87] Received message from  44: 1|0,20,42,69,98,119,1,22,44,46,75,87
[ 71] Received message from  88: 1|0,20,42,69,98,119,1,29,93,102,118,2,8,88,129,41,71,81,128,144
[ 46] Received message from  98: 1|0,20,42,69,98,119,1,3,22,46,65,87,94,105
[ 99] Received message from  25: 1|0,20,42,69,98,119,1,29,93,102,118,2,8,13,81,88,128,129,25,7,59,99,104,115
[ 88] Received message from  29: 1|0,20,42,69,98,119,1,29,93,102,118,2,8,13,81,88,128,129
[ 23] Received message from  10: 1|0,20,42,69,98,119,1,22,44,46,75,87,10,3,23,39,61,107,116,133
[ 13] Received message from 118: 1|0,20,42,69,98,119,1,29,93,102,118,2,8,13,129
[ 15] Received message from  59: 1|0,20,42,69,98,119,1,29,93,102,118,2,8,13,81,88,128,129,25,7,59,99,104,115,15,27,72,101,131,134,146
[ 71] Received message from 102: 1|0,20,42,69,98,119,1,29,93,102,118,2,8,71,81,88,128,129,144
[ 72] Received message from   7: 1|0,20,42,69,98,119,1,29,93,102,118,2,8,13,81,88,128,129,25,7,59,99,104,115,15,72,101,103,146
[ 11] Received message from  30: 1|0,20,42,69,98,119,1,29,93,102,118,2,8,13,81,88,128,129,19,71,30,51,67,70,11,35,36,55,56,74,84,95,112
[ 77] Received message from  15: 1|0,20,42,69,98,119,1,29,93,102,118,2,8,13,81,88,128,129,25,7,59,99,104,115,15,72,101,103,146,28,77,123,131,134
[ 72] Received message from  99: 1|0,20,42,69,98,119,1,29,93,102,118,2,8,13,81,88,128,129,25,7,59,99,104,115,72,101,103,146
[ 61] Received message from   3: 1|0,20,42,69,98,119,1,3,22,46,65,87,94,105,10,23,61,116,133
[ 55] Received message from  51: 1|0,20,42,69,98,119,1,29,93,102,118,2,8,13,81,88,128,129,19,71,30,51,67,70,55,125
[ 19] Received message from  81: 1|0,20,42,69,98,119,1,29,93,102,118,2,8,13,81,88,128,129,19,70,71
[ 81] Received message from  88: 1|0,20,42,69,98,119,1,29,93,102,118,2,8,88,129,41,71,81,128,144
[ 38] Received message from  28: 1|0,20,42,69,98,119,1,29,93,102,118,2,8,13,81,88,128,129,25,7,59,99,104,115,15,72,101,103,146,28,77,123,131,134,38,48,125,130,136
[  3] Received message from  87: 1|0,20,42,69,98,119,1,22,44,46,75,87,3,10
[ 39] Received message from  23: 1|0,20,42,69,98,119,1,3,22,46,65,87,94,105,10,23,61,116,133,39,107
[ 11] Received message from  41: 1|0,20,42,69,98,119,1,29,93,102,118,2,8,88,129,41,71,81,128,144,11,35,62,66,84
[ 93] Sent Broadcast: 1|0,20,42,69,98,119,1,29,93,102,118,2,8,88,129
[ 22] Sent Broadcast: 1|0,20,42,69,98,119,1,22,44,46,75,87
[ 44] Sent Broadcast: 1|0,20,42,69,98,119,1,22,44,46,75,87
[ 30] Received message from  11: 1|0,20,42,69,98,119,1,29,93,102,118,2,8,13,81,88,128,129,19,71,11,35,41,70,84,144,30,54,56,62,74,83
[101] Received message from   7: 1|0,20,42,69,98,119,1,29,93,102,118,2,8,13,81,88,128,129,25,7,59,99,104,115,15,72,101,103,146
[128] Received message from  29: 1|0,20,42,69,98,119,1,29,93,102,118,2,8,13,81,88,128,129
[ 13] Received message from 129: 1|0,20,42,69,98,119,1,29,93,102,118,2,8,88,129,13,19,81,128
[ 36] Received message from  55: 1|0,20,42,69,98,119,1,29,93,102,118,2,8,13,81,88,128,129,19,71,30,51,67,70,55,125,36,76,112,139
[ 39] Received message from  10: 1|0,20,42,69,98,119,1,22,44,46,75,87,10,3,23,39,61,107,116,133
[ 70] Received message from  81: 1|0,20,42,69,98,119,1,29,93,102,118,2,8,13,81,88,128,129,19,70,71
[123] Received message from  15: 1|0,20,42,69,98,119,1,29,93,102,118,2,8,13,81,88,128,129,25,7,59,99,104,115,15,72,101,103,146,28,77,123,131,134
[ 54] Received message from  11: 1|0,20,42,69,98,119,1,29,93,102,118,2,8,13,81,88,128,129,19,71,11,35,41,70,84,144,30,54,56,62,74,83
[ 27] Received message from  77: 1|0,20,42,69,98,119,1,29,93,102,118,2,8,13,81,88,128,129,25,7,59,99,104,115,15,72,101,103,146,28,77,123,131,134,27,91,96,136,138,149
[ 48] Received message from  28: 1|0,20,42,69,98,119,1,29,93,102,118,2,8,13,81,88,128,129,25,7,59,99,104,115,15,72,101,103,146,28,77,123,131,134,38,48,125,130,136
[101] Received message from  99: 1|0,20,42,69,98,119,1,29,93,102,118,2,8,13,81,88,128,129,25,7,59,99,104,115,72,101,103,146
[ 67] Received message from  19: 1|0,20,42,69,98,119,1,29,93,102,118,2,8,13,81,88,128,129,19,71,30,51,67,70
[ 25] Received message from  13: 1|0,20,42,69,98,119,1,29,93,102,118,2,8,13,81,88,128,129,19,25,115
[ 10] Received message from  87: 1|0,20,42,69,98,119,1,22,44,46,75,87,3,10
[129] Received message from 118: 1|0,20,42,69,98,119,1,29,93,102,118,2,8,13,129
[ 35] Received message from  71: 1|0,20,42,69,98,119,1,29,93,102,118,2,8,13,81,88,128,129,19,71,11,35,41,70,84,144
[ 65] Received message from  98: 1|0,20,42,69,98,119,1,3,22,46,65,87,94,105
[ 81] Received message from 102: 1|0,20,42,69,98,119,1,29,93,102,118,2,8,71,81,88,128,129,144
[125] Received message from  51: 1|0,20,42,69,98,119,1,29,93,102,118,2,8,13,81,88,128,129,19,71,30,51,67,70,55,125
[ 39] Received message from  61: 1|0,20,42,69,98,119,1,3,22,46,65,87,94,105,10,23,61,116,133,39,107
[116] Received message from   3: 1|0,20,42,69,98,119,1,3,22,46,65,87,94,105,10,23,61,116,133
[ 45] Received message from  38: 1|0,20,42,69,98,119,1,29,93,102,118,2,8,13,81,88,128,129,25,7,59,99,104,115,15,72,101,103,146,28,77,123,131,134,38,48,125,130,136,45,49,63,68,76,97,135,138,143,150
[104] Received message from  25: 1|0,20,42,69,98,119,1,29,93,102,118,2,8,13,81,88,128,129,25,7,59,99,104,115
[128] Received message from  88: 1|0,20,42,69,98,119,1,29,93,102,118,2,8,88,129,41,71,81,128,144
[107] Received message from  23: 1|0,20,42,69,98,119,1,3,22,46,65,87,94,105,10,23,61,116,133,39,107
[ 27] Received message from  72: 1|0,20,42,69,98,119,1,29,93,102,118,2,8,13,81,88,128,129,25,7,59,99,104,115,15,72,101,103,146,27,77,123,131,134,149
[ 87] Sent Broadcast: 1|0,20,42,69,98,119,1,22,44,46,75,87,3,10
[131] Received message from 101: 1|0,20,42,69,98,119,1,29,93,102,118,2,8,13,81,88,128,129,25,7,59,99,104,115,15,72,101,103,146,131
[ 35] Received message from  30: 1|0,20,42,69,98,119,1,29,93,102,118,2,8,13,81,88,128,129,19,71,30,51,67,70,11,35,36,55,56,74,84,95,112
[125] Received message from  28: 1|0,20,42,69,98,119,1,29,93,102,118,2,8,13,81,88,128,129,25,7,59,99,104,115,15,72,101,103,146,28,77,123,131,134,38,48,125,130,136
[ 71] Received message from  81: 1|0,20,42,69,98,119,1,29,93,102,118,2,8,13,81,88,128,129,19,70,71
[103] Received message from   7: 1|0,20,42,69,98,119,1,29,93,102,118,2,8,13,81,88,128,129,25,7,59,99,104,115,15,72,101,103,146
[ 61] Received message from  10: 1|0,20,42,69,98,119,1,22,44,46,75,87,10,3,23,39,61,107,116,133
[ 19] Received message from 128: 1|0,20,42,69,98,119,1,29,93,102,118,2,8,13,81,88,128,129,19,70,71,84,144
[ 91] Received message from  77: 1|0,20,42,69,98,119,1,29,93,102,118,2,8,13,81,88,128,129,25,7,59,99,104,115,15,72,101,103,146,28,77,123,131,134,27,91,96,136,138,149
[ 11] Received message from  70: 1|0,20,42,69,98,119,1,29,93,102,118,2,8,13,81,88,128,129,19,70,71,11,30,35,36,56,67,74,84,112
[ 56] Received message from  11: 1|0,20,42,69,98,119,1,29,93,102,118,2,8,13,81,88,128,129,19,71,11,35,41,70,84,144,30,54,56,62,74,83
[ 27] Received message from  59: 1|0,20,42,69,98,119,1,29,93,102,118,2,8,13,81,88,128,129,25,7,59,99,104,115,15,27,72,101,131,134,146
[118] Sent Broadcast: 1|0,20,42,69,98,119,1,29,93,102,118,2,8,13,129
[129] Received message from  29: 1|0,20,42,69,98,119,1,29,93,102,118,2,8,13,81,88,128,129
[ 51] Sent Broadcast: 1|0,20,42,69,98,119,1,29,93,102,118,2,8,13,81,88,128,129,19,71,30,51,67,70,55,125
[101] Sent Broadcast: 1|0,20,42,69,98,119,1,29,93,102,118,2,8,13,81,88,128,129,25,7,59,99,104,115,15,72,101,103,146,131
[ 35] Received message from  41: 1|0,20,42,69,98,119,1,29,93,102,118,2,8,88,129,41,71,81,128,144,11,35,62,66,84
[ 81] Sent Broadcast: 1|0,20,42,69,98,119,1,29,93,102,118,2,8,13,81,88,128,129,19,70,71
[ 76] Received message from  55: 1|0,20,42,69,98,119,1,29,93,102,118,2,8,13,81,88,128,129,19,71,30,51,67,70,55,125,36,76,112,139
[107] Received message from  61: 1|0,20,42,69,98,119,1,3,22,46,65,87,94,105,10,23,61,116,133,39,107
[ 32] Received message from  45: 1|0,20,42,69,98,119,1,29,93,102,118,2,8,13,81,88,128,129,25,7,59,99,104,115,15,72,101,103,146,28,77,123,131,134,38,48,125,130,136,45,49,63,68,76,97,135,138,143,150,32,109
[131] Received message from  15: 1|0,20,42,69,98,119,1,29,93,102,118,2,8,13,81,88,128,129,25,7,59,99,104,115,15,72,101,103,146,28,77,123,131,134
[ 70] Received message from  19: 1|0,20,42,69,98,119,1,29,93,102,118,2,8,13,81,88,128,129,19,71,30,51,67,70
[ 96] Received message from 123: 1|0,20,42,69,98,119,1,29,93,102,118,2,8,13,81,88,128,129,25,7,59,99,104,115,15,72,101,103,146,28,77,123,131,134,96,130,136,138
[ 30] Received message from  35: 1|0,20,42,69,98,119,1,29,93,102,118,2,8,13,81,88,128,129,19,71,11,35,41,70,84,144,30,54,56,62,74,83
[  4] Received message from  36: 1|20,42,69,98,119,1,29,93,102,118,2,8,13,81,88,128,129,19,71,30,51,67,70,55,125,36,76,112,139,4,12,43,56,74,95
[115] Received message from  25: 1|0,20,42,69,98,119,1,29,93,102,118,2,8,13,81,88,128,129,25,7,59,99,104,115
[103] Received message from  99: 1|0,20,42,69,98,119,1,29,93,102,118,2,8,13,81,88,128,129,25,7,59,99,104,115,72,101,103,146
[ 49] Received message from  48: 1|0,20,42,69,98,119,1,29,93,102,118,2,8,13,81,88,128,129,25,7,59,99,104,115,15,72,101,103,146,28,77,123,131,134,38,48,125,130,136,49,68,76,108,135,143
[101] Received message from 104: 1|0,20,42,69,98,119,1,29,93,102,118,2,8,13,81,88,128,129,25,7,59,99,104,115,101,103
[ 19] Received message from 129: 1|0,20,42,69,98,119,1,29,93,102,118,2,8,88,129,13,19,81,128
[  4] Received message from  54: 1|0,20,42,69,98,119,1,29,93,102,118,2,8,13,81,88,128,129,19,71,11,35,41,70,84,144,30,54,56,62,74,83,4,12,34,43
[ 39] Received message from 116: 1|0,20,42,69,98,119,1,3,22,46,65,87,94,105,10,23,61,116,133,39,107
[ 36] Received message from  67: 1|0,20,42,69,98,119,1,29,93,102,118,2,8,13,81,88,128,129,19,71,30,51,67,70,36,55,56,74,95,112
[ 23] Received message from  65: 1|0,20,42,69,98,119,1,3,22,46,65,87,94,105,23,61,64,116,122,133
[133] Received message from   3: 1|0,20,42,69,98,119,1,3,22,46,65,87,94,105,10,23,61,116,133
[ 27] Received message from 131: 1|20,42,69,98,119,1,29,93,102,118,2,8,13,81,88,128,129,25,7,59,99,104,115,15,72,101,103,146,131,27,134,149
[ 88] Received message from 102: 1|0,20,42,69,98,119,1,29,93,102,118,2,8,71,81,88,128,129,144
[ 87] Received message from  98: 1|0,20,42,69,98,119,1,3,22,46,65,87,94,105
[ 32] Received message from  91: 1|0,20,42,69,98,119,1,29,93,102,118,2,8,13,81,88,128,129,25,7,59,99,104,115,15,72,101,103,146,28,77,123,131,134,27,91,96,136,138,149,32,63,150
[ 23] Sent Broadcast: 1|0,20,42,69,98,119,1,3,22,46,65,87,94,105,10,23,61,116,133,39,107
[ 61] Sent Broadcast: 1|0,20,42,69,98,119,1,3,22,46,65,87,94,105,10,23,61,116,133,39,107
[ 77] Received message from  72: 1|0,20,42,69,98,119,1,29,93,102,118,2,8,13,81,88,128,129,25,7,59,99,104,115,15,72,101,103,146,27,77,123,131,134,149
[ 49] Received message from  38: 1|0,20,42,69,98,119,1,29,93,102,118,2,8,13,81,88,128,129,25,7,59,99,104,115,15,72,101,103,146,28,77,123,131,134,38,48,125,130,136,45,49,63,68,76,97,135,138,143,150
[ 28] Received message from 125: 1|0,20,42,69,98,119,1,29,93,102,118,2,8,13,81,88,128,129,19,71,30,51,67,70,55,125,28,38,48,76,130,135
[144] Received message from  88: 1|0,20,42,69,98,119,1,29,93,102,118,2,8,88,129,41,71,81,128,144
[115] Received message from  13: 1|0,20,42,69,98,119,1,29,93,102,118,2,8,13,81,88,128,129,19,25,115
[ 41] Received message from  71: 1|0,20,42,69,98,119,1,29,93,102,118,2,8,13,81,88,128,129,19,71,11,35,41,70,84,144
[ 91] Received message from  32: 1|0,20,42,69,98,119,1,29,93,102,118,2,8,13,81,88,128,129,25,7,59,99,104,115,15,72,101,103,146,28,77,123,131,134,38,48,125,130,136,45,49,63,68,76,97,135,138,143,150,32,109,91,96
[ 29] Sent Broadcast: 1|0,20,42,69,98,119,1,29,93,102,118,2,8,13,81,88,128,129
[ 19] Sent Broadcast: 1|0,20,42,69,98,119,1,29,93,102,118,2,8,13,81,88,128,129,19,71,30,51,67,70
[ 25] Sent Broadcast: 1|0,20,42,69,98,119,1,29,93,102,118,2,8,13,81,88,128,129,25,7,59,99,104,115
[ 13] Sent Broadcast: 1|0,20,42,69,98,119,1,29,93,102,118,2,8,13,81,88,128,129,19,25,115
[ 96] Received message from  77: 1|0,20,42,69,98,119,1,29,93,102,118,2,8,13,81,88,128,129,25,7,59,99,104,115,15,72,101,103,146,28,77,123,131,134,27,91,96,136,138,149
[ 12] Received message from  56: 1|0,20,42,69,98,119,1,29,93,102,118,2,8,13,81,88,128,129,19,71,11,35,41,70,84,144,30,54,56,62,74,83,12,36,43,67,112
[107] Received message from  10: 1|0,20,42,69,98,119,1,22,44,46,75,87,10,3,23,39,61,107,116,133
[  3] Sent Broadcast: 1|0,20,42,69,98,119,1,3,22,46,65,87,94,105,10,23,61,116,133
[ 70] Received message from 128: 1|0,20,42,69,98,119,1,29,93,102,118,2,8,13,81,88,128,129,19,70,71,84,144
[ 32] Received message from  96: 1|0,20,42,69,98,119,1,29,93,102,118,2,8,13,81,88,128,129,25,7,59,99,104,115,15,72,101,103,146,28,77,123,131,134,96,130,136,138,32,63,91,150
[ 36] Received message from  30: 1|0,20,42,69,98,119,1,29,93,102,118,2,8,13,81,88,128,129,19,71,30,51,67,70,11,35,36,55,56,74,84,95,112
[ 15] Received message from 115: 1|0,20,42,69,98,119,1,29,93,102,118,2,8,13,81,88,128,129,25,7,59,99,104,115,15,28
[ 30] Received message from  70: 1|0,20,42,69,98,119,1,29,93,102,118,2,8,13,81,88,128,129,19,70,71,11,30,35,36,56,67,74,84,112
[ 72] Received message from  59: 1|0,20,42,69,98,119,1,29,93,102,118,2,8,13,81,88,128,129,25,7,59,99,104,115,15,27,72,101,131,134,146
[109] Received message from  49: 1|0,20,42,69,98,119,1,29,93,102,118,2,8,13,81,88,128,129,25,7,59,99,104,115,15,72,101,103,146,28,77,123,131,134,38,48,125,130,136,49,68,76,108,135,143,109,126,139
[ 36] Received message from   4: 1|0,20,42,69,98,119,1,29,93,102,118,2,8,13,81,88,128,129,19,71,11,35,41,70,84,144,30,54,56,62,74,83,4,12,34,43,36,60,95,112,121,132
[ 62] Received message from  41: 1|0,20,42,69,98,119,1,29,93,102,118,2,8,88,129,41,71,81,128,144,11,35,62,66,84
[112] Received message from  55: 1|0,20,42,69,98,119,1,29,93,102,118,2,8,13,81,88,128,129,19,71,30,51,67,70,55,125,36,76,112,139
[ 55] Received message from  67: 1|0,20,42,69,98,119,1,29,93,102,118,2,8,13,81,88,128,129,19,71,30,51,67,70,36,55,56,74,95,112
[146] Received message from   7: 1|0,20,42,69,98,119,1,29,93,102,118,2,8,13,81,88,128,129,25,7,59,99,104,115,15,72,101,103,146
[ 63] Received message from  91: 1|0,20,42,69,98,119,1,29,93,102,118,2,8,13,81,88,128,129,25,7,59,99,104,115,15,72,101,103,146,28,77,123,131,134,27,91,96,136,138,149,32,63,150
[130] Received message from  28: 1|0,20,42,69,98,119,1,29,93,102,118,2,8,13,81,88,128,129,25,7,59,99,104,115,15,72,101,103,146,28,77,123,131,134,38,48,125,130,136
[ 12] Received message from  36: 1|20,42,69,98,119,1,29,93,102,118,2,8,13,81,88,128,129,19,71,30,51,67,70,55,125,36,76,112,139,4,12,43,56,74,95
[134] Received message from  15: 1|0,20,42,69,98,119,1,29,93,102,118,2,8,13,81,88,128,129,25,7,59,99,104,115,15,72,101,103,146,28,77,123,131,134
[128] Received message from 102: 1|0,20,42,69,98,119,1,29,93,102,118,2,8,71,81,88,128,129,144
[109] Received message from  45: 1|0,20,42,69,98,119,1,29,93,102,118,2,8,13,81,88,128,129,25,7,59,99,104,115,15,72,101,103,146,28,77,123,131,134,38,48,125,130,136,45,49,63,68,76,97,135,138,143,150,32,109
[ 62] Received message from  11: 1|0,20,42,69,98,119,1,29,93,102,118,2,8,13,81,88,128,129,19,71,11,35,41,70,84,144,30,54,56,62,74,83
[ 54] Received message from  35: 1|0,20,42,69,98,119,1,29,93,102,118,2,8,13,81,88,128,129,19,71,11,35,41,70,84,144,30,54,56,62,74,83
[107] Received message from 116: 1|0,20,42,69,98,119,1,3,22,46,65,87,94,105,10,23,61,116,133,39,107
[ 81] Received message from 129: 1|0,20,42,69,98,119,1,29,93,102,118,2,8,88,129,13,19,81,128
[ 38] Received message from  76: 1|20,42,69,98,119,1,29,93,102,118,2,8,13,81,88,128,129,19,71,30,51,67,70,55,125,36,76,112,139,38,48,49,68,108,130,135,143
[ 68] Received message from  48: 1|0,20,42,69,98,119,1,29,93,102,118,2,8,13,81,88,128,129,25,7,59,99,104,115,15,72,101,103,146,28,77,123,131,134,38,48,125,130,136,49,68,76,108,135,143
[ 61] Received message from  65: 1|0,20,42,69,98,119,1,3,22,46,65,87,94,105,23,61,64,116,122,133
[123] Received message from  72: 1|0,20,42,69,98,119,1,29,93,102,118,2,8,13,81,88,128,129,25,7,59,99,104,115,15,72,101,103,146,27,77,123,131,134,149
[103] Received message from 104: 1|0,20,42,69,98,119,1,29,93,102,118,2,8,13,81,88,128,129,25,7,59,99,104,115,101,103
[ 11] Received message from 144: 1|0,20,42,69,98,119,1,29,93,102,118,2,8,88,129,41,71,81,128,144,11,35,62,66,84
[ 12] Received message from  54: 1|0,20,42,69,98,119,1,29,93,102,118,2,8,13,81,88,128,129,19,71,11,35,41,70,84,144,30,54,56,62,74,83,4,12,34,43
[ 56] Received message from  67: 1|0,20,42,69,98,119,1,29,93,102,118,2,8,13,81,88,128,129,19,71,30,51,67,70,36,55,56,74,95,112
[ 27] Received message from 134: 1|0,20,42,69,98,119,1,29,93,102,118,2,8,13,81,88,128,129,25,7,59,99,104,115,15,72,101,103,146,28,77,123,131,134,27,149
[ 63] Received message from  38: 1|0,20,42,69,98,119,1,29,93,102,118,2,8,13,81,88,128,129,25,7,59,99,104,115,15,72,101,103,146,28,77,123,131,134,38,48,125,130,136,45,49,63,68,76,97,135,138,143,150
[129] Received message from 102: 1|0,20,42,69,98,119,1,29,93,102,118,2,8,71,81,88,128,129,144
[126] Received message from 109: 1|0,20,42,69,98,119,1,29,93,102,118,2,8,13,81,88,128,129,25,7,59,99,104,115,15,72,101,103,146,28,77,123,131,134,38,48,125,130,136,45,49,63,68,76,97,135,138,143,150,32,109,126
[130] Received message from 123: 1|0,20,42,69,98,119,1,29,93,102,118,2,8,13,81,88,128,129,25,7,59,99,104,115,15,72,101,103,146,28,77,123,131,134,96,130,136,138
[136] Received message from  77: 1|0,20,42,69,98,119,1,29,93,102,118,2,8,13,81,88,128,129,25,7,59,99,104,115,15,72,101,103,146,28,77,123,131,134,27,91,96,136,138,149
[ 94] Received message from  98: 1|0,20,42,69,98,119,1,3,22,46,65,87,94,105
[146] Received message from  99: 1|0,20,42,69,98,119,1,29,93,102,118,2,8,13,81,88,128,129,25,7,59,99,104,115,72,101,103,146
[ 58] Received message from  62: 1|0,20,42,69,98,119,1,29,93,102,118,2,8,13,81,88,128,129,19,71,11,35,41,70,84,144,30,54,56,62,74,83,58
[101] Received message from  59: 1|0,20,42,69,98,119,1,29,93,102,118,2,8,13,81,88,128,129,25,7,59,99,104,115,15,27,72,101,131,134,146
[ 88] Sent Broadcast: 1|0,20,42,69,98,119,1,29,93,102,118,2,8,88,129,41,71,81,128,144
[116] Sent Broadcast: 1|0,20,42,69,98,119,1,3,22,46,65,87,94,105,10,23,61,116,133,39,107
[  7] Sent Broadcast: 1|0,20,42,69,98,119,1,29,93,102,118,2,8,13,81,88,128,129,25,7,59,99,104,115,15,72,101,103,146
[ 99] Sent Broadcast: 1|0,20,42,69,98,119,1,29,93,102,118,2,8,13,81,88,128,129,25,7,59,99,104,115,72,101,103,146
[107] Received message from 133: 1|0,20,42,69,98,119,1,3,22,46,65,87,94,105,10,23,61,116,133,107,122
[ 15] Sent Broadcast: 1|0,20,42,69,98,119,1,29,93,102,118,2,8,13,81,88,128,129,25,7,59,99,104,115,15,72,101,103,146,28,77,123,131,134
[ 38] Received message from 125: 1|0,20,42,69,98,119,1,29,93,102,118,2,8,13,81,88,128,129,19,71,30,51,67,70,55,125,28,38,48,76,130,135
[  4] Received message from  12: 1|0,20,42,69,98,119,1,29,93,102,118,2,8,13,81,88,128,129,19,71,11,35,41,70,84,144,30,54,56,62,74,83,12,36,43,67,112,4,34,60,95,132
[134] Received message from 131: 1|20,42,69,98,119,1,29,93,102,118,2,8,13,81,88,128,129,25,7,59,99,104,115,15,72,101,103,146,131,27,134,149
[104] Sent Broadcast: 1|0,20,42,69,98,119,1,29,93,102,118,2,8,13,81,88,128,129,25,7,59,99,104,115,101,103
[ 60] Received message from   4: 1|0,20,42,69,98,119,1,29,93,102,118,2,8,13,81,88,128,129,19,71,11,35,41,70,84,144,30,54,56,62,74,83,4,12,34,43,36,60,95,112,121,132
[ 56] Received message from  35: 1|0,20,42,69,98,119,1,29,93,102,118,2,8,13,81,88,128,129,19,71,11,35,41,70,84,144,30,54,56,62,74,83
[ 34] Received message from  54: 1|0,20,42,69,98,119,1,29,93,102,118,2,8,13,81,88,128,129,19,71,11,35,41,70,84,144,30,54,56,62,74,83,4,12,34,43
[131] Received message from  72: 1|0,20,42,69,98,119,1,29,93,102,118,2,8,13,81,88,128,129,25,7,59,99,104,115,15,72,101,103,146,27,77,123,131,134,149
[ 64] Received message from  65: 1|0,20,42,69,98,119,1,3,22,46,65,87,94,105,23,61,64,116,122,133
[ 71] Received message from 128: 1|0,20,42,69,98,119,1,29,93,102,118,2,8,13,81,88,128,129,19,70,71,84,144
[ 63] Received message from  96: 1|0,20,42,69,98,119,1,29,93,102,118,2,8,13,81,88,128,129,25,7,59,99,104,115,15,72,101,103,146,28,77,123,131,134,96,130,136,138,32,63,91,150
[ 45] Received message from 130: 1|0,20,42,69,98,119,1,29,93,102,118,2,8,13,81,88,128,129,25,7,59,99,104,115,15,72,101,103,146,28,77,123,131,134,38,48,125,130,136,45,49,63,68,76,96,135,138,143,150
[108] Received message from 126: 1|0,20,42,69,98,119,1,29,93,102,118,2,8,13,81,88,128,129,25,7,59,99,104,115,15,72,101,103,146,28,77,123,131,134,38,48,125,130,136,45,49,63,68,76,97,135,138,143,150,32,109,126,108
[139] Received message from  55: 1|0,20,42,69,98,119,1,29,93,102,118,2,8,13,81,88,128,129,19,71,30,51,67,70,55,125,36,76,112,139
[116] Received message from  10: 1|0,20,42,69,98,119,1,22,44,46,75,87,10,3,23,39,61,107,116,133
[126] Received message from  49: 1|0,20,42,69,98,119,1,29,93,102,118,2,8,13,81,88,128,129,25,7,59,99,104,115,15,72,101,103,146,28,77,123,131,134,38,48,125,130,136,49,68,76,108,135,143,109,126,139
[136] Received message from  28: 1|0,20,42,69,98,119,1,29,93,102,118,2,8,13,81,88,128,129,25,7,59,99,104,115,15,72,101,103,146,28,77,123,131,134,38,48,125,130,136
[ 38] Received message from  63: 1|0,20,42,69,98,119,1,29,93,102,118,2,8,13,81,88,128,129,25,7,59,99,104,115,15,72,101,103,146,28,77,123,131,134,27,91,96,136,138,149,32,63,150,38,45,68,97,130,143
[ 55] Received message from  30: 1|0,20,42,69,98,119,1,29,93,102,118,2,8,13,81,88,128,129,19,71,30,51,67,70,11,35,36,55,56,74,84,95,112
[ 74] Received message from  11: 1|0,20,42,69,98,119,1,29,93,102,118,2,8,13,81,88,128,129,19,71,11,35,41,70,84,144,30,54,56,62,74,83
[ 36] Received message from  56: 1|0,20,42,69,98,119,1,29,93,102,118,2,8,13,81,88,128,129,19,71,11,35,41,70,84,144,30,54,56,62,74,83,12,36,43,67,112
[128] Received message from 129: 1|0,20,42,69,98,119,1,29,93,102,118,2,8,88,129,13,19,81,128
[150] Received message from  91: 1|0,20,42,69,98,119,1,29,93,102,118,2,8,13,81,88,128,129,25,7,59,99,104,115,15,72,101,103,146,28,77,123,131,134,27,91,96,136,138,149,32,63,150
[ 68] Received message from  38: 1|0,20,42,69,98,119,1,29,93,102,118,2,8,13,81,88,128,129,25,7,59,99,104,115,15,72,101,103,146,28,77,123,131,134,38,48,125,130,136,45,49,63,68,76,97,135,138,143,150
[ 76] Received message from  48: 1|0,20,42,69,98,119,1,29,93,102,118,2,8,13,81,88,128,129,25,7,59,99,104,115,15,72,101,103,146,28,77,123,131,134,38,48,125,130,136,49,68,76,108,135,143
[ 17] Received message from  58: 1|0,20,42,69,98,119,1,29,93,102,118,2,8,13,81,88,128,129,19,71,11,35,41,70,84,144,30,54,56,62,74,83,58,17,31,78,79,113
[  4] Received message from 112: 1|20,42,69,98,119,1,29,93,102,118,2,8,13,81,88,128,129,19,71,30,51,67,70,55,125,36,76,112,139,4,43,56,74,95
[ 70] Received message from  71: 1|0,20,42,69,98,119,1,29,93,102,118,2,8,13,81,88,128,129,19,71,11,35,41,70,84,144
[ 28] Received message from 115: 1|0,20,42,69,98,119,1,29,93,102,118,2,8,13,81,88,128,129,25,7,59,99,104,115,15,28
[ 32] Received message from 136: 1|0,20,42,69,98,119,1,29,93,102,118,2,8,13,81,88,128,129,25,7,59,99,104,115,15,72,101,103,146,28,77,123,131,134,27,91,96,136,138,149,32,38,63,130,150
[ 35] Received message from  70: 1|0,20,42,69,98,119,1,29,93,102,118,2,8,13,81,88,128,129,19,70,71,11,30,35,36,56,67,74,84,112
[ 43] Received message from  36: 1|20,42,69,98,119,1,29,93,102,118,2,8,13,81,88,128,129,19,71,30,51,67,70,55,125,36,76,112,139,4,12,43,56,74,95
[ 48] Received message from  76: 1|20,42,69,98,119,1,29,93,102,118,2,8,13,81,88,128,129,19,71,30,51,67,70,55,125,36,76,112,139,38,48,49,68,108,130,135,143
[ 23] Received message from  94: 1|0,20,42,69,98,119,1,3,22,46,65,87,94,105,23,61,122,133
[ 96] Received message from  32: 1|0,20,42,69,98,119,1,29,93,102,118,2,8,13,81,88,128,129,25,7,59,99,104,115,15,72,101,103,146,28,77,123,131,134,38,48,125,130,136,45,49,63,68,76,97,135,138,143,150,32,109,91,96
[ 48] Received message from 125: 1|0,20,42,69,98,119,1,29,93,102,118,2,8,13,81,88,128,129,19,71,30,51,67,70,55,125,28,38,48,76,130,135
[ 35] Received message from 144: 1|0,20,42,69,98,119,1,29,93,102,118,2,8,88,129,41,71,81,128,144,11,35,62,66,84
[109] Sent Broadcast: 1|0,20,42,69,98,119,1,29,93,102,118,2,8,13,81,88,128,129,25,7,59,99,104,115,15,72,101,103,146,28,77,123,131,134,38,48,125,130,136,45,49,63,68,76,97,135,138,143,150,32,109,126
[ 45] Sent Broadcast: 1|0,20,42,69,98,119,1,29,93,102,118,2,8,13,81,88,128,129,25,7,59,99,104,115,15,72,101,103,146,28,77,123,131,134,38,48,125,130,136,45,49,63,68,76,97,135,138,143,150,32,109
[ 28] Sent Broadcast: 1|0,20,42,69,98,119,1,29,93,102,118,2,8,13,81,88,128,129,25,7,59,99,104,115,15,72,101,103,146,28,77,123,131,134,38,48,125,130,136
[ 62] Sent Broadcast: 1|0,20,42,69,98,119,1,29,93,102,118,2,8,13,81,88,128,129,19,71,11,35,41,70,84,144,30,54,56,62,74,83,58
[ 15] Received message from 146: 1|0,20,42,69,98,119,1,29,93,102,118,2,8,13,81,88,128,129,25,7,59,99,104,115,72,101,103,146,15,27,77,131,134,149
[  9] Received message from  34: 1|0,20,42,69,98,119,1,29,93,102,118,2,8,13,81,88,128,129,19,71,11,35,41,70,84,144,30,54,56,62,74,83,4,12,34,43,9,33,50,73,79,85,89,113,127,132,141
[ 66] Received message from  41: 1|0,20,42,69,98,119,1,29,93,102,118,2,8,88,129,41,71,81,128,144,11,35,62,66,84
[ 45] Received message from  68: 1|0,20,42,69,98,119,1,29,93,102,118,2,8,13,81,88,128,129,25,7,59,99,104,115,15,72,101,103,146,28,77,123,131,134,38,48,125,130,136,49,68,76,108,135,143,45,63,97,109,126,150
[149] Received message from 134: 1|0,20,42,69,98,119,1,29,93,102,118,2,8,13,81,88,128,129,25,7,59,99,104,115,15,72,101,103,146,28,77,123,131,134,27,149
[ 24] Received message from  60: 1|0,20,42,69,98,119,1,29,93,102,118,2,8,13,81,88,128,129,19,71,11,35,41,70,84,144,30,54,56,62,74,83,4,12,34,43,36,60,95,112,121,132,24,37,114
[ 21] Received message from  64: 1|0,20,42,69,98,119,1,3,22,46,65,87,94,105,23,61,64,116,122,133,21,26,52,66,92,142
[136] Received message from 123: 1|0,20,42,69,98,119,1,29,93,102,118,2,8,13,81,88,128,129,25,7,59,99,104,115,15,72,101,103,146,28,77,123,131,134,96,130,136,138
[144] Received message from 102: 1|0,20,42,69,98,119,1,29,93,102,118,2,8,71,81,88,128,129,144
[139] Received message from 108: 1|0,20,42,69,98,119,1,29,93,102,118,2,8,13,81,88,128,129,25,7,59,99,104,115,15,72,101,103,146,28,77,123,131,134,38,48,125,130,136,45,49,63,68,76,97,135,138,143,150,32,109,126,108,139,140
[ 74] Received message from  67: 1|0,20,42,69,98,119,1,29,93,102,118,2,8,13,81,88,128,129,19,71,30,51,67,70,36,55,56,74,95,112
[ 49] Received message from 139: 1|20,42,69,98,119,1,29,93,102,118,2,8,13,81,88,128,129,19,71,30,51,67,70,55,125,36,76,112,139,49,108,114,121,140
[116] Received message from  65: 1|0,20,42,69,98,119,1,3,22,46,65,87,94,105,23,61,64,116,122,133
[ 55] Sent Broadcast: 1|0,20,42,69,98,119,1,29,93,102,118,2,8,13,81,88,128,129,19,71,30,51,67,70,55,125,36,76,112,139
[129] Sent Broadcast: 1|0,20,42,69,98,119,1,29,93,102,118,2,8,88,129,13,19,81,128
[ 91] Sent Broadcast: 1|0,20,42,69,98,119,1,29,93,102,118,2,8,13,81,88,128,129,25,7,59,99,104,115,15,72,101,103,146,28,77,123,131,134,27,91,96,136,138,149,32,63,150
[126] Sent Broadcast: 1|0,20,42,69,98,119,1,29,93,102,118,2,8,13,81,88,128,129,25,7,59,99,104,115,15,72,101,103,146,28,77,123,131,134,38,48,125,130,136,45,49,63,68,76,97,135,138,143,150,32,109,126,108
[134] Sent Broadcast: 1|0,20,42,69,98,119,1,29,93,102,118,2,8,13,81,88,128,129,25,7,59,99,104,115,15,72,101,103,146,28,77,123,131,134,27,149
[115] Sent Broadcast: 1|0,20,42,69,98,119,1,29,93,102,118,2,8,13,81,88,128,129,25,7,59,99,104,115,15,28
[122] Received message from 133: 1|0,20,42,69,98,119,1,3,22,46,65,87,94,105,10,23,61,116,133,107,122
[ 32] Sent Broadcast: 1|0,20,42,69,98,119,1,29,93,102,118,2,8,13,81,88,128,129,25,7,59,99,104,115,15,72,101,103,146,28,77,123,131,134,38,48,125,130,136,45,49,63,68,76,97,135,138,143,150,32,109,91,96
[133] Sent Broadcast: 1|0,20,42,69,98,119,1,3,22,46,65,87,94,105,10,23,61,116,133,107,122
[ 27] Received message from 146: 1|0,20,42,69,98,119,1,29,93,102,118,2,8,13,81,88,128,129,25,7,59,99,104,115,72,101,103,146,15,27,77,131,134,149
[ 56] Received message from  36: 1|20,42,69,98,119,1,29,93,102,118,2,8,13,81,88,128,129,19,71,30,51,67,70,55,125,36,76,112,139,4,12,43,56,74,95
[ 54] Received message from  43: 1|20,42,69,98,119,1,29,93,102,118,2,8,13,81,88,128,129,19,71,30,51,67,70,55,125,36,76,112,139,4,12,43,56,74,95,54,60,83,132
[ 91] Received message from  96: 1|0,20,42,69,98,119,1,29,93,102,118,2,8,13,81,88,128,129,25,7,59,99,104,115,15,72,101,103,146,28,77,123,131,134,96,130,136,138,32,63,91,150
[138] Received message from  77: 1|0,20,42,69,98,119,1,29,93,102,118,2,8,13,81,88,128,129,25,7,59,99,104,115,15,72,101,103,146,28,77,123,131,134,27,91,96,136,138,149
[ 34] Received message from  12: 1|0,20,42,69,98,119,1,29,93,102,118,2,8,13,81,88,128,129,19,71,11,35,41,70,84,144,30,54,56,62,74,83,12,36,43,67,112,4,34,60,95,132
[131] Received message from  59: 1|0,20,42,69,98,119,1,29,93,102,118,2,8,13,81,88,128,129,25,7,59,99,104,115,15,27,72,101,131,134,146
[149] Received message from 131: 1|20,42,69,98,119,1,29,93,102,118,2,8,13,81,88,128,129,25,7,59,99,104,115,15,72,101,103,146,131,27,134,149
[ 38] Received message from 150: 1|0,20,42,69,98,119,1,29,93,102,118,2,8,13,81,88,128,129,25,7,59,99,104,115,15,72,101,103,146,28,77,123,131,134,27,91,96,136,138,149,32,63,150,38,45,68,97,130
[ 43] Received message from  54: 1|0,20,42,69,98,119,1,29,93,102,118,2,8,13,81,88,128,129,19,71,11,35,41,70,84,144,30,54,56,62,74,83,4,12,34,43
[139] Received message from  49: 1|0,20,42,69,98,119,1,29,93,102,118,2,8,13,81,88,128,129,25,7,59,99,104,115,15,72,101,103,146,28,77,123,131,134,38,48,125,130,136,49,68,76,108,135,143,109,126,139
[ 84] Received message from 128: 1|0,20,42,69,98,119,1,29,93,102,118,2,8,13,81,88,128,129,19,70,71,84,144
[ 95] Received message from   4: 1|0,20,42,69,98,119,1,29,93,102,118,2,8,13,81,88,128,129,19,71,11,35,41,70,84,144,30,54,56,62,74,83,4,12,34,43,36,60,95,112,121,132
[105] Received message from  98: 1|0,20,42,69,98,119,1,3,22,46,65,87,94,105
[ 49] Received message from 130: 1|0,20,42,69,98,119,1,29,93,102,118,2,8,13,81,88,128,129,25,7,59,99,104,115,15,72,101,103,146,28,77,123,131,134,38,48,125,130,136,45,49,63,68,76,96,135,138,143,150
[108] Received message from  48: 1|0,20,42,69,98,119,1,29,93,102,118,2,8,13,81,88,128,129,25,7,59,99,104,115,15,72,101,103,146,28,77,123,131,134,38,48,125,130,136,49,68,76,108,135,143
[ 38] Received message from 136: 1|0,20,42,69,98,119,1,29,93,102,118,2,8,13,81,88,128,129,25,7,59,99,104,115,15,72,101,103,146,28,77,123,131,134,27,91,96,136,138,149,32,38,63,130,150
[  6] Received message from   9: 1|0,20,42,69,98,119,1,29,93,102,118,2,8,13,81,88,128,129,19,71,11,35,41,70,84,144,30,54,56,62,74,83,4,12,34,43,9,33,50,73,79,85,89,113,127,132,141,6,31,57,100
[ 45] Received message from  63: 1|0,20,42,69,98,119,1,29,93,102,118,2,8,13,81,88,128,129,25,7,59,99,104,115,15,72,101,103,146,28,77,123,131,134,27,91,96,136,138,149,32,63,150,38,45,68,97,130,143
[134] Received message from  72: 1|0,20,42,69,98,119,1,29,93,102,118,2,8,13,81,88,128,129,25,7,59,99,104,115,15,72,101,103,146,27,77,123,131,134,149
[ 77] Received message from 146: 1|0,20,42,69,98,119,1,29,93,102,118,2,8,13,81,88,128,129,25,7,59,99,104,115,72,101,103,146,15,27,77,131,134,149
[ 95] Received message from  67: 1|0,20,42,69,98,119,1,29,93,102,118,2,8,13,81,88,128,129,19,71,30,51,67,70,36,55,56,74,95,112
[  4] Received message from  74: 1|0,20,42,69,98,119,1,29,93,102,118,2,8,13,81,88,128,129,19,71,11,35,41,70,84,144,30,54,56,62,74,83,4,12,36,43,67,112
[ 36] Received message from  70: 1|0,20,42,69,98,119,1,29,93,102,118,2,8,13,81,88,128,129,19,70,71,11,30,35,36,56,67,74,84,112
[140] Received message from 108: 1|0,20,42,69,98,119,1,29,93,102,118,2,8,13,81,88,128,129,25,7,59,99,104,115,15,72,101,103,146,28,77,123,131,134,38,48,125,130,136,45,49,63,68,76,97,135,138,143,150,32,109,126,108,139,140
[ 76] Received message from  38: 1|0,20,42,69,98,119,1,29,93,102,118,2,8,13,81,88,128,129,25,7,59,99,104,115,15,72,101,103,146,28,77,123,131,134,38,48,125,130,136,45,49,63,68,76,97,135,138,143,150
[102] Sent Broadcast: 1|0,20,42,69,98,119,1,29,93,102,118,2,8,71,81,88,128,129,144
[ 62] Received message from  35: 1|0,20,42,69,98,119,1,29,93,102,118,2,8,13,81,88,128,129,19,71,11,35,41,70,84,144,30,54,56,62,74,83
[ 83] Received message from  11: 1|0,20,42,69,98,119,1,29,93,102,118,2,8,13,81,88,128,129,19,71,11,35,41,70,84,144,30,54,56,62,74,83
[133] Received message from  10: 1|0,20,42,69,98,119,1,22,44,46,75,87,10,3,23,39,61,107,116,133
[ 61] Received message from  94: 1|0,20,42,69,98,119,1,3,22,46,65,87,94,105,23,61,122,133
[ 63] Received message from  68: 1|0,20,42,69,98,119,1,29,93,102,118,2,8,13,81,88,128,129,25,7,59,99,104,115,15,72,101,103,146,28,77,123,131,134,38,48,125,130,136,49,68,76,108,135,143,45,63,97,109,126,150
[ 31] Received message from  58: 1|0,20,42,69,98,119,1,29,93,102,118,2,8,13,81,88,128,129,19,71,11,35,41,70,84,144,30,54,56,62,74,83,58,17,31,78,79,113
[ 56] Received message from  30: 1|0,20,42,69,98,119,1,29,93,102,118,2,8,13,81,88,128,129,19,71,30,51,67,70,11,35,36,55,56,74,84,95,112
[108] Received message from 139: 1|20,42,69,98,119,1,29,93,102,118,2,8,13,81,88,128,129,19,71,30,51,67,70,55,125,36,76,112,139,49,108,114,121,140
[ 95] Received message from 140: 1|0,20,42,69,98,119,1,29,93,102,118,2,8,13,81,88,128,129,25,7,59,99,104,115,15,72,101,103,146,28,77,123,131,134,38,48,125,130,136,45,49,63,68,76,97,135,138,143,150,32,109,126,108,139,140,95,114,121
[ 26] Received message from  64: 1|0,20,42,69,98,119,1,3,22,46,65,87,94,105,23,61,64,116,122,133,21,26,52,66,92,142
[131] Sent Broadcast: 1|20,42,69,98,119,1,29,93,102,118,2,8,13,81,88,128,129,25,7,59,99,104,115,15,72,101,103,146,131,27,134,149
[ 11] Sent Broadcast: 1|0,20,42,69,98,119,1,29,93,102,118,2,8,13,81,88,128,129,19,71,11,35,41,70,84,144,30,54,56,62,74,83
[ 54] Sent Broadcast: 1|0,20,42,69,98,119,1,29,93,102,118,2,8,13,81,88,128,129,19,71,11,35,41,70,84,144,30,54,56,62,74,83,4,12,34,43
[ 49] Sent Broadcast: 1|0,20,42,69,98,119,1,29,93,102,118,2,8,13,81,88,128,129,25,7,59,99,104,115,15,72,101,103,146,28,77,123,131,134,38,48,125,130,136,49,68,76,108,135,143,109,126,139
[ 21] Received message from  66: 1|0,20,42,69,98,119,1,29,93,102,118,2,8,88,129,41,71,81,128,144,11,35,62,66,84,21,26,52,64,78,92,122
[ 43] Received message from  56: 1|0,20,42,69,98,119,1,29,93,102,118,2,8,13,81,88,128,129,19,71,11,35,41,70,84,144,30,54,56,62,74,83,12,36,43,67,112
[ 32] Received message from 138: 1|0,20,42,69,98,119,1,29,93,102,118,2,8,13,81,88,128,129,25,7,59,99,104,115,15,72,101,103,146,28,77,123,131,134,27,91,96,136,138,149,32,38,45,63,97,130,150
[ 33] Received message from  34: 1|0,20,42,69,98,119,1,29,93,102,118,2,8,13,81,88,128,129,19,71,11,35,41,70,84,144,30,54,56,62,74,83,4,12,34,43,9,33,50,73,79,85,89,113,127,132,141
[ 91] Received message from 149: 1|0,20,42,69,98,119,1,29,93,102,118,2,8,13,81,88,128,129,25,7,59,99,104,115,15,72,101,103,146,28,77,123,131,134,27,149,91
[ 33] Received message from  24: 1|0,20,42,69,98,119,1,29,93,102,118,2,8,13,81,88,128,129,19,71,11,35,41,70,84,144,30,54,56,62,74,83,4,12,34,43,36,60,95,112,121,132,24,37,114,33,50,89,90
[ 11] Received message from  84: 1|0,20,42,69,98,119,1,29,93,102,118,2,8,13,81,88,128,129,19,70,71,84,144,11,30,35,41,54,56,62,74,83
[  4] Received message from  95: 1|20,42,69,98,119,1,29,93,102,118,2,8,13,81,88,128,129,19,71,30,51,67,70,36,55,56,74,95,112,4,12,43,60,114,121,140
[ 49] Received message from  76: 1|20,42,69,98,119,1,29,93,102,118,2,8,13,81,88,128,129,19,71,30,51,67,70,55,125,36,76,112,139,38,48,49,68,108,130,135,143
[ 63] Received message from 130: 1|0,20,42,69,98,119,1,29,93,102,118,2,8,13,81,88,128,129,25,7,59,99,104,115,15,72,101,103,146,28,77,123,131,134,38,48,125,130,136,45,49,63,68,76,96,135,138,143,150
[ 74] Received message from  35: 1|0,20,42,69,98,119,1,29,93,102,118,2,8,13,81,88,128,129,19,71,11,35,41,70,84,144,30,54,56,62,74,83
[ 37] Received message from  60: 1|0,20,42,69,98,119,1,29,93,102,118,2,8,13,81,88,128,129,19,71,11,35,41,70,84,144,30,54,56,62,74,83,4,12,34,43,36,60,95,112,121,132,24,37,114
[134] Received message from  59: 1|0,20,42,69,98,119,1,29,93,102,118,2,8,13,81,88,128,129,25,7,59,99,104,115,15,27,72,101,131,134,146
[ 60] Received message from  43: 1|20,42,69,98,119,1,29,93,102,118,2,8,13,81,88,128,129,19,71,30,51,67,70,55,125,36,76,112,139,4,12,43,56,74,95,54,60,83,132
[ 43] Received message from 112: 1|20,42,69,98,119,1,29,93,102,118,2,8,13,81,88,128,129,19,71,30,51,67,70,55,125,36,76,112,139,4,43,56,74,95
[ 60] Received message from  12: 1|0,20,42,69,98,119,1,29,93,102,118,2,8,13,81,88,128,129,19,71,11,35,41,70,84,144,30,54,56,62,74,83,12,36,43,67,112,4,34,60,95,132
[ 24] Received message from  33: 1|0,20,42,69,98,119,1,29,93,102,118,2,8,13,81,88,128,129,19,71,11,35,41,70,84,144,30,54,56,62,74,83,4,12,34,43,9,33,50,73,79,85,89,113,127,132,141,24,37,90
[ 62] Received message from 144: 1|0,20,42,69,98,119,1,29,93,102,118,2,8,88,129,41,71,81,128,144,11,35,62,66,84
[ 74] Received message from  36: 1|20,42,69,98,119,1,29,93,102,118,2,8,13,81,88,128,129,19,71,30,51,67,70,55,125,36,76,112,139,4,12,43,56,74,95
[122] Received message from  65: 1|0,20,42,69,98,119,1,3,22,46,65,87,94,105,23,61,64,116,122,133
[  6] Received message from  31: 1|0,20,42,69,98,119,1,29,93,102,118,2,8,13,81,88,128,129,19,71,11,35,41,70,84,144,30,54,56,62,74,83,58,17,31,78,79,113,6,9,57,85
[ 33] Received message from  37: 1|0,20,42,69,98,119,1,29,93,102,118,2,8,13,81,88,128,129,19,71,11,35,41,70,84,144,30,54,56,62,74,83,4,12,34,43,36,60,95,112,121,132,24,37,114,33,50,89,90,127
[ 84] Received message from  71: 1|0,20,42,69,98,119,1,29,93,102,118,2,8,13,81,88,128,129,19,71,11,35,41,70,84,144
[  4] Received message from  83: 1|0,20,42,69,98,119,1,29,93,102,118,2,8,13,81,88,128,129,19,71,11,35,41,70,84,144,30,54,56,62,74,83,4,12,34,43
[ 98] Sent Broadcast: 1|0,20,42,69,98,119,1,3,22,46,65,87,94,105
[108] Sent Broadcast: 1|0,20,42,69,98,119,1,29,93,102,118,2,8,13,81,88,128,129,25,7,59,99,104,115,15,72,101,103,146,28,77,123,131,134,38,48,125,130,136,45,49,63,68,76,97,135,138,143,150,32,109,126,108,139,140
[ 10] Sent Broadcast: 1|0,20,42,69,98,119,1,22,44,46,75,87,10,3,23,39,61,107,116,133
[ 21] Received message from 122: 1|0,20,42,69,98,119,1,3,22,46,65,87,94,105,10,23,61,116,133,107,122,21,26,52,64,66,92,142
[138] Received message from 123: 1|0,20,42,69,98,119,1,29,93,102,118,2,8,13,81,88,128,129,25,7,59,99,104,115,15,72,101,103,146,28,77,123,131,134,96,130,136,138
[ 12] Received message from  74: 1|0,20,42,69,98,119,1,29,93,102,118,2,8,13,81,88,128,129,19,71,11,35,41,70,84,144,30,54,56,62,74,83,4,12,36,43,67,112
[150] Received message from  96: 1|0,20,42,69,98,119,1,29,93,102,118,2,8,13,81,88,128,129,25,7,59,99,104,115,15,72,101,103,146,28,77,123,131,134,96,130,136,138,32,63,91,150
[ 38] Received message from 138: 1|0,20,42,69,98,119,1,29,93,102,118,2,8,13,81,88,128,129,25,7,59,99,104,115,15,72,101,103,146,28,77,123,131,134,27,91,96,136,138,149,32,38,45,63,97,130,150
[ 31] Received message from   9: 1|0,20,42,69,98,119,1,29,93,102,118,2,8,13,81,88,128,129,19,71,11,35,41,70,84,144,30,54,56,62,74,83,4,12,34,43,9,33,50,73,79,85,89,113,127,132,141,6,31,57,100
[ 52] Received message from  64: 1|0,20,42,69,98,119,1,3,22,46,65,87,94,105,23,61,64,116,122,133,21,26,52,66,92,142
[149] Sent Broadcast: 1|0,20,42,69,98,119,1,29,93,102,118,2,8,13,81,88,128,129,25,7,59,99,104,115,15,72,101,103,146,28,77,123,131,134,27,149,91
[ 63] Received message from 136: 1|0,20,42,69,98,119,1,29,93,102,118,2,8,13,81,88,128,129,25,7,59,99,104,115,15,72,101,103,146,28,77,123,131,134,27,91,96,136,138,149,32,38,63,130,150
[149] Received message from  77: 1|0,20,42,69,98,119,1,29,93,102,118,2,8,13,81,88,128,129,25,7,59,99,104,115,15,72,101,103,146,28,77,123,131,134,27,91,96,136,138,149
[ 76] Received message from 125: 1|0,20,42,69,98,119,1,29,93,102,118,2,8,13,81,88,128,129,19,71,30,51,67,70,55,125,28,38,48,76,130,135
[ 45] Received message from 150: 1|0,20,42,69,98,119,1,29,93,102,118,2,8,13,81,88,128,129,25,7,59,99,104,115,15,72,101,103,146,28,77,123,131,134,27,91,96,136,138,149,32,63,150,38,45,68,97,130
[ 77] Sent Broadcast: 1|0,20,42,69,98,119,1,29,93,102,118,2,8,13,81,88,128,129,25,7,59,99,104,115,15,72,101,103,146,28,77,123,131,134,27,91,96,136,138,149
[131] Received message from 146: 1|0,20,42,69,98,119,1,29,93,102,118,2,8,13,81,88,128,129,25,7,59,99,104,115,72,101,103,146,15,27,77,131,134,149
[ 50] Received message from  34: 1|0,20,42,69,98,119,1,29,93,102,118,2,8,13,81,88,128,129,19,71,11,35,41,70,84,144,30,54,56,62,74,83,4,12,34,43,9,33,50,73,79,85,89,113,127,132,141
[112] Received message from  67: 1|0,20,42,69,98,119,1,29,93,102,118,2,8,13,81,88,128,129,19,71,30,51,67,70,36,55,56,74,95,112
[ 57] Received message from   9: 1|0,20,42,69,98,119,1,29,93,102,118,2,8,13,81,88,128,129,19,71,11,35,41,70,84,144,30,54,56,62,74,83,4,12,34,43,9,33,50,73,79,85,89,113,127,132,141,6,31,57,100
[149] Received message from  72: 1|0,20,42,69,98,119,1,29,93,102,118,2,8,13,81,88,128,129,25,7,59,99,104,115,15,72,101,103,146,27,77,123,131,134,149
[ 37] Received message from  33: 1|0,20,42,69,98,119,1,29,93,102,118,2,8,13,81,88,128,129,19,71,11,35,41,70,84,144,30,54,56,62,74,83,4,12,34,43,9,33,50,73,79,85,89,113,127,132,141,24,37,90
[ 21] Received message from 105: 1|0,20,42,69,98,119,1,3,22,46,65,87,94,105,21,26,64,122,133
[ 97] Received message from  38: 1|0,20,42,69,98,119,1,29,93,102,118,2,8,13,81,88,128,129,25,7,59,99,104,115,15,72,101,103,146,28,77,123,131,134,38,48,125,130,136,45,49,63,68,76,97,135,138,143,150
[ 84] Received message from  41: 1|0,20,42,69,98,119,1,29,93,102,118,2,8,88,129,41,71,81,128,144,11,35,62,66,84
[ 50] Received message from  24: 1|0,20,42,69,98,119,1,29,93,102,118,2,8,13,81,88,128,129,19,71,11,35,41,70,84,144,30,54,56,62,74,83,4,12,34,43,36,60,95,112,121,132,24,37,114,33,50,89,90
[112] Received message from   4: 1|0,20,42,69,98,119,1,29,93,102,118,2,8,13,81,88,128,129,19,71,11,35,41,70,84,144,30,54,56,62,74,83,4,12,34,43,36,60,95,112,121,132
[ 78] Received message from  58: 1|0,20,42,69,98,119,1,29,93,102,118,2,8,13,81,88,128,129,19,71,11,35,41,70,84,144,30,54,56,62,74,83,58,17,31,78,79,113
[ 74] Received message from  30: 1|0,20,42,69,98,119,1,29,93,102,118,2,8,13,81,88,128,129,19,71,30,51,67,70,11,35,36,55,56,74,84,95,112
[ 26] Received message from  66: 1|0,20,42,69,98,119,1,29,93,102,118,2,8,88,129,41,71,81,128,144,11,35,62,66,84,21,26,52,64,78,92,122
[ 53] Received message from  52: 1|0,20,42,69,98,119,1,3,22,46,65,87,94,105,23,61,64,116,122,133,21,26,52,66,92,142,53,78,145
[122] Received message from  94: 1|0,20,42,69,98,119,1,3,22,46,65,87,94,105,23,61,122,133
[123] Sent Broadcast: 1|0,20,42,69,98,119,1,29,93,102,118,2,8,13,81,88,128,129,25,7,59,99,104,115,15,72,101,103,146,28,77,123,131,134,96,130,136,138
[135] Received message from  48: 1|0,20,42,69,98,119,1,29,93,102,118,2,8,13,81,88,128,129,25,7,59,99,104,115,15,72,101,103,146,28,77,123,131,134,38,48,125,130,136,49,68,76,108,135,143
[ 30] Received message from  84: 1|0,20,42,69,98,119,1,29,93,102,118,2,8,13,81,88,128,129,19,70,71,84,144,11,30,35,41,54,56,62,74,83
[133] Received message from  65: 1|0,20,42,69,98,119,1,3,22,46,65,87,94,105,23,61,64,116,122,133
[ 97] Received message from  68: 1|0,20,42,69,98,119,1,29,93,102,118,2,8,13,81,88,128,129,25,7,59,99,104,115,15,72,101,103,146,28,77,123,131,134,38,48,125,130,136,49,68,76,108,135,143,45,63,97,109,126,150
[ 68] Received message from  63: 1|0,20,42,69,98,119,1,29,93,102,118,2,8,13,81,88,128,129,25,7,59,99,104,115,15,72,101,103,146,28,77,123,131,134,27,91,96,136,138,149,32,63,150,38,45,68,97,130,143
[ 24] Received message from  50: 1|0,20,42,69,98,119,1,29,93,102,118,2,8,13,81,88,128,129,19,71,11,35,41,70,84,144,30,54,56,62,74,83,4,12,34,43,9,33,50,73,79,85,89,113,127,132,141,24,37,90,100
[ 56] Received message from  70: 1|0,20,42,69,98,119,1,29,93,102,118,2,8,13,81,88,128,129,19,70,71,11,30,35,36,56,67,74,84,112
[ 90] Received message from  33: 1|0,20,42,69,98,119,1,29,93,102,118,2,8,13,81,88,128,129,19,71,11,35,41,70,84,144,30,54,56,62,74,83,4,12,34,43,9,33,50,73,79,85,89,113,127,132,141,24,37,90
[146] Received message from  59: 1|0,20,42,69,98,119,1,29,93,102,118,2,8,13,81,88,128,129,25,7,59,99,104,115,15,27,72,101,131,134,146
[ 67] Received message from  56: 1|0,20,42,69,98,119,1,29,93,102,118,2,8,13,81,88,128,129,19,71,11,35,41,70,84,144,30,54,56,62,74,83,12,36,43,67,112
[ 83] Received message from  35: 1|0,20,42,69,98,119,1,29,93,102,118,2,8,13,81,88,128,129,19,71,11,35,41,70,84,144,30,54,56,62,74,83
[ 56] Received message from 112: 1|20,42,69,98,119,1,29,93,102,118,2,8,13,81,88,128,129,19,71,30,51,67,70,55,125,36,76,112,139,4,43,56,74,95
[ 95] Received message from  36: 1|20,42,69,98,119,1,29,93,102,118,2,8,13,81,88,128,129,19,71,30,51,67,70,55,125,36,76,112,139,4,12,43,56,74,95
[144] Received message from 128: 1|0,20,42,69,98,119,1,29,93,102,118,2,8,13,81,88,128,129,19,70,71,84,144
[114] Received message from 140: 1|0,20,42,69,98,119,1,29,93,102,118,2,8,13,81,88,128,129,25,7,59,99,104,115,15,72,101,103,146,28,77,123,131,134,38,48,125,130,136,45,49,63,68,76,97,135,138,143,150,32,109,126,108,139,140,95,114,121
[ 52] Received message from  78: 1|0,20,42,69,98,119,1,29,93,102,118,2,8,13,81,88,128,129,19,71,11,35,41,70,84,144,30,54,56,62,74,83,58,17,31,78,79,113,52,53,66,92,142
[114] Received message from 139: 1|20,42,69,98,119,1,29,93,102,118,2,8,13,81,88,128,129,19,71,30,51,67,70,55,125,36,76,112,139,49,108,114,121,140
[ 95] Received message from  12: 1|0,20,42,69,98,119,1,29,93,102,118,2,8,13,81,88,128,129,19,71,11,35,41,70,84,144,30,54,56,62,74,83,12,36,43,67,112,4,34,60,95,132
[ 96] Sent Broadcast: 1|0,20,42,69,98,119,1,29,93,102,118,2,8,13,81,88,128,129,25,7,59,99,104,115,15,72,101,103,146,28,77,123,131,134,96,130,136,138,32,63,91,150
[ 41] Sent Broadcast: 1|0,20,42,69,98,119,1,29,93,102,118,2,8,88,129,41,71,81,128,144,11,35,62,66,84
[ 12] Received message from  95: 1|20,42,69,98,119,1,29,93,102,118,2,8,13,81,88,128,129,19,71,30,51,67,70,36,55,56,74,95,112,4,12,43,60,114,121,140
[ 66] Received message from 144: 1|0,20,42,69,98,119,1,29,93,102,118,2,8,88,129,41,71,81,128,144,11,35,62,66,84
[ 83] Received message from  43: 1|20,42,69,98,119,1,29,93,102,118,2,8,13,81,88,128,129,19,71,30,51,67,70,55,125,36,76,112,139,4,12,43,56,74,95,54,60,83,132
[ 84] Received message from  30: 1|0,20,42,69,98,119,1,29,93,102,118,2,8,13,81,88,128,129,19,71,30,51,67,70,11,35,36,55,56,74,84,95,112
[ 60] Received message from 114: 1|0,20,42,69,98,119,1,29,93,102,118,2,8,13,81,88,128,129,25,7,59,99,104,115,15,72,101,103,146,28,77,123,131,134,38,48,125,130,136,45,49,63,68,76,97,135,138,143,150,32,109,126,108,139,140,95,114,121,60
[134] Received message from 146: 1|0,20,42,69,98,119,1,29,93,102,118,2,8,13,81,88,128,129,25,7,59,99,104,115,72,101,103,146,15,27,77,131,134,149
[ 36] Received message from  74: 1|0,20,42,69,98,119,1,29,93,102,118,2,8,13,81,88,128,129,19,71,11,35,41,70,84,144,30,54,56,62,74,83,4,12,36,43,67,112
[ 67] Sent Broadcast: 1|0,20,42,69,98,119,1,29,93,102,118,2,8,13,81,88,128,129,19,71,30,51,67,70,36,55,56,74,95,112
[ 12] Received message from  83: 1|0,20,42,69,98,119,1,29,93,102,118,2,8,13,81,88,128,129,19,71,11,35,41,70,84,144,30,54,56,62,74,83,4,12,34,43
[ 72] Sent Broadcast: 1|0,20,42,69,98,119,1,29,93,102,118,2,8,13,81,88,128,129,25,7,59,99,104,115,15,72,101,103,146,27,77,123,131,134,149
[100] Received message from  90: 1|0,20,42,69,98,119,1,29,93,102,118,2,8,13,81,88,128,129,19,71,11,35,41,70,84,144,30,54,56,62,74,83,4,12,34,43,9,33,50,73,79,85,89,113,127,132,141,24,37,90,100
[ 68] Received message from  76: 1|20,42,69,98,119,1,29,93,102,118,2,8,13,81,88,128,129,19,71,30,51,67,70,55,125,36,76,112,139,38,48,49,68,108,130,135,143
[ 32] Received message from  97: 1|0,20,42,69,98,119,1,29,93,102,118,2,8,13,81,88,128,129,25,7,59,99,104,115,15,72,101,103,146,28,77,123,131,134,38,48,125,130,136,45,49,63,68,76,97,135,138,143,150,32,109
[ 26] Received message from 122: 1|0,20,42,69,98,119,1,3,22,46,65,87,94,105,10,23,61,116,133,107,122,21,26,52,64,66,92,142
[  9] Received message from  31: 1|0,20,42,69,98,119,1,29,93,102,118,2,8,13,81,88,128,129,19,71,11,35,41,70,84,144,30,54,56,62,74,83,58,17,31,78,79,113,6,9,57,85
[114] Received message from  60: 1|0,20,42,69,98,119,1,29,93,102,118,2,8,13,81,88,128,129,19,71,11,35,41,70,84,144,30,54,56,62,74,83,4,12,34,43,36,60,95,112,121,132,24,37,114
[ 65] Sent Broadcast: 1|0,20,42,69,98,119,1,3,22,46,65,87,94,105,23,61,64,116,122,133
[ 66] Received message from  64: 1|0,20,42,69,98,119,1,3,22,46,65,87,94,105,23,61,64,116,122,133,21,26,52,66,92,142
[ 50] Received message from  37: 1|0,20,42,69,98,119,1,29,93,102,118,2,8,13,81,88,128,129,19,71,11,35,41,70,84,144,30,54,56,62,74,83,4,12,34,43,36,60,95,112,121,132,24,37,114,33,50,89,90,127
[100] Received message from   9: 1|0,20,42,69,98,119,1,29,93,102,118,2,8,13,81,88,128,129,19,71,11,35,41,70,84,144,30,54,56,62,74,83,4,12,34,43,9,33,50,73,79,85,89,113,127,132,141,6,31,57,100
[ 90] Sent Broadcast: 1|0,20,42,69,98,119,1,29,93,102,118,2,8,13,81,88,128,129,19,71,11,35,41,70,84,144,30,54,56,62,74,83,4,12,34,43,9,33,50,73,79,85,89,113,127,132,141,24,37,90,100
[ 84] Received message from 144: 1|0,20,42,69,98,119,1,29,93,102,118,2,8,88,129,41,71,81,128,144,11,35,62,66,84
[ 26] Received message from 105: 1|0,20,42,69,98,119,1,3,22,46,65,87,94,105,21,26,64,122,133
[133] Received message from  94: 1|0,20,42,69,98,119,1,3,22,46,65,87,94,105,23,61,122,133
[  6] Received message from 100: 1|0,20,42,69,98,119,1,29,93,102,118,2,8,13,81,88,128,129,19,71,11,35,41,70,84,144,30,54,56,62,74,83,4,12,34,43,9,33,50,73,79,85,89,113,127,132,141,24,37,90,100,6,57
[ 45] Received message from 138: 1|0,20,42,69,98,119,1,29,93,102,118,2,8,13,81,88,128,129,25,7,59,99,104,115,15,72,101,103,146,28,77,123,131,134,27,91,96,136,138,149,32,38,45,63,97,130,150
[ 52] Received message from  66: 1|0,20,42,69,98,119,1,29,93,102,118,2,8,88,129,41,71,81,128,144,11,35,62,66,84,21,26,52,64,78,92,122
[109] Received message from  68: 1|0,20,42,69,98,119,1,29,93,102,118,2,8,13,81,88,128,129,25,7,59,99,104,115,15,72,101,103,146,28,77,123,131,134,38,48,125,130,136,49,68,76,108,135,143,45,63,97,109,126,150
[ 45] Received message from 135: 1|0,20,42,69,98,119,1,29,93,102,118,2,8,13,81,88,128,129,25,7,59,99,104,115,15,72,101,103,146,28,77,123,131,134,38,48,125,130,136,49,68,76,108,135,143,45,126
[ 57] Received message from  31: 1|0,20,42,69,98,119,1,29,93,102,118,2,8,13,81,88,128,129,19,71,11,35,41,70,84,144,30,54,56,62,74,83,58,17,31,78,79,113,6,9,57,85
[ 89] Received message from  24: 1|0,20,42,69,98,119,1,29,93,102,118,2,8,13,81,88,128,129,19,71,11,35,41,70,84,144,30,54,56,62,74,83,4,12,34,43,36,60,95,112,121,132,24,37,114,33,50,89,90
[ 59] Sent Broadcast: 1|0,20,42,69,98,119,1,29,93,102,118,2,8,13,81,88,128,129,25,7,59,99,104,115,15,27,72,101,131,134,146
[130] Received message from 125: 1|0,20,42,69,98,119,1,29,93,102,118,2,8,13,81,88,128,129,19,71,30,51,67,70,55,125,28,38,48,76,130,135
[ 35] Sent Broadcast: 1|0,20,42,69,98,119,1,29,93,102,118,2,8,13,81,88,128,129,19,71,11,35,41,70,84,144,30,54,56,62,74,83
[ 36] Sent Broadcast: 1|20,42,69,98,119,1,29,93,102,118,2,8,13,81,88,128,129,19,71,30,51,67,70,55,125,36,76,112,139,4,12,43,56,74,95
[128] Sent Broadcast: 1|0,20,42,69,98,119,1,29,93,102,118,2,8,13,81,88,128,129,19,70,71,84,144
[130] Received message from 136: 1|0,20,42,69,98,119,1,29,93,102,118,2,8,13,81,88,128,129,25,7,59,99,104,115,15,72,101,103,146,28,77,123,131,134,27,91,96,136,138,149,32,38,63,130,150
[144] Received message from  71: 1|0,20,42,69,98,119,1,29,93,102,118,2,8,13,81,88,128,129,19,71,11,35,41,70,84,144
[ 33] Sent Broadcast: 1|0,20,42,69,98,119,1,29,93,102,118,2,8,13,81,88,128,129,19,71,11,35,41,70,84,144,30,54,56,62,74,83,4,12,34,43,9,33,50,73,79,85,89,113,127,132,141,24,37,90
[ 73] Received message from  34: 1|0,20,42,69,98,119,1,29,93,102,118,2,8,13,81,88,128,129,19,71,11,35,41,70,84,144,30,54,56,62,74,83,4,12,34,43,9,33,50,73,79,85,89,113,127,132,141
[121] Received message from   4: 1|0,20,42,69,98,119,1,29,93,102,118,2,8,13,81,88,128,129,19,71,11,35,41,70,84,144,30,54,56,62,74,83,4,12,34,43,36,60,95,112,121,132
[ 35] Received message from  84: 1|0,20,42,69,98,119,1,29,93,102,118,2,8,13,81,88,128,129,19,70,71,84,144,11,30,35,41,54,56,62,74,83
[ 97] Received message from  63: 1|0,20,42,69,98,119,1,29,93,102,118,2,8,13,81,88,128,129,25,7,59,99,104,115,15,72,101,103,146,28,77,123,131,134,27,91,96,136,138,149,32,63,150,38,45,68,97,130,143
[ 78] Received message from  52: 1|0,20,42,69,98,119,1,3,22,46,65,87,94,105,23,61,64,116,122,133,21,26,52,66,92,142,53,78,145
[135] Received message from  38: 1|0,20,42,69,98,119,1,29,93,102,118,2,8,13,81,88,128,129,25,7,59,99,104,115,15,72,101,103,146,28,77,123,131,134,38,48,125,130,136,45,49,63,68,76,97,135,138,143,150
[ 67] Received message from  70: 1|0,20,42,69,98,119,1,29,93,102,118,2,8,13,81,88,128,129,19,70,71,11,30,35,36,56,67,74,84,112
[121] Received message from 140: 1|0,20,42,69,98,119,1,29,93,102,118,2,8,13,81,88,128,129,25,7,59,99,104,115,15,72,101,103,146,28,77,123,131,134,38,48,125,130,136,45,49,63,68,76,97,135,138,143,150,32,109,126,108,139,140,95,114,121
[ 37] Received message from  50: 1|0,20,42,69,98,119,1,29,93,102,118,2,8,13,81,88,128,129,19,71,11,35,41,70,84,144,30,54,56,62,74,83,4,12,34,43,9,33,50,73,79,85,89,113,127,132,141,24,37,90,100
[ 71] Sent Broadcast: 1|0,20,42,69,98,119,1,29,93,102,118,2,8,13,81,88,128,129,19,71,11,35,41,70,84,144
[114] Sent Broadcast: 1|0,20,42,69,98,119,1,29,93,102,118,2,8,13,81,88,128,129,25,7,59,99,104,115,15,72,101,103,146,28,77,123,131,134,38,48,125,130,136,45,49,63,68,76,97,135,138,143,150,32,109,126,108,139,140,95,114,121,60
[ 68] Received message from 150: 1|0,20,42,69,98,119,1,29,93,102,118,2,8,13,81,88,128,129,25,7,59,99,104,115,15,72,101,103,146,28,77,123,131,134,27,91,96,136,138,149,32,63,150,38,45,68,97,130
[ 79] Received message from  58: 1|0,20,42,69,98,119,1,29,93,102,118,2,8,13,81,88,128,129,19,71,11,35,41,70,84,144,30,54,56,62,74,83,58,17,31,78,79,113
[143] Received message from  48: 1|0,20,42,69,98,119,1,29,93,102,118,2,8,13,81,88,128,129,25,7,59,99,104,115,15,72,101,103,146,28,77,123,131,134,38,48,125,130,136,49,68,76,108,135,143
[  9] Sent Broadcast: 1|0,20,42,69,98,119,1,29,93,102,118,2,8,13,81,88,128,129,19,71,11,35,41,70,84,144,30,54,56,62,74,83,4,12,34,43,9,33,50,73,79,85,89,113,127,132,141,6,31,57,100
[ 94] Sent Broadcast: 1|0,20,42,69,98,119,1,3,22,46,65,87,94,105,23,61,122,133
[132] Received message from  43: 1|20,42,69,98,119,1,29,93,102,118,2,8,13,81,88,128,129,19,71,30,51,67,70,55,125,36,76,112,139,4,12,43,56,74,95,54,60,83,132
[ 73] Received message from  89: 1|0,20,42,69,98,119,1,29,93,102,118,2,8,13,81,88,128,129,19,71,11,35,41,70,84,144,30,54,56,62,74,83,4,12,34,43,36,60,95,112,121,132,24,37,114,33,50,89,90,73,100,127,141
[ 60] Sent Broadcast: 1|0,20,42,69,98,119,1,29,93,102,118,2,8,13,81,88,128,129,19,71,11,35,41,70,84,144,30,54,56,62,74,83,4,12,34,43,36,60,95,112,121,132,24,37,114
[ 92] Received message from  64: 1|0,20,42,69,98,119,1,3,22,46,65,87,94,105,23,61,64,116,122,133,21,26,52,66,92,142
[ 53] Received message from  78: 1|0,20,42,69,98,119,1,29,93,102,118,2,8,13,81,88,128,129,19,71,11,35,41,70,84,144,30,54,56,62,74,83,58,17,31,78,79,113,52,53,66,92,142
[121] Received message from 139: 1|20,42,69,98,119,1,29,93,102,118,2,8,13,81,88,128,129,19,71,30,51,67,70,55,125,36,76,112,139,49,108,114,121,140
[ 43] Received message from  95: 1|20,42,69,98,119,1,29,93,102,118,2,8,13,81,88,128,129,19,71,30,51,67,70,36,55,56,74,95,112,4,12,43,60,114,121,140
[ 43] Received message from  74: 1|0,20,42,69,98,119,1,29,93,102,118,2,8,13,81,88,128,129,19,71,11,35,41,70,84,144,30,54,56,62,74,83,4,12,36,43,67,112
[ 68] Received message from 130: 1|0,20,42,69,98,119,1,29,93,102,118,2,8,13,81,88,128,129,25,7,59,99,104,115,15,72,101,103,146,28,77,123,131,134,38,48,125,130,136,45,49,63,68,76,96,135,138,143,150
[ 63] Received message from 138: 1|0,20,42,69,98,119,1,29,93,102,118,2,8,13,81,88,128,129,25,7,59,99,104,115,15,72,101,103,146,28,77,123,131,134,27,91,96,136,138,149,32,38,45,63,97,130,150
[114] Received message from 121: 1|0,20,42,69,98,119,1,29,93,102,118,2,8,13,81,88,128,129,19,71,11,35,41,70,84,144,30,54,56,62,74,83,4,12,34,43,36,60,95,112,121,132,114,139,140
[108] Received message from  76: 1|20,42,69,98,119,1,29,93,102,118,2,8,13,81,88,128,129,19,71,30,51,67,70,55,125,36,76,112,139,38,48,49,68,108,130,135,143
[ 79] Received message from  34: 1|0,20,42,69,98,119,1,29,93,102,118,2,8,13,81,88,128,129,19,71,11,35,41,70,84,144,30,54,56,62,74,83,4,12,34,43,9,33,50,73,79,85,89,113,127,132,141
[ 74] Received message from 112: 1|20,42,69,98,119,1,29,93,102,118,2,8,13,81,88,128,129,19,71,30,51,67,70,55,125,36,76,112,139,4,43,56,74,95
[109] Received message from  97: 1|0,20,42,69,98,119,1,29,93,102,118,2,8,13,81,88,128,129,25,7,59,99,104,115,15,72,101,103,146,28,77,123,131,134,38,48,125,130,136,45,49,63,68,76,97,135,138,143,150,32,109
[112] Received message from  56: 1|0,20,42,69,98,119,1,29,93,102,118,2,8,13,81,88,128,129,19,71,11,35,41,70,84,144,30,54,56,62,74,83,12,36,43,67,112
[ 64] Received message from 105: 1|0,20,42,69,98,119,1,3,22,46,65,87,94,105,21,26,64,122,133
[ 24] Received message from 132: 1|20,42,69,98,119,1,29,93,102,118,2,8,13,81,88,128,129,19,71,30,51,67,70,55,125,36,76,112,139,4,12,43,56,74,95,54,60,83,132,24,33,34,37,50,73,89,90,127
[132] Received message from  12: 1|0,20,42,69,98,119,1,29,93,102,118,2,8,13,81,88,128,129,19,71,11,35,41,70,84,144,30,54,56,62,74,83,12,36,43,67,112,4,34,60,95,132
[144] Sent Broadcast: 1|0,20,42,69,98,119,1,29,93,102,118,2,8,88,129,41,71,81,128,144,11,35,62,66,84
[ 64] Received message from  66: 1|0,20,42,69,98,119,1,29,93,102,118,2,8,88,129,41,71,81,128,144,11,35,62,66,84,21,26,52,64,78,92,122
[132] Received message from   4: 1|0,20,42,69,98,119,1,29,93,102,118,2,8,13,81,88,128,129,19,71,11,35,41,70,84,144,30,54,56,62,74,83,4,12,34,43,36,60,95,112,121,132
[  6] Received message from  73: 1|0,20,42,69,98,119,1,29,93,102,118,2,8,13,81,88,128,129,19,71,11,35,41,70,84,144,30,54,56,62,74,83,4,12,34,43,9,33,50,73,79,85,89,113,127,132,141,6,57,90,100
[ 52] Received message from 122: 1|0,20,42,69,98,119,1,3,22,46,65,87,94,105,10,23,61,116,133,107,122,21,26,52,64,66,92,142
[ 95] Received message from  30: 1|0,20,42,69,98,119,1,29,93,102,118,2,8,13,81,88,128,129,19,71,30,51,67,70,11,35,36,55,56,74,84,95,112
[ 89] Received message from  37: 1|0,20,42,69,98,119,1,29,93,102,118,2,8,13,81,88,128,129,19,71,11,35,41,70,84,144,30,54,56,62,74,83,4,12,34,43,36,60,95,112,121,132,24,37,114,33,50,89,90,127
[150] Received message from 136: 1|0,20,42,69,98,119,1,29,93,102,118,2,8,13,81,88,128,129,25,7,59,99,104,115,15,72,101,103,146,28,77,123,131,134,27,91,96,136,138,149,32,38,63,130,150
[145] Received message from  52: 1|0,20,42,69,98,119,1,3,22,46,65,87,94,105,23,61,64,116,122,133,21,26,52,66,92,142,53,78,145
[ 57] Received message from 100: 1|0,20,42,69,98,119,1,29,93,102,118,2,8,13,81,88,128,129,19,71,11,35,41,70,84,144,30,54,56,62,74,83,4,12,34,43,9,33,50,73,79,85,89,113,127,132,141,24,37,90,100,6,57
[113] Received message from  58: 1|0,20,42,69,98,119,1,29,93,102,118,2,8,13,81,88,128,129,19,71,11,35,41,70,84,144,30,54,56,62,74,83,58,17,31,78,79,113
[ 34] Received message from  83: 1|0,20,42,69,98,119,1,29,93,102,118,2,8,13,81,88,128,129,19,71,11,35,41,70,84,144,30,54,56,62,74,83,4,12,34,43
[126] Received message from 135: 1|0,20,42,69,98,119,1,29,93,102,118,2,8,13,81,88,128,129,25,7,59,99,104,115,15,72,101,103,146,28,77,123,131,134,38,48,125,130,136,49,68,76,108,135,143,45,126
[130] Received message from  63: 1|0,20,42,69,98,119,1,29,93,102,118,2,8,13,81,88,128,129,25,7,59,99,104,115,15,72,101,103,146,28,77,123,131,134,27,91,96,136,138,149,32,63,150,38,45,68,97,130,143
[138] Received message from  38: 1|0,20,42,69,98,119,1,29,93,102,118,2,8,13,81,88,128,129,25,7,59,99,104,115,15,72,101,103,146,28,77,123,131,134,38,48,125,130,136,45,49,63,68,76,97,135,138,143,150
[ 53] Received message from  92: 1|0,20,42,69,98,119,1,3,22,46,65,87,94,105,23,61,64,116,122,133,21,26,52,66,92,142,53,78,145
[ 48] Sent Broadcast: 1|0,20,42,69,98,119,1,29,93,102,118,2,8,13,81,88,128,129,25,7,59,99,104,115,15,72,101,103,146,28,77,123,131,134,38,48,125,130,136,49,68,76,108,135,143
[ 85] Received message from  31: 1|0,20,42,69,98,119,1,29,93,102,118,2,8,13,81,88,128,129,19,71,11,35,41,70,84,144,30,54,56,62,74,83,58,17,31,78,79,113,6,9,57,85
[ 43] Sent Broadcast: 1|20,42,69,98,119,1,29,93,102,118,2,8,13,81,88,128,129,19,71,30,51,67,70,55,125,36,76,112,139,4,12,43,56,74,95,54,60,83,132
[126] Received message from  68: 1|0,20,42,69,98,119,1,29,93,102,118,2,8,13,81,88,128,129,25,7,59,99,104,115,15,72,101,103,146,28,77,123,131,134,38,48,125,130,136,49,68,76,108,135,143,45,63,97,109,126,150
[ 74] Received message from  70: 1|0,20,42,69,98,119,1,29,93,102,118,2,8,13,81,88,128,129,19,70,71,11,30,35,36,56,67,74,84,112
[ 90] Received message from  24: 1|0,20,42,69,98,119,1,29,93,102,118,2,8,13,81,88,128,129,19,71,11,35,41,70,84,144,30,54,56,62,74,83,4,12,34,43,36,60,95,112,121,132,24,37,114,33,50,89,90
[  6] Received message from  79: 1|0,20,42,69,98,119,1,29,93,102,118,2,8,13,81,88,128,129,19,71,11,35,41,70,84,144,30,54,56,62,74,83,58,17,31,78,79,113,6,9,34,57,85,141
[135] Received message from 125: 1|0,20,42,69,98,119,1,29,93,102,118,2,8,13,81,88,128,129,19,71,30,51,67,70,55,125,28,38,48,76,130,135
[ 95] Received message from 112: 1|20,42,69,98,119,1,29,93,102,118,2,8,13,81,88,128,129,19,71,30,51,67,70,55,125,36,76,112,139,4,43,56,74,95
[ 41] Received message from  84: 1|0,20,42,69,98,119,1,29,93,102,118,2,8,13,81,88,128,129,19,70,71,84,144,11,30,35,41,54,56,62,74,83
[149] Received message from 146: 1|0,20,42,69,98,119,1,29,93,102,118,2,8,13,81,88,128,129,25,7,59,99,104,115,72,101,103,146,15,27,77,131,134,149
[ 31] Sent Broadcast: 1|0,20,42,69,98,119,1,29,93,102,118,2,8,13,81,88,128,129,19,71,11,35,41,70,84,144,30,54,56,62,74,83,58,17,31,78,79,113,6,9,57,85
[ 56] Sent Broadcast: 1|0,20,42,69,98,119,1,29,93,102,118,2,8,13,81,88,128,129,19,71,11,35,41,70,84,144,30,54,56,62,74,83,12,36,43,67,112
[ 97] Sent Broadcast: 1|0,20,42,69,98,119,1,29,93,102,118,2,8,13,81,88,128,129,25,7,59,99,104,115,15,72,101,103,146,28,77,123,131,134,38,48,125,130,136,45,49,63,68,76,97,135,138,143,150,32,109
[ 45] Received message from 143: 1|0,20,42,69,98,119,1,29,93,102,118,2,8,13,81,88,128,129,25,7,59,99,104,115,15,72,101,103,146,28,77,123,131,134,38,48,125,130,136,49,68,76,108,135,143,45,63,97,109,126
[140] Sent Broadcast: 1|0,20,42,69,98,119,1,29,93,102,118,2,8,13,81,88,128,129,25,7,59,99,104,115,15,72,101,103,146,28,77,123,131,134,38,48,125,130,136,45,49,63,68,76,97,135,138,143,150,32,109,126,108,139,140,95,114,121
[122] Received message from 105: 1|0,20,42,69,98,119,1,3,22,46,65,87,94,105,21,26,64,122,133
[ 90] Received message from  50: 1|0,20,42,69,98,119,1,29,93,102,118,2,8,13,81,88,128,129,19,71,11,35,41,70,84,144,30,54,56,62,74,83,4,12,34,43,9,33,50,73,79,85,89,113,127,132,141,24,37,90,100
[ 33] Received message from 132: 1|20,42,69,98,119,1,29,93,102,118,2,8,13,81,88,128,129,19,71,30,51,67,70,55,125,36,76,112,139,4,12,43,56,74,95,54,60,83,132,24,33,34,37,50,73,89,90,127
[130] Received message from  76: 1|20,42,69,98,119,1,29,93,102,118,2,8,13,81,88,128,129,19,71,30,51,67,70,55,125,36,76,112,139,38,48,49,68,108,130,135,143
[ 60] Received message from  95: 1|20,42,69,98,119,1,29,93,102,118,2,8,13,81,88,128,129,19,71,30,51,67,70,36,55,56,74,95,112,4,12,43,60,114,121,140
[ 90] Received message from  37: 1|0,20,42,69,98,119,1,29,93,102,118,2,8,13,81,88,128,129,19,71,11,35,41,70,84,144,30,54,56,62,74,83,4,12,34,43,36,60,95,112,121,132,24,37,114,33,50,89,90,127
[ 97] Received message from 150: 1|0,20,42,69,98,119,1,29,93,102,118,2,8,13,81,88,128,129,25,7,59,99,104,115,15,72,101,103,146,28,77,123,131,134,27,91,96,136,138,149,32,63,150,38,45,68,97,130
[142] Received message from  64: 1|0,20,42,69,98,119,1,3,22,46,65,87,94,105,23,61,64,116,122,133,21,26,52,66,92,142
[ 64] Received message from 122: 1|0,20,42,69,98,119,1,3,22,46,65,87,94,105,10,23,61,116,133,107,122,21,26,52,64,66,92,142
[ 85] Received message from  34: 1|0,20,42,69,98,119,1,29,93,102,118,2,8,13,81,88,128,129,19,71,11,35,41,70,84,144,30,54,56,62,74,83,4,12,34,43,9,33,50,73,79,85,89,113,127,132,141
[ 66] Received message from  78: 1|0,20,42,69,98,119,1,29,93,102,118,2,8,13,81,88,128,129,19,71,11,35,41,70,84,144,30,54,56,62,74,83,58,17,31,78,79,113,52,53,66,92,142
[139] Received message from 121: 1|0,20,42,69,98,119,1,29,93,102,118,2,8,13,81,88,128,129,19,71,11,35,41,70,84,144,30,54,56,62,74,83,4,12,34,43,36,60,95,112,121,132,114,139,140
[  6] Received message from 113: 1|0,20,42,69,98,119,1,29,93,102,118,2,8,13,81,88,128,129,19,71,11,35,41,70,84,144,30,54,56,62,74,83,58,17,31,78,79,113,6,9,34,57,85,141
[100] Received message from  89: 1|0,20,42,69,98,119,1,29,93,102,118,2,8,13,81,88,128,129,19,71,11,35,41,70,84,144,30,54,56,62,74,83,4,12,34,43,36,60,95,112,121,132,24,37,114,33,50,89,90,73,100,127,141
[ 34] Received message from  85: 1|0,20,42,69,98,119,1,29,93,102,118,2,8,13,81,88,128,129,19,71,11,35,41,70,84,144,30,54,56,62,74,83,58,17,31,78,79,113,6,9,57,85,34,73,100,141
[140] Received message from 139: 1|20,42,69,98,119,1,29,93,102,118,2,8,13,81,88,128,129,19,71,30,51,67,70,55,125,36,76,112,139,49,108,114,121,140
[136] Sent Broadcast: 1|0,20,42,69,98,119,1,29,93,102,118,2,8,13,81,88,128,129,25,7,59,99,104,115,15,72,101,103,146,28,77,123,131,134,27,91,96,136,138,149,32,38,63,130,150
[ 52] Sent Broadcast: 1|0,20,42,69,98,119,1,3,22,46,65,87,94,105,23,61,64,116,122,133,21,26,52,66,92,142,53,78,145
[100] Sent Broadcast: 1|0,20,42,69,98,119,1,29,93,102,118,2,8,13,81,88,128,129,19,71,11,35,41,70,84,144,30,54,56,62,74,83,4,12,34,43,9,33,50,73,79,85,89,113,127,132,141,24,37,90,100,6,57
[ 67] Received message from  74: 1|0,20,42,69,98,119,1,29,93,102,118,2,8,13,81,88,128,129,19,71,11,35,41,70,84,144,30,54,56,62,74,83,4,12,36,43,67,112
[  9] Received message from  79: 1|0,20,42,69,98,119,1,29,93,102,118,2,8,13,81,88,128,129,19,71,11,35,41,70,84,144,30,54,56,62,74,83,58,17,31,78,79,113,6,9,34,57,85,141
[ 58] Sent Broadcast: 1|0,20,42,69,98,119,1,29,93,102,118,2,8,13,81,88,128,129,19,71,11,35,41,70,84,144,30,54,56,62,74,83,58,17,31,78,79,113
[ 97] Received message from 138: 1|0,20,42,69,98,119,1,29,93,102,118,2,8,13,81,88,128,129,25,7,59,99,104,115,15,72,101,103,146,28,77,123,131,134,27,91,96,136,138,149,32,38,45,63,97,130,150
[ 57] Received message from  73: 1|0,20,42,69,98,119,1,29,93,102,118,2,8,13,81,88,128,129,19,71,11,35,41,70,84,144,30,54,56,62,74,83,4,12,34,43,9,33,50,73,79,85,89,113,127,132,141,6,57,90,100
[135] Sent Broadcast: 1|0,20,42,69,98,119,1,29,93,102,118,2,8,13,81,88,128,129,25,7,59,99,104,115,15,72,101,103,146,28,77,123,131,134,38,48,125,130,136,49,68,76,108,135,143,45,126
[ 12] Sent Broadcast: 1|0,20,42,69,98,119,1,29,93,102,118,2,8,13,81,88,128,129,19,71,11,35,41,70,84,144,30,54,56,62,74,83,12,36,43,67,112,4,34,60,95,132
[ 24] Sent Broadcast: 1|0,20,42,69,98,119,1,29,93,102,118,2,8,13,81,88,128,129,19,71,11,35,41,70,84,144,30,54,56,62,74,83,4,12,34,43,36,60,95,112,121,132,24,37,114,33,50,89,90
[125] Sent Broadcast: 1|0,20,42,69,98,119,1,29,93,102,118,2,8,13,81,88,128,129,19,71,30,51,67,70,55,125,28,38,48,76,130,135
[146] Sent Broadcast: 1|0,20,42,69,98,119,1,29,93,102,118,2,8,13,81,88,128,129,25,7,59,99,104,115,72,101,103,146,15,27,77,131,134,149
[ 64] Sent Broadcast: 1|0,20,42,69,98,119,1,3,22,46,65,87,94,105,23,61,64,116,122,133,21,26,52,66,92,142
[ 43] Received message from  83: 1|0,20,42,69,98,119,1,29,93,102,118,2,8,13,81,88,128,129,19,71,11,35,41,70,84,144,30,54,56,62,74,83,4,12,34,43
[ 53] Received message from 142: 1|0,20,42,69,98,119,1,3,22,46,65,87,94,105,23,61,64,116,122,133,21,26,52,66,92,142,53,78,145
[112] Received message from  74: 1|0,20,42,69,98,119,1,29,93,102,118,2,8,13,81,88,128,129,19,71,11,35,41,70,84,144,30,54,56,62,74,83,4,12,36,43,67,112
[112] Received message from  30: 1|0,20,42,69,98,119,1,29,93,102,118,2,8,13,81,88,128,129,19,71,30,51,67,70,11,35,36,55,56,74,84,95,112
[ 83] Sent Broadcast: 1|0,20,42,69,98,119,1,29,93,102,118,2,8,13,81,88,128,129,19,71,11,35,41,70,84,144,30,54,56,62,74,83,4,12,34,43
[139] Sent Broadcast: 1|20,42,69,98,119,1,29,93,102,118,2,8,13,81,88,128,129,19,71,30,51,67,70,55,125,36,76,112,139,49,108,114,121,140
[127] Received message from  89: 1|0,20,42,69,98,119,1,29,93,102,118,2,8,13,81,88,128,129,19,71,11,35,41,70,84,144,30,54,56,62,74,83,4,12,34,43,36,60,95,112,121,132,24,37,114,33,50,89,90,73,100,127,141
[ 92] Received message from  78: 1|0,20,42,69,98,119,1,29,93,102,118,2,8,13,81,88,128,129,19,71,11,35,41,70,84,144,30,54,56,62,74,83,58,17,31,78,79,113,52,53,66,92,142
[ 63] Received message from 143: 1|0,20,42,69,98,119,1,29,93,102,118,2,8,13,81,88,128,129,25,7,59,99,104,115,15,72,101,103,146,28,77,123,131,134,38,48,125,130,136,49,68,76,108,135,143,45,63,97,109,126
[ 84] Received message from  70: 1|0,20,42,69,98,119,1,29,93,102,118,2,8,13,81,88,128,129,19,70,71,11,30,35,36,56,67,74,84,112
[  9] Received message from 113: 1|0,20,42,69,98,119,1,29,93,102,118,2,8,13,81,88,128,129,19,71,11,35,41,70,84,144,30,54,56,62,74,83,58,17,31,78,79,113,6,9,34,57,85,141
[ 73] Received message from  85: 1|0,20,42,69,98,119,1,29,93,102,118,2,8,13,81,88,128,129,19,71,11,35,41,70,84,144,30,54,56,62,74,83,58,17,31,78,79,113,6,9,57,85,34,73,100,141
[140] Received message from 121: 1|0,20,42,69,98,119,1,29,93,102,118,2,8,13,81,88,128,129,19,71,11,35,41,70,84,144,30,54,56,62,74,83,4,12,34,43,36,60,95,112,121,132,114,139,140
[127] Received message from  37: 1|0,20,42,69,98,119,1,29,93,102,118,2,8,13,81,88,128,129,19,71,11,35,41,70,84,144,30,54,56,62,74,83,4,12,34,43,36,60,95,112,121,132,24,37,114,33,50,89,90,127
[100] Received message from  50: 1|0,20,42,69,98,119,1,29,93,102,118,2,8,13,81,88,128,129,19,71,11,35,41,70,84,144,30,54,56,62,74,83,4,12,34,43,9,33,50,73,79,85,89,113,127,132,141,24,37,90,100
[150] Received message from  68: 1|0,20,42,69,98,119,1,29,93,102,118,2,8,13,81,88,128,129,25,7,59,99,104,115,15,72,101,103,146,28,77,123,131,134,38,48,125,130,136,49,68,76,108,135,143,45,63,97,109,126,150
[ 89] Received message from  34: 1|0,20,42,69,98,119,1,29,93,102,118,2,8,13,81,88,128,129,19,71,11,35,41,70,84,144,30,54,56,62,74,83,4,12,34,43,9,33,50,73,79,85,89,113,127,132,141
[130] Received message from 138: 1|0,20,42,69,98,119,1,29,93,102,118,2,8,13,81,88,128,129,25,7,59,99,104,115,15,72,101,103,146,28,77,123,131,134,27,91,96,136,138,149,32,38,45,63,97,130,150
[ 78] Received message from  92: 1|0,20,42,69,98,119,1,3,22,46,65,87,94,105,23,61,64,116,122,133,21,26,52,66,92,142,53,78,145
[ 66] Received message from 122: 1|0,20,42,69,98,119,1,3,22,46,65,87,94,105,10,23,61,116,133,107,122,21,26,52,64,66,92,142
[ 54] Received message from  84: 1|0,20,42,69,98,119,1,29,93,102,118,2,8,13,81,88,128,129,19,70,71,84,144,11,30,35,41,54,56,62,74,83
[ 78] Received message from  66: 1|0,20,42,69,98,119,1,29,93,102,118,2,8,88,129,41,71,81,128,144,11,35,62,66,84,21,26,52,64,78,92,122
[ 76] Received message from 130: 1|0,20,42,69,98,119,1,29,93,102,118,2,8,13,81,88,128,129,25,7,59,99,104,115,15,72,101,103,146,28,77,123,131,134,38,48,125,130,136,45,49,63,68,76,96,135,138,143,150
[135] Received message from  76: 1|20,42,69,98,119,1,29,93,102,118,2,8,13,81,88,128,129,19,71,30,51,67,70,55,125,36,76,112,139,38,48,49,68,108,130,135,143
[143] Received message from  63: 1|0,20,42,69,98,119,1,29,93,102,118,2,8,13,81,88,128,129,25,7,59,99,104,115,15,72,101,103,146,28,77,123,131,134,27,91,96,136,138,149,32,63,150,38,45,68,97,130,143
[ 34] Received message from  79: 1|0,20,42,69,98,119,1,29,93,102,118,2,8,13,81,88,128,129,19,71,11,35,41,70,84,144,30,54,56,62,74,83,58,17,31,78,79,113,6,9,34,57,85,141
[130] Received message from 150: 1|0,20,42,69,98,119,1,29,93,102,118,2,8,13,81,88,128,129,25,7,59,99,104,115,15,72,101,103,146,28,77,123,131,134,27,91,96,136,138,149,32,63,150,38,45,68,97,130
[143] Received message from  38: 1|0,20,42,69,98,119,1,29,93,102,118,2,8,13,81,88,128,129,25,7,59,99,104,115,15,72,101,103,146,28,77,123,131,134,38,48,125,130,136,45,49,63,68,76,97,135,138,143,150
[ 34] Received message from 132: 1|20,42,69,98,119,1,29,93,102,118,2,8,13,81,88,128,129,19,71,30,51,67,70,55,125,36,76,112,139,4,12,43,56,74,95,54,60,83,132,24,33,34,37,50,73,89,90,127
[  4] Sent Broadcast: 1|0,20,42,69,98,119,1,29,93,102,118,2,8,13,81,88,128,129,19,71,11,35,41,70,84,144,30,54,56,62,74,83,4,12,34,43,36,60,95,112,121,132
[133] Received message from 105: 1|0,20,42,69,98,119,1,3,22,46,65,87,94,105,21,26,64,122,133
[ 37] Sent Broadcast: 1|0,20,42,69,98,119,1,29,93,102,118,2,8,13,81,88,128,129,19,71,11,35,41,70,84,144,30,54,56,62,74,83,4,12,34,43,36,60,95,112,121,132,24,37,114,33,50,89,90,127
[112] Sent Broadcast: 1|20,42,69,98,119,1,29,93,102,118,2,8,13,81,88,128,129,19,71,30,51,67,70,55,125,36,76,112,139,4,43,56,74,95
[ 50] Sent Broadcast: 1|0,20,42,69,98,119,1,29,93,102,118,2,8,13,81,88,128,129,19,71,11,35,41,70,84,144,30,54,56,62,74,83,4,12,34,43,9,33,50,73,79,85,89,113,127,132,141,24,37,90,100
[ 74] Sent Broadcast: 1|0,20,42,69,98,119,1,29,93,102,118,2,8,13,81,88,128,129,19,71,11,35,41,70,84,144,30,54,56,62,74,83,4,12,36,43,67,112
[114] Received message from  95: 1|20,42,69,98,119,1,29,93,102,118,2,8,13,81,88,128,129,19,71,30,51,67,70,36,55,56,74,95,112,4,12,43,60,114,121,140
[121] Sent Broadcast: 1|0,20,42,69,98,119,1,29,93,102,118,2,8,13,81,88,128,129,19,71,11,35,41,70,84,144,30,54,56,62,74,83,4,12,34,43,36,60,95,112,121,132,114,139,140
[ 30] Sent Broadcast: 1|0,20,42,69,98,119,1,29,93,102,118,2,8,13,81,88,128,129,19,71,30,51,67,70,11,35,36,55,56,74,84,95,112
[ 68] Sent Broadcast: 1|0,20,42,69,98,119,1,29,93,102,118,2,8,13,81,88,128,129,25,7,59,99,104,115,15,72,101,103,146,28,77,123,131,134,38,48,125,130,136,49,68,76,108,135,143,45,63,97,109,126,150
[ 97] Received message from 143: 1|0,20,42,69,98,119,1,29,93,102,118,2,8,13,81,88,128,129,25,7,59,99,104,115,15,72,101,103,146,28,77,123,131,134,38,48,125,130,136,49,68,76,108,135,143,45,63,97,109,126
[150] Sent Broadcast: 1|0,20,42,69,98,119,1,29,93,102,118,2,8,13,81,88,128,129,25,7,59,99,104,115,15,72,101,103,146,28,77,123,131,134,27,91,96,136,138,149,32,63,150,38,45,68,97,130
[ 90] Received message from  73: 1|0,20,42,69,98,119,1,29,93,102,118,2,8,13,81,88,128,129,19,71,11,35,41,70,84,144,30,54,56,62,74,83,4,12,34,43,9,33,50,73,79,85,89,113,127,132,141,6,57,90,100
[142] Received message from  78: 1|0,20,42,69,98,119,1,29,93,102,118,2,8,13,81,88,128,129,19,71,11,35,41,70,84,144,30,54,56,62,74,83,58,17,31,78,79,113,52,53,66,92,142
[150] Received message from 138: 1|0,20,42,69,98,119,1,29,93,102,118,2,8,13,81,88,128,129,25,7,59,99,104,115,15,72,101,103,146,28,77,123,131,134,27,91,96,136,138,149,32,38,45,63,97,130,150
[ 56] Received message from  84: 1|0,20,42,69,98,119,1,29,93,102,118,2,8,13,81,88,128,129,19,70,71,84,144,11,30,35,41,54,56,62,74,83
[145] Received message from  92: 1|0,20,42,69,98,119,1,3,22,46,65,87,94,105,23,61,64,116,122,133,21,26,52,66,92,142,53,78,145
[ 34] Received message from 113: 1|0,20,42,69,98,119,1,29,93,102,118,2,8,13,81,88,128,129,19,71,11,35,41,70,84,144,30,54,56,62,74,83,58,17,31,78,79,113,6,9,34,57,85,141
[113] Received message from  34: 1|0,20,42,69,98,119,1,29,93,102,118,2,8,13,81,88,128,129,19,71,11,35,41,70,84,144,30,54,56,62,74,83,4,12,34,43,9,33,50,73,79,85,89,113,127,132,141
[ 78] Received message from 142: 1|0,20,42,69,98,119,1,3,22,46,65,87,94,105,23,61,64,116,122,133,21,26,52,66,92,142,53,78,145
[100] Received message from  85: 1|0,20,42,69,98,119,1,29,93,102,118,2,8,13,81,88,128,129,19,71,11,35,41,70,84,144,30,54,56,62,74,83,58,17,31,78,79,113,6,9,57,85,34,73,100,141
[105] Sent Broadcast: 1|0,20,42,69,98,119,1,3,22,46,65,87,94,105,21,26,64,122,133
[ 63] Sent Broadcast: 1|0,20,42,69,98,119,1,29,93,102,118,2,8,13,81,88,128,129,25,7,59,99,104,115,15,72,101,103,146,28,77,123,131,134,27,91,96,136,138,149,32,63,150,38,45,68,97,130,143
[112] Received message from  70: 1|0,20,42,69,98,119,1,29,93,102,118,2,8,13,81,88,128,129,19,70,71,11,30,35,36,56,67,74,84,112
[ 92] Received message from 122: 1|0,20,42,69,98,119,1,3,22,46,65,87,94,105,10,23,61,116,133,107,122,21,26,52,64,66,92,142
[138] Sent Broadcast: 1|0,20,42,69,98,119,1,29,93,102,118,2,8,13,81,88,128,129,25,7,59,99,104,115,15,72,101,103,146,28,77,123,131,134,27,91,96,136,138,149,32,38,45,63,97,130,150
[ 78] Sent Broadcast: 1|0,20,42,69,98,119,1,29,93,102,118,2,8,13,81,88,128,129,19,71,11,35,41,70,84,144,30,54,56,62,74,83,58,17,31,78,79,113,52,53,66,92,142
[141] Received message from  89: 1|0,20,42,69,98,119,1,29,93,102,118,2,8,13,81,88,128,129,19,71,11,35,41,70,84,144,30,54,56,62,74,83,4,12,34,43,36,60,95,112,121,132,24,37,114,33,50,89,90,73,100,127,141
[145] Received message from 142: 1|0,20,42,69,98,119,1,3,22,46,65,87,94,105,23,61,64,116,122,133,21,26,52,66,92,142,53,78,145
[121] Received message from  95: 1|20,42,69,98,119,1,29,93,102,118,2,8,13,81,88,128,129,19,71,30,51,67,70,36,55,56,74,95,112,4,12,43,60,114,121,140
[ 96] Received message from 130: 1|0,20,42,69,98,119,1,29,93,102,118,2,8,13,81,88,128,129,25,7,59,99,104,115,15,72,101,103,146,28,77,123,131,134,38,48,125,130,136,45,49,63,68,76,96,135,138,143,150
[143] Received message from  76: 1|20,42,69,98,119,1,29,93,102,118,2,8,13,81,88,128,129,19,71,30,51,67,70,55,125,36,76,112,139,38,48,49,68,108,130,135,143
[ 92] Sent Broadcast: 1|0,20,42,69,98,119,1,3,22,46,65,87,94,105,23,61,64,116,122,133,21,26,52,66,92,142,53,78,145
[142] Sent Broadcast: 1|0,20,42,69,98,119,1,3,22,46,65,87,94,105,23,61,64,116,122,133,21,26,52,66,92,142,53,78,145
[ 70] Sent Broadcast: 1|0,20,42,69,98,119,1,29,93,102,118,2,8,13,81,88,128,129,19,70,71,11,30,35,36,56,67,74,84,112
[ 89] Sent Broadcast: 1|0,20,42,69,98,119,1,29,93,102,118,2,8,13,81,88,128,129,19,71,11,35,41,70,84,144,30,54,56,62,74,83,4,12,34,43,36,60,95,112,121,132,24,37,114,33,50,89,90,73,100,127,141
[ 57] Received message from  79: 1|0,20,42,69,98,119,1,29,93,102,118,2,8,13,81,88,128,129,19,71,11,35,41,70,84,144,30,54,56,62,74,83,58,17,31,78,79,113,6,9,34,57,85,141
[127] Received message from  34: 1|0,20,42,69,98,119,1,29,93,102,118,2,8,13,81,88,128,129,19,71,11,35,41,70,84,144,30,54,56,62,74,83,4,12,34,43,9,33,50,73,79,85,89,113,127,132,141
[142] Received message from 122: 1|0,20,42,69,98,119,1,3,22,46,65,87,94,105,10,23,61,116,133,107,122,21,26,52,64,66,92,142
[150] Received message from  38: 1|0,20,42,69,98,119,1,29,93,102,118,2,8,13,81,88,128,129,25,7,59,99,104,115,15,72,101,103,146,28,77,123,131,134,38,48,125,130,136,45,49,63,68,76,97,135,138,143,150
[ 76] Sent Broadcast: 1|20,42,69,98,119,1,29,93,102,118,2,8,13,81,88,128,129,19,71,30,51,67,70,55,125,36,76,112,139,38,48,49,68,108,130,135,143
[ 92] Received message from  66: 1|0,20,42,69,98,119,1,29,93,102,118,2,8,88,129,41,71,81,128,144,11,35,62,66,84,21,26,52,64,78,92,122
[  6] Received message from 141: 1|0,20,42,69,98,119,1,29,93,102,118,2,8,13,81,88,128,129,19,71,11,35,41,70,84,144,30,54,56,62,74,83,4,12,34,43,36,60,95,112,121,132,24,37,114,33,50,89,90,73,100,127,141,6,9,57,79,85,113
[140] Received message from  95: 1|20,42,69,98,119,1,29,93,102,118,2,8,13,81,88,128,129,19,71,30,51,67,70,36,55,56,74,95,112,4,12,43,60,114,121,140
[135] Received message from 130: 1|0,20,42,69,98,119,1,29,93,102,118,2,8,13,81,88,128,129,25,7,59,99,104,115,15,72,101,103,146,28,77,123,131,134,38,48,125,130,136,45,49,63,68,76,96,135,138,143,150
[ 57] Received message from 113: 1|0,20,42,69,98,119,1,29,93,102,118,2,8,13,81,88,128,129,19,71,11,35,41,70,84,144,30,54,56,62,74,83,58,17,31,78,79,113,6,9,34,57,85,141
[100] Received message from  73: 1|0,20,42,69,98,119,1,29,93,102,118,2,8,13,81,88,128,129,19,71,11,35,41,70,84,144,30,54,56,62,74,83,4,12,34,43,9,33,50,73,79,85,89,113,127,132,141,6,57,90,100
[109] Received message from 143: 1|0,20,42,69,98,119,1,29,93,102,118,2,8,13,81,88,128,129,25,7,59,99,104,115,15,72,101,103,146,28,77,123,131,134,38,48,125,130,136,49,68,76,108,135,143,45,63,97,109,126
[ 38] Sent Broadcast: 1|0,20,42,69,98,119,1,29,93,102,118,2,8,13,81,88,128,129,25,7,59,99,104,115,15,72,101,103,146,28,77,123,131,134,38,48,125,130,136,45,49,63,68,76,97,135,138,143,150
[122] Sent Broadcast: 1|0,20,42,69,98,119,1,3,22,46,65,87,94,105,10,23,61,116,133,107,122,21,26,52,64,66,92,142
[ 85] Received message from  79: 1|0,20,42,69,98,119,1,29,93,102,118,2,8,13,81,88,128,129,19,71,11,35,41,70,84,144,30,54,56,62,74,83,58,17,31,78,79,113,6,9,34,57,85,141
[ 62] Received message from  84: 1|0,20,42,69,98,119,1,29,93,102,118,2,8,13,81,88,128,129,19,70,71,84,144,11,30,35,41,54,56,62,74,83
[ 95] Sent Broadcast: 1|20,42,69,98,119,1,29,93,102,118,2,8,13,81,88,128,129,19,71,30,51,67,70,36,55,56,74,95,112,4,12,43,60,114,121,140
[ 73] Sent Broadcast: 1|0,20,42,69,98,119,1,29,93,102,118,2,8,13,81,88,128,129,19,71,11,35,41,70,84,144,30,54,56,62,74,83,4,12,34,43,9,33,50,73,79,85,89,113,127,132,141,6,57,90,100
[ 37] Received message from 132: 1|20,42,69,98,119,1,29,93,102,118,2,8,13,81,88,128,129,19,71,30,51,67,70,55,125,36,76,112,139,4,12,43,56,74,95,54,60,83,132,24,33,34,37,50,73,89,90,127
[126] Received message from 143: 1|0,20,42,69,98,119,1,29,93,102,118,2,8,13,81,88,128,129,25,7,59,99,104,115,15,72,101,103,146,28,77,123,131,134,38,48,125,130,136,49,68,76,108,135,143,45,63,97,109,126
[141] Received message from  85: 1|0,20,42,69,98,119,1,29,93,102,118,2,8,13,81,88,128,129,19,71,11,35,41,70,84,144,30,54,56,62,74,83,58,17,31,78,79,113,6,9,57,85,34,73,100,141
[  9] Received message from 141: 1|0,20,42,69,98,119,1,29,93,102,118,2,8,13,81,88,128,129,19,71,11,35,41,70,84,144,30,54,56,62,74,83,4,12,34,43,36,60,95,112,121,132,24,37,114,33,50,89,90,73,100,127,141,6,9,57,79,85,113
[141] Received message from  79: 1|0,20,42,69,98,119,1,29,93,102,118,2,8,13,81,88,128,129,19,71,11,35,41,70,84,144,30,54,56,62,74,83,58,17,31,78,79,113,6,9,34,57,85,141
[138] Received message from 130: 1|0,20,42,69,98,119,1,29,93,102,118,2,8,13,81,88,128,129,25,7,59,99,104,115,15,72,101,103,146,28,77,123,131,134,38,48,125,130,136,45,49,63,68,76,96,135,138,143,150
[ 85] Received message from 113: 1|0,20,42,69,98,119,1,29,93,102,118,2,8,13,81,88,128,129,19,71,11,35,41,70,84,144,30,54,56,62,74,83,58,17,31,78,79,113,6,9,34,57,85,141
[ 50] Received message from 132: 1|20,42,69,98,119,1,29,93,102,118,2,8,13,81,88,128,129,19,71,30,51,67,70,55,125,36,76,112,139,4,12,43,56,74,95,54,60,83,132,24,33,34,37,50,73,89,90,127
[132] Received message from  34: 1|0,20,42,69,98,119,1,29,93,102,118,2,8,13,81,88,128,129,19,71,11,35,41,70,84,144,30,54,56,62,74,83,4,12,34,43,9,33,50,73,79,85,89,113,127,132,141
[ 85] Sent Broadcast: 1|0,20,42,69,98,119,1,29,93,102,118,2,8,13,81,88,128,129,19,71,11,35,41,70,84,144,30,54,56,62,74,83,58,17,31,78,79,113,6,9,57,85,34,73,100,141
[143] Sent Broadcast: 1|0,20,42,69,98,119,1,29,93,102,118,2,8,13,81,88,128,129,25,7,59,99,104,115,15,72,101,103,146,28,77,123,131,134,38,48,125,130,136,49,68,76,108,135,143,45,63,97,109,126
[ 79] Sent Broadcast: 1|0,20,42,69,98,119,1,29,93,102,118,2,8,13,81,88,128,129,19,71,11,35,41,70,84,144,30,54,56,62,74,83,58,17,31,78,79,113,6,9,34,57,85,141
[143] Received message from 130: 1|0,20,42,69,98,119,1,29,93,102,118,2,8,13,81,88,128,129,25,7,59,99,104,115,15,72,101,103,146,28,77,123,131,134,38,48,125,130,136,45,49,63,68,76,96,135,138,143,150
[ 74] Received message from  84: 1|0,20,42,69,98,119,1,29,93,102,118,2,8,13,81,88,128,129,19,70,71,84,144,11,30,35,41,54,56,62,74,83
[141] Received message from 113: 1|0,20,42,69,98,119,1,29,93,102,118,2,8,13,81,88,128,129,19,71,11,35,41,70,84,144,30,54,56,62,74,83,58,17,31,78,79,113,6,9,34,57,85,141
[ 73] Received message from 132: 1|20,42,69,98,119,1,29,93,102,118,2,8,13,81,88,128,129,19,71,30,51,67,70,55,125,36,76,112,139,4,12,43,56,74,95,54,60,83,132,24,33,34,37,50,73,89,90,127
[150] Received message from 130: 1|0,20,42,69,98,119,1,29,93,102,118,2,8,13,81,88,128,129,25,7,59,99,104,115,15,72,101,103,146,28,77,123,131,134,38,48,125,130,136,45,49,63,68,76,96,135,138,143,150
[113] Sent Broadcast: 1|0,20,42,69,98,119,1,29,93,102,118,2,8,13,81,88,128,129,19,71,11,35,41,70,84,144,30,54,56,62,74,83,58,17,31,78,79,113,6,9,34,57,85,141
[122] Received message from  66: 1|0,20,42,69,98,119,1,29,93,102,118,2,8,88,129,41,71,81,128,144,11,35,62,66,84,21,26,52,64,78,92,122
[141] Received message from  34: 1|0,20,42,69,98,119,1,29,93,102,118,2,8,13,81,88,128,129,19,71,11,35,41,70,84,144,30,54,56,62,74,83,4,12,34,43,9,33,50,73,79,85,89,113,127,132,141
[ 66] Sent Broadcast: 1|0,20,42,69,98,119,1,29,93,102,118,2,8,88,129,41,71,81,128,144,11,35,62,66,84,21,26,52,64,78,92,122
[ 89] Received message from 132: 1|20,42,69,98,119,1,29,93,102,118,2,8,13,81,88,128,129,19,71,30,51,67,70,55,125,36,76,112,139,4,12,43,56,74,95,54,60,83,132,24,33,34,37,50,73,89,90,127
[ 57] Received message from 141: 1|0,20,42,69,98,119,1,29,93,102,118,2,8,13,81,88,128,129,19,71,11,35,41,70,84,144,30,54,56,62,74,83,4,12,34,43,36,60,95,112,121,132,24,37,114,33,50,89,90,73,100,127,141,6,9,57,79,85,113
[ 83] Received message from  84: 1|0,20,42,69,98,119,1,29,93,102,118,2,8,13,81,88,128,129,19,70,71,84,144,11,30,35,41,54,56,62,74,83
[130] Sent Broadcast: 1|0,20,42,69,98,119,1,29,93,102,118,2,8,13,81,88,128,129,25,7,59,99,104,115,15,72,101,103,146,28,77,123,131,134,38,48,125,130,136,45,49,63,68,76,96,135,138,143,150
[ 34] Sent Broadcast: 1|0,20,42,69,98,119,1,29,93,102,118,2,8,13,81,88,128,129,19,71,11,35,41,70,84,144,30,54,56,62,74,83,4,12,34,43,9,33,50,73,79,85,89,113,127,132,141
[ 84] Sent Broadcast: 1|0,20,42,69,98,119,1,29,93,102,118,2,8,13,81,88,128,129,19,70,71,84,144,11,30,35,41,54,56,62,74,83
[ 90] Received message from 132: 1|20,42,69,98,119,1,29,93,102,118,2,8,13,81,88,128,129,19,71,30,51,67,70,55,125,36,76,112,139,4,12,43,56,74,95,54,60,83,132,24,33,34,37,50,73,89,90,127
[127] Received message from 132: 1|20,42,69,98,119,1,29,93,102,118,2,8,13,81,88,128,129,19,71,30,51,67,70,55,125,36,76,112,139,4,12,43,56,74,95,54,60,83,132,24,33,34,37,50,73,89,90,127
[132] Sent Broadcast: 1|20,42,69,98,119,1,29,93,102,118,2,8,13,81,88,128,129,19,71,30,51,67,70,55,125,36,76,112,139,4,12,43,56,74,95,54,60,83,132,24,33,34,37,50,73,89,90,127
[ 79] Received message from 141: 1|0,20,42,69,98,119,1,29,93,102,118,2,8,13,81,88,128,129,19,71,11,35,41,70,84,144,30,54,56,62,74,83,4,12,34,43,36,60,95,112,121,132,24,37,114,33,50,89,90,73,100,127,141,6,9,57,79,85,113
[ 85] Received message from 141: 1|0,20,42,69,98,119,1,29,93,102,118,2,8,13,81,88,128,129,19,71,11,35,41,70,84,144,30,54,56,62,74,83,4,12,34,43,36,60,95,112,121,132,24,37,114,33,50,89,90,73,100,127,141,6,9,57,79,85,113
[113] Received message from 141: 1|0,20,42,69,98,119,1,29,93,102,118,2,8,13,81,88,128,129,19,71,11,35,41,70,84,144,30,54,56,62,74,83,4,12,34,43,36,60,95,112,121,132,24,37,114,33,50,89,90,73,100,127,141,6,9,57,79,85,113
[141] Sent Broadcast: 1|0,20,42,69,98,119,1,29,93,102,118,2,8,13,81,88,128,129,19,71,11,35,41,70,84,144,30,54,56,62,74,83,4,12,34,43,36,60,95,112,121,132,24,37,114,33,50,89,90,73,100,127,141,6,9,57,79,85,113
[ 14] Received message from   5: 5|0,14,40,82,106,110,137
[ 40] Received message from   5: 5|0,14,40,82,106,110,137
[ 82] Received message from   5: 5|0,14,40,82,106,110,137
[ 86] Received message from  14: 5|0,14,40,82,106,110,137,5,86,120
[ 86] Received message from  40: 5|0,14,40,82,106,110,137,5,86
[120] Received message from  14: 5|0,14,40,82,106,110,137,5,86,120
[ 40] Sent Broadcast: 5|0,14,40,82,106,110,137,5,86
[106] Received message from   5: 5|0,14,40,82,106,110,137
[ 14] Sent Broadcast: 5|0,14,40,82,106,110,137,5,86,120
[ 16] Received message from  86: 5|0,14,40,82,106,110,137,5,86,120,16,47,80,111,117,147,148
[ 16] Received message from 120: 5|0,14,40,82,106,110,137,5,86,120,16,80,117,147,148
[110] Received message from   5: 5|0,14,40,82,106,110,137
[ 86] Received message from 106: 5|0,14,40,82,106,110,137,5,86,120
[ 47] Received message from  86: 5|0,14,40,82,106,110,137,5,86,120,16,47,80,111,117,147,148
[ 80] Received message from 120: 5|0,14,40,82,106,110,137,5,86,120,16,80,117,147,148
[137] Received message from   5: 5|0,14,40,82,106,110,137
[ 80] Received message from  86: 5|0,14,40,82,106,110,137,5,86,120,16,47,80,111,117,147,148
[120] Received message from 106: 5|0,14,40,82,106,110,137,5,86,120
[  5] Sent Broadcast: 5|0,14,40,82,106,110,137
[106] Sent Broadcast: 5|0,14,40,82,106,110,137,5,86,120
[ 18] Received message from  47: 5|0,14,40,82,106,110,137,5,86,120,16,47,80,111,117,147,148,18,124
[117] Received message from 120: 5|0,14,40,82,106,110,137,5,86,120,16,80,117,147,148
[ 86] Received message from 137: 5|0,14,40,82,106,110,137,5,86
[ 18] Received message from  80: 5|0,14,40,82,106,110,137,5,86,120,16,80,117,147,148,18,47,111
[124] Received message from  47: 5|0,14,40,82,106,110,137,5,86,120,16,47,80,111,117,147,148,18,124
[137] Sent Broadcast: 5|0,14,40,82,106,110,137,5,86
[147] Received message from 120: 5|0,14,40,82,106,110,137,5,86,120,16,80,117,147,148
[111] Received message from  86: 5|0,14,40,82,106,110,137,5,86,120,16,47,80,111,117,147,148
[ 47] Sent Broadcast: 5|0,14,40,82,106,110,137,5,86,120,16,47,80,111,117,147,148,18,124
[148] Received message from 120: 5|0,14,40,82,106,110,137,5,86,120,16,80,117,147,148
[ 47] Received message from  80: 5|0,14,40,82,106,110,137,5,86,120,16,80,117,147,148,18,47,111
[120] Sent Broadcast: 5|0,14,40,82,106,110,137,5,86,120,16,80,117,147,148
[117] Received message from  86: 5|0,14,40,82,106,110,137,5,86,120,16,47,80,111,117,147,148
[111] Received message from  80: 5|0,14,40,82,106,110,137,5,86,120,16,80,117,147,148,18,47,111
[ 18] Received message from 111: 5|0,14,40,82,106,110,137,5,86,120,16,47,80,111,117,147,148,18,124
[ 47] Received message from 117: 5|0,14,40,82,106,110,137,5,86,120,16,80,117,147,148,47,111
[ 80] Sent Broadcast: 5|0,14,40,82,106,110,137,5,86,120,16,80,117,147,148,18,47,111
[147] Received message from  86: 5|0,14,40,82,106,110,137,5,86,120,16,47,80,111,117,147,148
[ 47] Received message from 147: 5|0,14,40,82,106,110,137,5,86,120,16,80,117,147,148,47,111
[111] Received message from 117: 5|0,14,40,82,106,110,137,5,86,120,16,80,117,147,148,47,111
[124] Received message from 111: 5|0,14,40,82,106,110,137,5,86,120,16,47,80,111,117,147,148,18,124
[117] Sent Broadcast: 5|0,14,40,82,106,110,137,5,86,120,16,80,117,147,148,47,111
[ 47] Received message from 148: 5|0,14,40,82,106,110,137,5,86,120,16,80,117,147,148,47,111
[111] Sent Broadcast: 5|0,14,40,82,106,110,137,5,86,120,16,47,80,111,117,147,148,18,124
[111] Received message from 147: 5|0,14,40,82,106,110,137,5,86,120,16,80,117,147,148,47,111
[148] Received message from  86: 5|0,14,40,82,106,110,137,5,86,120,16,47,80,111,117,147,148
[147] Sent Broadcast: 5|0,14,40,82,106,110,137,5,86,120,16,80,117,147,148,47,111
[ 86] Sent Broadcast: 5|0,14,40,82,106,110,137,5,86,120,16,47,80,111,117,147,148
[111] Received message from 148: 5|0,14,40,82,106,110,137,5,86,120,16,80,117,147,148,47,111
[148] Sent Broadcast: 5|0,14,40,82,106,110,137,5,86,120,16,80,117,147,148,47,111
