[ 10] Received message from   1: 1|0,10,35,53,71,85,138,146
[ 35] Received message from   1: 1|0,10,35,53,71,85,138,146
[  5] Received message from  10: 1|0,10,35,53,71,85,138,146,1,5,28,57,62,63,92
[ 53] Received message from   1: 1|0,10,35,53,71,85,138,146
[ 28] Received message from  10: 1|0,10,35,53,71,85,138,146,1,5,28,57,62,63,92
[ 16] Received message from   5: 1|0,10,35,53,71,85,138,146,1,5,28,57,62,63,92,16,18,29,83,148
[ 71] Received message from   1: 1|0,10,35,53,71,85,138,146
[ 57] Received message from  10: 1|0,10,35,53,71,85,138,146,1,5,28,57,62,63,92
[ 96] Received message from  53: 1|0,10,35,53,71,85,138,146,1,96,141,142
[  5] Received message from  35: 1|0,10,35,53,71,85,138,146,1,5,28,29,62,63,92
[ 16] Received message from  28: 1|0,10,35,53,71,85,138,146,1,5,28,57,62,63,92,16,37,44,54,81,83,147,148
[ 50] Received message from  57: 1|0,10,35,53,71,85,138,146,1,5,28,57,62,63,92,50,58,81,96,141,142,147
[141] Received message from  53: 1|0,10,35,53,71,85,138,146,1,96,141,142
[ 21] Received message from  96: 1|0,10,35,53,71,85,138,146,1,96,141,142,21,34,57,77,118
[ 29] Received message from  71: 1|0,10,35,53,71,85,138,146,1,29,51,66,98
[ 28] Received message from  35: 1|0,10,35,53,71,85,138,146,1,5,28,29,62,63,92
[ 37] Received message from  16: 1|0,10,35,53,71,85,138,146,1,5,28,57,62,63,92,16,18,29,83,148,37,44,54,81,93,105
[ 62] Received message from  10: 1|0,10,35,53,71,85,138,146,1,5,28,57,62,63,92
[ 18] Received message from   5: 1|0,10,35,53,71,85,138,146,1,5,28,57,62,63,92,16,18,29,83,148
[ 85] Received message from   1: 1|0,10,35,53,71,85,138,146
[ 37] Received message from  28: 1|0,10,35,53,71,85,138,146,1,5,28,57,62,63,92,16,37,44,54,81,83,147,148
[  4] Received message from  50: 1|0,10,35,53,71,85,138,146,1,5,28,57,62,63,92,50,58,81,96,141,142,147,4,9,26,30,41,44,127
[  5] Received message from  29: 1|0,10,35,53,71,85,138,146,1,29,51,66,98,5,18,62
[ 34] Received message from  96: 1|0,10,35,53,71,85,138,146,1,96,141,142,21,34,57,77,118
[ 51] Received message from  71: 1|0,10,35,53,71,85,138,146,1,29,51,66,98
[138] Received message from   1: 1|0,10,35,53,71,85,138,146
[ 58] Received message from  57: 1|0,10,35,53,71,85,138,146,1,5,28,57,62,63,92,50,58,81,96,141,142,147
[127] Received message from  37: 1|0,10,35,53,71,85,138,146,1,5,28,57,62,63,92,16,18,29,83,148,37,44,54,81,93,105,127,147
[  6] Received message from  18: 1|0,10,35,53,71,85,138,146,1,5,28,57,62,63,92,16,18,29,83,148,6
[ 16] Received message from  62: 1|0,10,35,53,71,85,138,146,1,5,28,57,62,63,92,16,29,83,148
[ 44] Received message from  16: 1|0,10,35,53,71,85,138,146,1,5,28,57,62,63,92,16,18,29,83,148,37,44,54,81,93,105
[ 21] Received message from 141: 1|0,10,35,53,71,85,138,146,1,96,141,142,21,57,58,77,118,147
[ 29] Received message from  35: 1|0,10,35,53,71,85,138,146,1,5,28,29,62,63,92
[  5] Received message from  85: 1|0,10,35,53,71,85,138,146,1,5,28,29,62,63,92
[142] Received message from  53: 1|0,10,35,53,71,85,138,146,1,96,141,142
[ 29] Received message from   5: 1|0,10,35,53,71,85,138,146,1,5,28,57,62,63,92,16,18,29,83,148
[ 57] Received message from  96: 1|0,10,35,53,71,85,138,146,1,96,141,142,21,34,57,77,118
[ 63] Received message from  10: 1|0,10,35,53,71,85,138,146,1,5,28,57,62,63,92
[ 52] Received message from  51: 1|0,10,35,53,71,85,138,146,1,29,51,66,98,52,75
[ 18] Received message from  29: 1|0,10,35,53,71,85,138,146,1,29,51,66,98,5,18,62
[ 18] Sent Broadcast: 1|0,10,35,53,71,85,138,146,1,5,28,57,62,63,92,16,18,29,83,148,6
[ 64] Received message from   4: 1|0,10,35,53,71,85,138,146,1,5,28,57,62,63,92,50,58,81,96,141,142,147,4,9,26,30,41,44,127,64
[  4] Received message from 127: 1|0,10,35,53,71,85,138,146,1,5,28,57,62,63,92,16,18,29,83,148,37,44,54,81,93,105,127,147,4,9,26,41,50,64,134
[ 62] Received message from  35: 1|0,10,35,53,71,85,138,146,1,5,28,29,62,63,92
[ 29] Received message from 138: 1|0,10,35,53,71,85,138,146,1,29,62
[  9] Received message from  50: 1|0,10,35,53,71,85,138,146,1,5,28,57,62,63,92,50,58,81,96,141,142,147,4,9,26,30,41,44,127
[ 28] Received message from  85: 1|0,10,35,53,71,85,138,146,1,5,28,29,62,63,92
[ 97] Received message from   6: 1|0,10,35,53,71,85,138,146,1,5,28,57,62,63,92,16,18,29,83,148,6,97,112,130,133
[ 90] Received message from  34: 1|0,10,35,53,71,85,138,146,1,96,141,142,21,34,57,77,118,90,145
[ 77] Received message from  96: 1|0,10,35,53,71,85,138,146,1,96,141,142,21,34,57,77,118
[ 44] Received message from  28: 1|0,10,35,53,71,85,138,146,1,5,28,57,62,63,92,16,37,44,54,81,83,147,148
[ 66] Received message from  71: 1|0,10,35,53,71,85,138,146,1,29,51,66,98
[  9] Received message from  44: 1|0,10,35,53,71,85,138,146,1,5,28,57,62,63,92,16,18,29,83,148,37,44,54,81,93,105,9,50,127,147
[ 54] Received message from  16: 1|0,10,35,53,71,85,138,146,1,5,28,57,62,63,92,16,18,29,83,148,37,44,54,81,93,105
[ 92] Received message from  10: 1|0,10,35,53,71,85,138,146,1,5,28,57,62,63,92
[ 49] Received message from  52: 1|0,10,35,53,71,85,138,146,1,29,51,66,98,52,75,49,59,109,114
[ 29] Received message from  62: 1|0,10,35,53,71,85,138,146,1,5,28,57,62,63,92,16,29,83,148
[ 81] Received message from  57: 1|0,10,35,53,71,85,138,146,1,5,28,57,62,63,92,50,58,81,96,141,142,147
[ 21] Received message from 142: 1|0,10,35,53,71,85,138,146,1,96,141,142,21,57,58,77,118
[ 53] Sent Broadcast: 1|0,10,35,53,71,85,138,146,1,96,141,142
[  4] Sent Broadcast: 1|0,10,35,53,71,85,138,146,1,5,28,57,62,63,92,50,58,81,96,141,142,147,4,9,26,30,41,44,127,64
[146] Received message from   1: 1|0,10,35,53,71,85,138,146
[147] Received message from  37: 1|0,10,35,53,71,85,138,146,1,5,28,57,62,63,92,16,18,29,83,148,37,44,54,81,93,105,127,147
[ 16] Received message from  63: 1|0,10,35,53,71,85,138,146,1,5,28,57,62,63,92,16,37,44,54,81,83,105,147,148
[  1] Sent Broadcast: 1|0,10,35,53,71,85,138,146
[ 10] Sent Broadcast: 1|0,10,35,53,71,85,138,146,1,5,28,57,62,63,92
[ 22] Received message from  97: 1|0,10,35,53,71,85,138,146,1,5,28,57,62,63,92,16,18,29,83,148,6,97,112,130,133,22,31,47,72,79,99,115
[ 52] Received message from  66: 1|0,10,35,53,71,85,138,146,1,29,51,66,98,52,75,114
[145] Received message from  77: 1|0,10,35,53,71,85,138,146,1,96,141,142,21,34,57,77,118,145
[ 14] Received message from  64: 1|10,35,53,71,85,138,146,1,5,28,57,62,63,92,50,58,81,96,141,142,147,4,9,26,30,41,44,127,64,14
[  2] Received message from  90: 1|0,10,35,53,71,85,138,146,1,96,141,142,21,34,57,77,118,90,145,2,12,40,101,122
[ 87] Received message from  54: 1|0,10,35,53,71,85,138,146,1,5,28,57,62,63,92,16,18,29,83,148,37,44,54,81,93,105,87,121,127,132,149
[ 17] Received message from  49: 1|0,10,35,53,71,85,138,146,1,29,51,66,98,52,75,49,59,109,114,17,20,24,48,73,94
[ 26] Received message from  50: 1|0,10,35,53,71,85,138,146,1,5,28,57,62,63,92,50,58,81,96,141,142,147,4,9,26,30,41,44,127
[ 62] Received message from  29: 1|0,10,35,53,71,85,138,146,1,29,51,66,98,5,18,62
[  4] Received message from   9: 1|10,35,53,71,85,138,146,1,5,28,57,62,63,92,16,18,29,83,148,37,44,54,81,93,105,9,50,127,147,4,26,41,64,132,134,149
[ 57] Received message from 141: 1|0,10,35,53,71,85,138,146,1,96,141,142,21,57,58,77,118,147
[ 64] Sent Broadcast: 1|10,35,53,71,85,138,146,1,5,28,57,62,63,92,50,58,81,96,141,142,147,4,9,26,30,41,44,127,64,14
[ 75] Received message from  51: 1|0,10,35,53,71,85,138,146,1,29,51,66,98,52,75
[  9] Received message from 127: 1|0,10,35,53,71,85,138,146,1,5,28,57,62,63,92,16,18,29,83,148,37,44,54,81,93,105,127,147,4,9,26,41,50,64,134
[ 37] Sent Broadcast: 1|0,10,35,53,71,85,138,146,1,5,28,57,62,63,92,16,18,29,83,148,37,44,54,81,93,105,127,147
[ 59] Received message from  52: 1|0,10,35,53,71,85,138,146,1,29,51,66,98,52,75,49,59,109,114
[112] Received message from   6: 1|0,10,35,53,71,85,138,146,1,5,28,57,62,63,92,16,18,29,83,148,6,97,112,130,133
[145] Received message from  34: 1|0,10,35,53,71,85,138,146,1,96,141,142,21,34,57,77,118,90,145
[ 83] Received message from   5: 1|0,10,35,53,71,85,138,146,1,5,28,57,62,63,92,16,18,29,83,148
[ 16] Received message from  92: 1|0,10,35,53,71,85,138,146,1,5,28,57,62,63,92,16,37,44,54,81,83,105,148
[118] Received message from  96: 1|0,10,35,53,71,85,138,146,1,96,141,142,21,34,57,77,118
[ 51] Sent Broadcast: 1|0,10,35,53,71,85,138,146,1,29,51,66,98,52,75
[ 29] Received message from  85: 1|0,10,35,53,71,85,138,146,1,5,28,29,62,63,92
[ 98] Received message from  71: 1|0,10,35,53,71,85,138,146,1,29,51,66,98
[ 81] Received message from  16: 1|0,10,35,53,71,85,138,146,1,5,28,57,62,63,92,16,18,29,83,148,37,44,54,81,93,105
[ 62] Received message from 138: 1|0,10,35,53,71,85,138,146,1,29,62
[  2] Received message from 146: 1|0,10,35,53,71,85,138,146,1,2,27,40,98
[ 83] Received message from  62: 1|0,10,35,53,71,85,138,146,1,5,28,57,62,63,92,16,29,83,148
[ 96] Received message from  57: 1|0,10,35,53,71,85,138,146,1,5,28,57,62,63,92,50,58,81,96,141,142,147
[ 63] Received message from  35: 1|0,10,35,53,71,85,138,146,1,5,28,29,62,63,92
[ 54] Received message from  28: 1|0,10,35,53,71,85,138,146,1,5,28,57,62,63,92,16,37,44,54,81,83,147,148
[ 61] Received message from  22: 1|0,10,35,53,71,85,138,146,1,5,28,57,62,63,92,16,18,29,83,148,6,97,112,130,133,22,31,47,72,79,99,115,61,106
[ 50] Received message from  44: 1|0,10,35,53,71,85,138,146,1,5,28,57,62,63,92,16,18,29,83,148,37,44,54,81,93,105,9,50,127,147
[ 75] Received message from  66: 1|0,10,35,53,71,85,138,146,1,29,51,66,98,52,75,114
[  4] Received message from  81: 1|0,10,35,53,71,85,138,146,1,5,28,57,62,63,92,50,58,81,96,141,142,147,4,16,37,44,54,93,105,127,148
[ 13] Received message from 112: 1|0,10,35,53,71,85,138,146,1,5,28,57,62,63,92,16,18,29,83,148,6,97,112,130,133,13,22,31,72,106
[ 57] Received message from 142: 1|0,10,35,53,71,85,138,146,1,96,141,142,21,57,58,77,118
[ 77] Sent Broadcast: 1|0,10,35,53,71,85,138,146,1,96,141,142,21,34,57,77,118,145
[ 34] Sent Broadcast: 1|0,10,35,53,71,85,138,146,1,96,141,142,21,34,57,77,118,90,145
[ 29] Sent Broadcast: 1|0,10,35,53,71,85,138,146,1,29,51,66,98,5,18,62
[ 37] Received message from  63: 1|0,10,35,53,71,85,138,146,1,5,28,57,62,63,92,16,37,44,54,81,83,105,147,148
[138] Sent Broadcast: 1|0,10,35,53,71,85,138,146,1,29,62
[ 56] Received message from  87: 1|0,10,35,53,71,85,138,146,1,5,28,57,62,63,92,16,18,29,83,148,37,44,54,81,93,105,87,121,127,132,149,56,78,89,110,111
[ 40] Received message from 145: 1|0,10,35,53,71,85,138,146,1,96,141,142,21,34,57,77,118,145,40,90,122
[ 62] Received message from  85: 1|0,10,35,53,71,85,138,146,1,5,28,29,62,63,92
[ 27] Received message from   2: 1|0,10,35,53,71,85,138,146,1,96,141,142,21,34,57,77,118,90,145,2,12,40,101,122,27,98
[ 64] Received message from  26: 1|0,10,35,53,71,85,138,146,1,5,28,57,62,63,92,50,58,81,96,141,142,147,4,9,26,30,41,44,127,64
[ 65] Received message from  17: 1|0,10,35,53,71,85,138,146,1,29,51,66,98,52,75,49,59,109,114,17,20,24,48,73,94,65,107,135
[ 19] Received message from  14: 1|35,53,71,85,138,146,1,5,28,57,62,63,92,50,58,81,96,141,142,147,4,9,26,30,41,44,127,64,14,19
[ 49] Received message from  75: 1|0,10,35,53,71,85,138,146,1,29,51,66,98,52,75,49,59,65,73,109,114
[121] Received message from  54: 1|0,10,35,53,71,85,138,146,1,5,28,57,62,63,92,16,18,29,83,148,37,44,54,81,93,105,87,121,127,132,149
[ 17] Received message from  59: 1|0,10,35,53,71,85,138,146,1,29,51,66,98,52,75,49,59,109,114,17,20,24,48,65,73,94,135
[ 20] Received message from  49: 1|0,10,35,53,71,85,138,146,1,29,51,66,98,52,75,49,59,109,114,17,20,24,48,73,94
[ 31] Received message from  97: 1|0,10,35,53,71,85,138,146,1,5,28,57,62,63,92,16,18,29,83,148,6,97,112,130,133,22,31,47,72,79,99,115
[ 50] Received message from 147: 1|0,10,35,53,71,85,138,146,1,5,28,57,62,63,92,16,18,29,83,148,37,44,54,81,93,105,127,147,50,58,141
[ 12] Received message from  90: 1|0,10,35,53,71,85,138,146,1,96,141,142,21,34,57,77,118,90,145,2,12,40,101,122
[ 30] Received message from  50: 1|0,10,35,53,71,85,138,146,1,5,28,57,62,63,92,50,58,81,96,141,142,147,4,9,26,30,41,44,127
[  2] Received message from  98: 1|0,10,35,53,71,85,138,146,1,29,51,66,98,2,27,40
[ 26] Received message from 127: 1|0,10,35,53,71,85,138,146,1,5,28,57,62,63,92,16,18,29,83,148,37,44,54,81,93,105,127,147,4,9,26,41,50,64,134
[ 71] Sent Broadcast: 1|0,10,35,53,71,85,138,146,1,29,51,66,98
[ 96] Sent Broadcast: 1|0,10,35,53,71,85,138,146,1,96,141,142,21,34,57,77,118
[ 58] Received message from 141: 1|0,10,35,53,71,85,138,146,1,96,141,142,21,57,58,77,118,147
[106] Received message from  22: 1|0,10,35,53,71,85,138,146,1,5,28,57,62,63,92,16,18,29,83,148,6,97,112,130,133,22,31,47,72,79,99,115,61,106
[ 44] Received message from  63: 1|0,10,35,53,71,85,138,146,1,5,28,57,62,63,92,16,37,44,54,81,83,105,147,148
[ 22] Sent Broadcast: 1|0,10,35,53,71,85,138,146,1,5,28,57,62,63,92,16,18,29,83,148,6,97,112,130,133,22,31,47,72,79,99,115,61,106
[ 56] Received message from  13: 1|10,35,53,71,85,138,146,1,5,28,57,62,63,92,16,18,29,83,148,6,97,112,130,133,13,22,31,72,106,56,140,144
[ 80] Received message from  65: 1|0,10,35,53,71,85,138,146,1,29,51,66,98,52,75,49,59,109,114,17,20,24,48,73,94,65,107,135,80
[ 81] Received message from  28: 1|0,10,35,53,71,85,138,146,1,5,28,57,62,63,92,16,37,44,54,81,83,147,148
[ 37] Received message from  83: 1|0,10,35,53,71,85,138,146,1,5,28,57,62,63,92,16,29,83,148,37,54,105
[  7] Received message from  56: 1|0,10,35,53,71,85,138,146,1,5,28,57,62,63,92,16,18,29,83,148,37,44,54,81,93,105,87,121,127,132,149,56,78,89,110,111,7,13,84,126,140
[  8] Received message from  61: 1|0,10,35,53,71,85,138,146,1,5,28,57,62,63,92,16,18,29,83,148,6,97,112,130,133,22,31,47,72,79,99,115,61,106,8,36,67,88,129,136,137,140,144
[ 26] Received message from   9: 1|10,35,53,71,85,138,146,1,5,28,57,62,63,92,16,18,29,83,148,37,44,54,81,93,105,9,50,127,147,4,26,41,64,132,134,149
[148] Received message from  62: 1|0,10,35,53,71,85,138,146,1,5,28,57,62,63,92,16,29,83,148
[ 92] Received message from  35: 1|0,10,35,53,71,85,138,146,1,5,28,29,62,63,92
[130] Received message from   6: 1|0,10,35,53,71,85,138,146,1,5,28,57,62,63,92,16,18,29,83,148,6,97,112,130,133
[ 47] Received message from  97: 1|0,10,35,53,71,85,138,146,1,5,28,57,62,63,92,16,18,29,83,148,6,97,112,130,133,22,31,47,72,79,99,115
[ 26] Sent Broadcast: 1|0,10,35,53,71,85,138,146,1,5,28,57,62,63,92,50,58,81,96,141,142,147,4,9,26,30,41,44,127,64
[ 14] Sent Broadcast: 1|35,53,71,85,138,146,1,5,28,57,62,63,92,50,58,81,96,141,142,147,4,9,26,30,41,44,127,64,14,19
[ 40] Received message from  90: 1|0,10,35,53,71,85,138,146,1,96,141,142,21,34,57,77,118,90,145,2,12,40,101,122
[141] Received message from  57: 1|0,10,35,53,71,85,138,146,1,5,28,57,62,63,92,50,58,81,96,141,142,147
[ 78] Received message from  87: 1|0,10,35,53,71,85,138,146,1,5,28,57,62,63,92,16,18,29,83,148,37,44,54,81,93,105,87,121,127,132,149,56,78,89,110,111
[ 14] Received message from  30: 1|0,10,35,53,71,85,138,146,1,5,28,57,62,63,92,50,58,81,96,141,142,147,4,9,26,30,41,44,127,14,19,64
[ 37] Received message from  92: 1|0,10,35,53,71,85,138,146,1,5,28,57,62,63,92,16,37,44,54,81,83,105,148
[ 58] Received message from 142: 1|0,10,35,53,71,85,138,146,1,96,141,142,21,57,58,77,118
[ 93] Received message from  16: 1|0,10,35,53,71,85,138,146,1,5,28,57,62,63,92,16,18,29,83,148,37,44,54,81,93,105
[ 56] Received message from 121: 1|0,10,35,53,71,85,138,146,1,5,28,57,62,63,92,16,18,29,83,148,37,44,54,81,93,105,87,121,127,132,149,56,78,89,110,111,134
[114] Received message from  66: 1|0,10,35,53,71,85,138,146,1,29,51,66,98,52,75,114
[127] Received message from  44: 1|0,10,35,53,71,85,138,146,1,5,28,57,62,63,92,16,18,29,83,148,37,44,54,81,93,105,9,50,127,147
[ 74] Received message from  12: 1|0,10,35,53,71,85,138,146,1,96,141,142,21,34,57,77,118,90,145,2,12,40,101,122,74
[109] Received message from  52: 1|0,10,35,53,71,85,138,146,1,29,51,66,98,52,75,49,59,109,114
[148] Received message from   5: 1|0,10,35,53,71,85,138,146,1,5,28,57,62,63,92,16,18,29,83,148
[  2] Received message from  40: 1|0,10,35,53,71,85,138,146,1,96,141,142,21,34,57,77,118,145,40,90,122,2,12,27,98
[ 82] Received message from   7: 1|0,10,35,53,71,85,138,146,1,5,28,57,62,63,92,16,18,29,83,148,37,44,54,81,93,105,87,121,127,132,149,56,78,89,110,111,7,13,84,126,140,82,113,120,137,144
[ 27] Received message from 146: 1|0,10,35,53,71,85,138,146,1,2,27,40,98
[ 13] Received message from  31: 1|0,10,35,53,71,85,138,146,1,5,28,57,62,63,92,16,18,29,83,148,6,97,112,130,133,22,31,47,72,79,99,115,13,106
[ 65] Sent Broadcast: 1|0,10,35,53,71,85,138,146,1,29,51,66,98,52,75,49,59,109,114,17,20,24,48,73,94,65,107,135,80
[ 24] Received message from  49: 1|0,10,35,53,71,85,138,146,1,29,51,66,98,52,75,49,59,109,114,17,20,24,48,73,94
[ 98] Received message from   2: 1|0,10,35,53,71,85,138,146,1,96,141,142,21,34,57,77,118,90,145,2,12,40,101,122,27,98
[ 62] Sent Broadcast: 1|0,10,35,53,71,85,138,146,1,5,28,57,62,63,92,16,29,83,148
[ 22] Received message from 112: 1|0,10,35,53,71,85,138,146,1,5,28,57,62,63,92,16,18,29,83,148,6,97,112,130,133,13,22,31,72,106
[127] Received message from  54: 1|0,10,35,53,71,85,138,146,1,5,28,57,62,63,92,16,18,29,83,148,37,44,54,81,93,105,87,121,127,132,149
[  2] Sent Broadcast: 1|0,10,35,53,71,85,138,146,1,96,141,142,21,34,57,77,118,90,145,2,12,40,101,122,27,98
[  5] Sent Broadcast: 1|0,10,35,53,71,85,138,146,1,5,28,57,62,63,92,16,18,29,83,148
[ 77] Received message from 141: 1|0,10,35,53,71,85,138,146,1,96,141,142,21,57,58,77,118,147
[ 59] Received message from  75: 1|0,10,35,53,71,85,138,146,1,29,51,66,98,52,75,49,59,65,73,109,114
[ 72] Received message from  97: 1|0,10,35,53,71,85,138,146,1,5,28,57,62,63,92,16,18,29,83,148,6,97,112,130,133,22,31,47,72,79,99,115
[ 35] Sent Broadcast: 1|0,10,35,53,71,85,138,146,1,5,28,29,62,63,92
[ 42] Received message from   8: 1|0,10,35,53,71,85,138,146,1,5,28,57,62,63,92,16,18,29,83,148,6,97,112,130,133,22,31,47,72,79,99,115,61,106,8,36,67,88,129,136,137,140,144,42,82,102,125,143,150
[ 54] Received message from  63: 1|0,10,35,53,71,85,138,146,1,5,28,57,62,63,92,16,37,44,54,81,83,105,147,148
[107] Received message from  17: 1|0,10,35,53,71,85,138,146,1,29,51,66,98,52,75,49,59,109,114,17,20,24,48,73,94,65,107,135
[140] Received message from  13: 1|10,35,53,71,85,138,146,1,5,28,57,62,63,92,16,18,29,83,148,6,97,112,130,133,13,22,31,72,106,56,140,144
[ 66] Sent Broadcast: 1|0,10,35,53,71,85,138,146,1,29,51,66,98,52,75,114
[ 63] Received message from  85: 1|0,10,35,53,71,85,138,146,1,5,28,29,62,63,92
[ 58] Received message from 147: 1|0,10,35,53,71,85,138,146,1,5,28,57,62,63,92,16,18,29,83,148,37,44,54,81,93,105,127,147,50,58,141
[ 37] Received message from 148: 1|0,10,35,53,71,85,138,146,1,5,28,57,62,63,92,16,29,83,148,37,44,54,81,93,105,147
[ 90] Received message from 145: 1|0,10,35,53,71,85,138,146,1,96,141,142,21,34,57,77,118,145,40,90,122
[ 13] Received message from 106: 1|0,10,35,53,71,85,138,146,1,5,28,57,62,63,92,16,18,29,83,148,6,97,112,130,133,22,31,47,72,79,99,115,61,106,13,144
[ 16] Received message from  81: 1|0,10,35,53,71,85,138,146,1,5,28,57,62,63,92,50,58,81,96,141,142,147,4,16,37,44,54,93,105,127,148
[ 61] Received message from  47: 1|0,10,35,53,71,85,138,146,1,5,28,57,62,63,92,16,18,29,83,148,6,97,112,130,133,22,31,47,72,79,99,115,61,67,68,150
[  7] Received message from  78: 1|0,10,35,53,71,85,138,146,1,5,28,57,62,63,92,16,18,29,83,148,37,44,54,81,93,105,87,121,127,132,149,56,78,89,110,111,7,84
[101] Received message from  90: 1|0,10,35,53,71,85,138,146,1,96,141,142,21,34,57,77,118,90,145,2,12,40,101,122
[ 41] Received message from 127: 1|0,10,35,53,71,85,138,146,1,5,28,57,62,63,92,16,18,29,83,148,37,44,54,81,93,105,127,147,4,9,26,41,50,64,134
[  9] Received message from  93: 1|0,10,35,53,71,85,138,146,1,5,28,57,62,63,92,16,18,29,83,148,37,44,54,81,93,105,9,41,87,121,127,132,134,149
[ 27] Received message from  98: 1|0,10,35,53,71,85,138,146,1,29,51,66,98,2,27,40
[ 41] Received message from  50: 1|0,10,35,53,71,85,138,146,1,5,28,57,62,63,92,50,58,81,96,141,142,147,4,9,26,30,41,44,127
[ 12] Sent Broadcast: 1|0,10,35,53,71,85,138,146,1,96,141,142,21,34,57,77,118,90,145,2,12,40,101,122,74
[ 20] Received message from  59: 1|0,10,35,53,71,85,138,146,1,29,51,66,98,52,75,49,59,109,114,17,20,24,48,65,73,94,135
[ 24] Received message from 109: 1|0,10,35,53,71,85,138,146,1,29,51,66,98,52,75,49,59,109,114,24,48,94,95,117
[ 77] Received message from 142: 1|0,10,35,53,71,85,138,146,1,96,141,142,21,57,58,77,118
[142] Received message from  57: 1|0,10,35,53,71,85,138,146,1,5,28,57,62,63,92,50,58,81,96,141,142,147
[ 41] Received message from   9: 1|10,35,53,71,85,138,146,1,5,28,57,62,63,92,16,18,29,83,148,37,44,54,81,93,105,9,50,127,147,4,26,41,64,132,134,149
[ 40] Received message from 146: 1|0,10,35,53,71,85,138,146,1,2,27,40,98
[ 48] Received message from 114: 1|0,10,35,53,71,85,138,146,1,29,51,66,98,52,75,114,48,49,59,73,94,109
[ 22] Received message from 130: 1|0,10,35,53,71,85,138,146,1,5,28,57,62,63,92,16,18,29,83,148,6,97,112,130,133,22,31,72,79,106
[ 36] Received message from  61: 1|0,10,35,53,71,85,138,146,1,5,28,57,62,63,92,16,18,29,83,148,6,97,112,130,133,22,31,47,72,79,99,115,61,106,8,36,67,88,129,136,137,140,144
[133] Received message from   6: 1|0,10,35,53,71,85,138,146,1,5,28,57,62,63,92,16,18,29,83,148,6,97,112,130,133
[ 54] Received message from  83: 1|0,10,35,53,71,85,138,146,1,5,28,57,62,63,92,16,29,83,148,37,54,105
[ 19] Received message from  30: 1|0,10,35,53,71,85,138,146,1,5,28,57,62,63,92,50,58,81,96,141,142,147,4,9,26,30,41,44,127,14,19,64
[ 83] Received message from  28: 1|0,10,35,53,71,85,138,146,1,5,28,57,62,63,92,16,37,44,54,81,83,147,148
[ 13] Received message from  56: 1|0,10,35,53,71,85,138,146,1,5,28,57,62,63,92,16,18,29,83,148,37,44,54,81,93,105,87,121,127,132,149,56,78,89,110,111,7,13,84,126,140
[ 31] Received message from 112: 1|0,10,35,53,71,85,138,146,1,5,28,57,62,63,92,16,18,29,83,148,6,97,112,130,133,13,22,31,72,106
[ 89] Received message from  87: 1|0,10,35,53,71,85,138,146,1,5,28,57,62,63,92,16,18,29,83,148,37,44,54,81,93,105,87,121,127,132,149,56,78,89,110,111
[ 11] Received message from  42: 1|0,10,35,53,71,85,138,146,1,5,28,57,62,63,92,16,18,29,83,148,6,97,112,130,133,22,31,47,72,79,99,115,61,106,8,36,67,88,129,136,137,140,144,42,82,102,125,143,150,11,123
[ 44] Received message from  92: 1|0,10,35,53,71,85,138,146,1,5,28,57,62,63,92,16,37,44,54,81,83,105,148
[ 69] Received message from  24: 1|0,10,35,53,71,85,138,146,1,29,51,66,98,52,75,49,59,109,114,17,20,24,48,73,94,69,95,103,116,117
[ 30] Received message from  41: 1|0,10,35,53,71,85,138,146,1,5,28,57,62,63,92,16,18,29,83,148,37,44,54,81,93,105,127,147,4,9,26,41,50,64,134,30
[106] Received message from  31: 1|0,10,35,53,71,85,138,146,1,5,28,57,62,63,92,16,18,29,83,148,6,97,112,130,133,22,31,47,72,79,99,115,13,106
[144] Received message from 106: 1|0,10,35,53,71,85,138,146,1,5,28,57,62,63,92,16,18,29,83,148,6,97,112,130,133,22,31,47,72,79,99,115,61,106,13,144
[105] Received message from  16: 1|0,10,35,53,71,85,138,146,1,5,28,57,62,63,92,16,18,29,83,148,37,44,54,81,93,105
[  8] Received message from  82: 1|0,10,35,53,71,85,138,146,1,5,28,57,62,63,92,16,18,29,83,148,37,44,54,81,93,105,87,121,127,132,149,56,78,89,110,111,7,13,84,126,140,82,113,120,137,144,8,36,88,123,129,136
[ 12] Received message from  40: 1|0,10,35,53,71,85,138,146,1,96,141,142,21,34,57,77,118,145,40,90,122,2,12,27,98
[135] Received message from  17: 1|0,10,35,53,71,85,138,146,1,29,51,66,98,52,75,49,59,109,114,17,20,24,48,73,94,65,107,135
[147] Received message from  44: 1|0,10,35,53,71,85,138,146,1,5,28,57,62,63,92,16,18,29,83,148,37,44,54,81,93,105,9,50,127,147
[ 80] Received message from 107: 1|0,10,35,53,71,85,138,146,1,29,51,66,98,52,75,49,59,109,114,17,20,24,48,73,94,65,107,135,80
[ 24] Received message from  59: 1|0,10,35,53,71,85,138,146,1,29,51,66,98,52,75,49,59,109,114,17,20,24,48,65,73,94,135
[ 48] Received message from  49: 1|0,10,35,53,71,85,138,146,1,29,51,66,98,52,75,49,59,109,114,17,20,24,48,73,94
[  7] Received message from 140: 1|10,35,53,71,85,138,146,1,5,28,57,62,63,92,16,18,29,83,148,6,97,112,130,133,13,22,31,72,106,56,140,144,7,36,61,82,84,89,110,120,126,129,136,137
[ 78] Received message from 121: 1|0,10,35,53,71,85,138,146,1,5,28,57,62,63,92,16,18,29,83,148,37,44,54,81,93,105,87,121,127,132,149,56,78,89,110,111,134
[132] Received message from  54: 1|0,10,35,53,71,85,138,146,1,5,28,57,62,63,92,16,18,29,83,148,37,44,54,81,93,105,87,121,127,132,149
[114] Received message from  52: 1|0,10,35,53,71,85,138,146,1,29,51,66,98,52,75,49,59,109,114
[ 61] Received message from  72: 1|0,10,35,53,71,85,138,146,1,5,28,57,62,63,92,16,18,29,83,148,6,97,112,130,133,22,31,47,72,79,99,115,61,67,106
[ 65] Received message from  75: 1|0,10,35,53,71,85,138,146,1,29,51,66,98,52,75,49,59,65,73,109,114
[113] Received message from   7: 1|0,10,35,53,71,85,138,146,1,5,28,57,62,63,92,16,18,29,83,148,37,44,54,81,93,105,87,121,127,132,149,56,78,89,110,111,7,13,84,126,140,82,113,120,137,144
[ 82] Received message from   8: 1|0,10,35,53,71,85,138,146,1,5,28,57,62,63,92,16,18,29,83,148,6,97,112,130,133,22,31,47,72,79,99,115,61,106,8,36,67,88,129,136,137,140,144,42,82,102,125,143,150
[105] Received message from  83: 1|0,10,35,53,71,85,138,146,1,5,28,57,62,63,92,16,29,83,148,37,54,105
[ 44] Received message from 148: 1|0,10,35,53,71,85,138,146,1,5,28,57,62,63,92,16,29,83,148,37,44,54,81,93,105,147
[122] Received message from 145: 1|0,10,35,53,71,85,138,146,1,96,141,142,21,34,57,77,118,145,40,90,122
[ 41] Sent Broadcast: 1|0,10,35,53,71,85,138,146,1,5,28,57,62,63,92,16,18,29,83,148,37,44,54,81,93,105,127,147,4,9,26,41,50,64,134,30
[ 50] Received message from 127: 1|0,10,35,53,71,85,138,146,1,5,28,57,62,63,92,16,18,29,83,148,37,44,54,81,93,105,127,147,4,9,26,41,50,64,134
[141] Received message from 147: 1|0,10,35,53,71,85,138,146,1,5,28,57,62,63,92,16,18,29,83,148,37,44,54,81,93,105,127,147,50,58,141
[ 74] Received message from 101: 1|0,10,35,53,71,85,138,146,1,96,141,142,21,34,57,77,118,90,145,2,12,40,101,122,74
[ 92] Received message from  85: 1|0,10,35,53,71,85,138,146,1,5,28,29,62,63,92
[ 48] Received message from 109: 1|0,10,35,53,71,85,138,146,1,29,51,66,98,52,75,49,59,109,114,24,48,94,95,117
[ 44] Received message from  50: 1|0,10,35,53,71,85,138,146,1,5,28,57,62,63,92,50,58,81,96,141,142,147,4,9,26,30,41,44,127
[147] Received message from  57: 1|0,10,35,53,71,85,138,146,1,5,28,57,62,63,92,50,58,81,96,141,142,147
[ 41] Received message from  93: 1|0,10,35,53,71,85,138,146,1,5,28,57,62,63,92,16,18,29,83,148,37,44,54,81,93,105,9,41,87,121,127,132,134,149
[ 79] Received message from  97: 1|0,10,35,53,71,85,138,146,1,5,28,57,62,63,92,16,18,29,83,148,6,97,112,130,133,22,31,47,72,79,99,115
[ 40] Received message from  98: 1|0,10,35,53,71,85,138,146,1,29,51,66,98,2,27,40
[ 67] Received message from  47: 1|0,10,35,53,71,85,138,146,1,5,28,57,62,63,92,16,18,29,83,148,6,97,112,130,133,22,31,47,72,79,99,115,61,67,68,150
[144] Received message from  13: 1|10,35,53,71,85,138,146,1,5,28,57,62,63,92,16,18,29,83,148,6,97,112,130,133,13,22,31,72,106,56,140,144
[118] Received message from 141: 1|0,10,35,53,71,85,138,146,1,96,141,142,21,57,58,77,118,147
[118] Received message from 142: 1|0,10,35,53,71,85,138,146,1,96,141,142,21,57,58,77,118
[ 81] Received message from  63: 1|0,10,35,53,71,85,138,146,1,5,28,57,62,63,92,16,37,44,54,81,83,105,147,148
[ 42] Received message from  36: 1|0,10,35,53,71,85,138,146,1,5,28,57,62,63,92,16,18,29,83,148,6,97,112,130,133,22,31,47,72,79,99,115,61,106,8,36,67,88,129,136,137,140,144,42,82,102
[ 84] Received message from  78: 1|0,10,35,53,71,85,138,146,1,5,28,57,62,63,92,16,18,29,83,148,37,44,54,81,93,105,87,121,127,132,149,56,78,89,110,111,7,84
[100] Received message from  11: 1|0,10,35,53,71,85,138,146,1,5,28,57,62,63,92,16,18,29,83,148,6,97,112,130,133,22,31,47,72,79,99,115,61,106,8,36,67,88,129,136,137,140,144,42,82,102,125,143,150,11,123,100
[ 37] Received message from  81: 1|0,10,35,53,71,85,138,146,1,5,28,57,62,63,92,50,58,81,96,141,142,147,4,16,37,44,54,93,105,127,148
[145] Sent Broadcast: 1|0,10,35,53,71,85,138,146,1,96,141,142,21,34,57,77,118,145,40,90,122
[  6] Sent Broadcast: 1|0,10,35,53,71,85,138,146,1,5,28,57,62,63,92,16,18,29,83,148,6,97,112,130,133
[ 31] Sent Broadcast: 1|0,10,35,53,71,85,138,146,1,5,28,57,62,63,92,16,18,29,83,148,6,97,112,130,133,22,31,47,72,79,99,115,13,106
[ 16] Sent Broadcast: 1|0,10,35,53,71,85,138,146,1,5,28,57,62,63,92,16,18,29,83,148,37,44,54,81,93,105
[106] Sent Broadcast: 1|0,10,35,53,71,85,138,146,1,5,28,57,62,63,92,16,18,29,83,148,6,97,112,130,133,22,31,47,72,79,99,115,61,106,13,144
[ 13] Sent Broadcast: 1|10,35,53,71,85,138,146,1,5,28,57,62,63,92,16,18,29,83,148,6,97,112,130,133,13,22,31,72,106,56,140,144
[122] Received message from  90: 1|0,10,35,53,71,85,138,146,1,96,141,142,21,34,57,77,118,90,145,2,12,40,101,122
[ 83] Sent Broadcast: 1|0,10,35,53,71,85,138,146,1,5,28,57,62,63,92,16,29,83,148,37,54,105
[ 87] Received message from 105: 1|0,10,35,53,71,85,138,146,1,5,28,57,62,63,92,16,18,29,83,148,37,44,54,81,93,105,87,121,132,149
[ 98] Received message from 146: 1|0,10,35,53,71,85,138,146,1,2,27,40,98
[ 95] Received message from  24: 1|0,10,35,53,71,85,138,146,1,29,51,66,98,52,75,49,59,109,114,17,20,24,48,73,94,69,95,103,116,117
[ 70] Received message from  69: 1|10,35,53,71,85,138,146,1,29,51,66,98,52,75,49,59,109,114,17,20,24,48,73,94,69,95,103,116,117,70,76,108,128
[  7] Received message from  89: 1|0,10,35,53,71,85,138,146,1,5,28,57,62,63,92,16,18,29,83,148,37,44,54,81,93,105,87,121,127,132,149,56,78,89,110,111,7,84,126,140
[  7] Received message from 144: 1|0,10,35,53,71,85,138,146,1,5,28,57,62,63,92,16,18,29,83,148,6,97,112,130,133,22,31,47,72,79,99,115,61,106,13,144,7,36,126,129,136,137,140
[ 90] Sent Broadcast: 1|0,10,35,53,71,85,138,146,1,96,141,142,21,34,57,77,118,90,145,2,12,40,101,122
[ 20] Received message from  48: 1|0,10,35,53,71,85,138,146,1,29,51,66,98,52,75,114,48,49,59,73,94,109,20,24,95,103,117
[  8] Received message from  67: 1|0,10,35,53,71,85,138,146,1,5,28,57,62,63,92,16,18,29,83,148,6,97,112,130,133,22,31,47,72,79,99,115,61,67,68,150,8,36,42,88,102,125,129,136
[ 17] Sent Broadcast: 1|0,10,35,53,71,85,138,146,1,29,51,66,98,52,75,49,59,109,114,17,20,24,48,73,94,65,107,135
[107] Sent Broadcast: 1|0,10,35,53,71,85,138,146,1,29,51,66,98,52,75,49,59,109,114,17,20,24,48,73,94,65,107,135,80
[ 52] Sent Broadcast: 1|0,10,35,53,71,85,138,146,1,29,51,66,98,52,75,49,59,109,114
[ 57] Sent Broadcast: 1|0,10,35,53,71,85,138,146,1,5,28,57,62,63,92,50,58,81,96,141,142,147
[ 44] Sent Broadcast: 1|0,10,35,53,71,85,138,146,1,5,28,57,62,63,92,16,18,29,83,148,37,44,54,81,93,105,9,50,127,147
[147] Sent Broadcast: 1|0,10,35,53,71,85,138,146,1,5,28,57,62,63,92,16,18,29,83,148,37,44,54,81,93,105,127,147,50,58,141
[ 85] Sent Broadcast: 1|0,10,35,53,71,85,138,146,1,5,28,29,62,63,92
[101] Sent Broadcast: 1|0,10,35,53,71,85,138,146,1,96,141,142,21,34,57,77,118,90,145,2,12,40,101,122,74
[ 49] Received message from 114: 1|0,10,35,53,71,85,138,146,1,29,51,66,98,52,75,114,48,49,59,73,94,109
[ 98] Sent Broadcast: 1|0,10,35,53,71,85,138,146,1,29,51,66,98,2,27,40
[ 78] Sent Broadcast: 1|0,10,35,53,71,85,138,146,1,5,28,57,62,63,92,16,18,29,83,148,37,44,54,81,93,105,87,121,127,132,149,56,78,89,110,111,7,84
[142] Sent Broadcast: 1|0,10,35,53,71,85,138,146,1,96,141,142,21,57,58,77,118
[110] Received message from  87: 1|0,10,35,53,71,85,138,146,1,5,28,57,62,63,92,16,18,29,83,148,37,44,54,81,93,105,87,121,127,132,149,56,78,89,110,111
[  9] Received message from 132: 1|0,10,35,53,71,85,138,146,1,5,28,57,62,63,92,16,18,29,83,148,37,44,54,81,93,105,87,121,127,132,149,9,78,111,134
[ 31] Received message from 130: 1|0,10,35,53,71,85,138,146,1,5,28,57,62,63,92,16,18,29,83,148,6,97,112,130,133,22,31,72,79,106
[ 67] Received message from  61: 1|0,10,35,53,71,85,138,146,1,5,28,57,62,63,92,16,18,29,83,148,6,97,112,130,133,22,31,47,72,79,99,115,61,106,8,36,67,88,129,136,137,140,144
[ 36] Received message from  82: 1|0,10,35,53,71,85,138,146,1,5,28,57,62,63,92,16,18,29,83,148,37,44,54,81,93,105,87,121,127,132,149,56,78,89,110,111,7,13,84,126,140,82,113,120,137,144,8,36,88,123,129,136
[  3] Received message from  79: 1|0,10,35,53,71,85,138,146,1,5,28,57,62,63,92,16,18,29,83,148,6,97,112,130,133,22,31,47,72,79,99,115,3,46,55,68
[ 87] Received message from  93: 1|0,10,35,53,71,85,138,146,1,5,28,57,62,63,92,16,18,29,83,148,37,44,54,81,93,105,9,41,87,121,127,132,134,149
[ 72] Received message from 112: 1|0,10,35,53,71,85,138,146,1,5,28,57,62,63,92,16,18,29,83,148,6,97,112,130,133,13,22,31,72,106
[ 84] Received message from  56: 1|0,10,35,53,71,85,138,146,1,5,28,57,62,63,92,16,18,29,83,148,37,44,54,81,93,105,87,121,127,132,149,56,78,89,110,111,7,13,84,126,140
[147] Received message from  28: 1|0,10,35,53,71,85,138,146,1,5,28,57,62,63,92,16,37,44,54,81,83,147,148
[123] Received message from  42: 1|0,10,35,53,71,85,138,146,1,5,28,57,62,63,92,16,18,29,83,148,6,97,112,130,133,22,31,47,72,79,99,115,61,106,8,36,67,88,129,136,137,140,144,42,82,102,125,143,150,11,123
[  2] Received message from 122: 1|0,10,35,53,71,85,138,146,1,96,141,142,21,34,57,77,118,145,40,90,122,2,12,101
[113] Received message from  84: 1|0,10,35,53,71,85,138,146,1,5,28,57,62,63,92,16,18,29,83,148,37,44,54,81,93,105,87,121,127,132,149,56,78,89,110,111,7,84,113,120,126,137,140
[ 64] Received message from   9: 1|10,35,53,71,85,138,146,1,5,28,57,62,63,92,16,18,29,83,148,37,44,54,81,93,105,9,50,127,147,4,26,41,64,132,134,149
[ 36] Received message from  67: 1|0,10,35,53,71,85,138,146,1,5,28,57,62,63,92,16,18,29,83,148,6,97,112,130,133,22,31,47,72,79,99,115,61,67,68,150,8,36,42,88,102,125,129,136
[ 54] Received message from  92: 1|0,10,35,53,71,85,138,146,1,5,28,57,62,63,92,16,37,44,54,81,83,105,148
[ 15] Received message from  70: 1|10,35,53,71,85,138,146,1,29,51,66,98,52,75,49,59,109,114,17,20,24,48,73,94,69,95,103,116,117,70,76,108,128,15,39,43,91,124,131
[ 24] Received message from  48: 1|0,10,35,53,71,85,138,146,1,29,51,66,98,52,75,114,48,49,59,73,94,109,20,24,95,103,117
[ 11] Sent Broadcast: 1|0,10,35,53,71,85,138,146,1,5,28,57,62,63,92,16,18,29,83,148,6,97,112,130,133,22,31,47,72,79,99,115,61,106,8,36,67,88,129,136,137,140,144,42,82,102,125,143,150,11,123,100
[ 68] Received message from 100: 1|0,10,35,53,71,85,138,146,1,5,28,57,62,63,92,16,18,29,83,148,6,97,112,130,133,22,31,47,72,79,99,115,61,106,8,36,67,88,129,136,137,140,144,42,82,102,125,143,150,11,123,100,68
[ 84] Received message from  89: 1|0,10,35,53,71,85,138,146,1,5,28,57,62,63,92,16,18,29,83,148,37,44,54,81,93,105,87,121,127,132,149,56,78,89,110,111,7,84,126,140
[ 82] Received message from  36: 1|0,10,35,53,71,85,138,146,1,5,28,57,62,63,92,16,18,29,83,148,6,97,112,130,133,22,31,47,72,79,99,115,61,106,8,36,67,88,129,136,137,140,144,42,82,102
[ 64] Received message from  30: 1|0,10,35,53,71,85,138,146,1,5,28,57,62,63,92,50,58,81,96,141,142,147,4,9,26,30,41,44,127,14,19,64
[ 70] Received message from  95: 1|10,35,53,71,85,138,146,1,29,51,66,98,52,75,49,59,109,114,17,20,24,48,73,94,69,95,103,116,117,70,128
[ 27] Received message from  40: 1|0,10,35,53,71,85,138,146,1,96,141,142,21,34,57,77,118,145,40,90,122,2,12,27,98
[ 83] Received message from  63: 1|0,10,35,53,71,85,138,146,1,5,28,57,62,63,92,16,37,44,54,81,83,105,147,148
[  7] Received message from 110: 1|0,10,35,53,71,85,138,146,1,5,28,57,62,63,92,16,18,29,83,148,37,44,54,81,93,105,87,121,127,132,149,56,78,89,110,111,7,84,126,137,140
[ 89] Received message from 121: 1|0,10,35,53,71,85,138,146,1,5,28,57,62,63,92,16,18,29,83,148,37,44,54,81,93,105,87,121,127,132,149,56,78,89,110,111,134
[ 36] Received message from 140: 1|10,35,53,71,85,138,146,1,5,28,57,62,63,92,16,18,29,83,148,6,97,112,130,133,13,22,31,72,106,56,140,144,7,36,61,82,84,89,110,120,126,129,136,137
[103] Received message from  24: 1|0,10,35,53,71,85,138,146,1,29,51,66,98,52,75,49,59,109,114,17,20,24,48,73,94,69,95,103,116,117
[ 73] Received message from  75: 1|0,10,35,53,71,85,138,146,1,29,51,66,98,52,75,49,59,65,73,109,114
[102] Received message from   8: 1|0,10,35,53,71,85,138,146,1,5,28,57,62,63,92,16,18,29,83,148,6,97,112,130,133,22,31,47,72,79,99,115,61,106,8,36,67,88,129,136,137,140,144,42,82,102,125,143,150
[ 94] Received message from 109: 1|0,10,35,53,71,85,138,146,1,29,51,66,98,52,75,49,59,109,114,24,48,94,95,117
[120] Received message from   7: 1|0,10,35,53,71,85,138,146,1,5,28,57,62,63,92,16,18,29,83,148,37,44,54,81,93,105,87,121,127,132,149,56,78,89,110,111,7,13,84,126,140,82,113,120,137,144
[ 45] Received message from   3: 1|0,10,35,53,71,85,138,146,1,5,28,57,62,63,92,16,18,29,83,148,6,97,112,130,133,22,31,47,72,79,99,115,3,46,55,68,45,104,139
[ 48] Received message from  59: 1|0,10,35,53,71,85,138,146,1,29,51,66,98,52,75,49,59,109,114,17,20,24,48,65,73,94,135
[146] Sent Broadcast: 1|0,10,35,53,71,85,138,146,1,2,27,40,98
[149] Received message from  54: 1|0,10,35,53,71,85,138,146,1,5,28,57,62,63,92,16,18,29,83,148,37,44,54,81,93,105,87,121,127,132,149
[ 67] Received message from  72: 1|0,10,35,53,71,85,138,146,1,5,28,57,62,63,92,16,18,29,83,148,6,97,112,130,133,22,31,47,72,79,99,115,61,67,106
[ 99] Received message from  97: 1|0,10,35,53,71,85,138,146,1,5,28,57,62,63,92,16,18,29,83,148,6,97,112,130,133,22,31,47,72,79,99,115
[ 64] Received message from 127: 1|0,10,35,53,71,85,138,146,1,5,28,57,62,63,92,16,18,29,83,148,37,44,54,81,93,105,127,147,4,9,26,41,50,64,134
[ 59] Received message from 114: 1|0,10,35,53,71,85,138,146,1,29,51,66,98,52,75,114,48,49,59,73,94,109
[147] Received message from 141: 1|0,10,35,53,71,85,138,146,1,96,141,142,21,57,58,77,118,147
[ 68] Received message from  47: 1|0,10,35,53,71,85,138,146,1,5,28,57,62,63,92,16,18,29,83,148,6,97,112,130,133,22,31,47,72,79,99,115,61,67,68,150
[ 25] Received message from  15: 1|10,35,53,71,85,138,146,1,29,51,66,98,52,75,49,59,109,114,17,20,24,48,73,94,69,95,103,116,117,70,76,108,128,15,39,43,91,124,131,25,38
[ 44] Received message from  81: 1|0,10,35,53,71,85,138,146,1,5,28,57,62,63,92,50,58,81,96,141,142,147,4,16,37,44,54,93,105,127,148
[ 42] Sent Broadcast: 1|0,10,35,53,71,85,138,146,1,5,28,57,62,63,92,16,18,29,83,148,6,97,112,130,133,22,31,47,72,79,99,115,61,106,8,36,67,88,129,136,137,140,144,42,82,102,125,143,150,11,123
[ 30] Sent Broadcast: 1|0,10,35,53,71,85,138,146,1,5,28,57,62,63,92,50,58,81,96,141,142,147,4,9,26,30,41,44,127,14,19,64
[ 73] Received message from  49: 1|0,10,35,53,71,85,138,146,1,29,51,66,98,52,75,49,59,109,114,17,20,24,48,73,94
[ 36] Received message from 144: 1|0,10,35,53,71,85,138,146,1,5,28,57,62,63,92,16,18,29,83,148,6,97,112,130,133,22,31,47,72,79,99,115,61,106,13,144,7,36,126,129,136,137,140
[100] Sent Broadcast: 1|0,10,35,53,71,85,138,146,1,5,28,57,62,63,92,16,18,29,83,148,6,97,112,130,133,22,31,47,72,79,99,115,61,106,8,36,67,88,129,136,137,140,144,42,82,102,125,143,150,11,123,100,68
[ 54] Received message from 148: 1|0,10,35,53,71,85,138,146,1,5,28,57,62,63,92,16,29,83,148,37,44,54,81,93,105,147
[141] Sent Broadcast: 1|0,10,35,53,71,85,138,146,1,96,141,142,21,57,58,77,118,147
[111] Received message from  87: 1|0,10,35,53,71,85,138,146,1,5,28,57,62,63,92,16,18,29,83,148,37,44,54,81,93,105,87,121,127,132,149,56,78,89,110,111
[  3] Received message from  68: 1|0,10,35,53,71,85,138,146,1,5,28,57,62,63,92,16,18,29,83,148,6,97,112,130,133,22,31,47,72,79,99,115,61,106,8,36,67,88,129,136,137,140,144,42,82,102,125,143,150,11,123,100,68,3,104
[ 72] Received message from 130: 1|0,10,35,53,71,85,138,146,1,5,28,57,62,63,92,16,18,29,83,148,6,97,112,130,133,22,31,72,79,106
[121] Received message from 105: 1|0,10,35,53,71,85,138,146,1,5,28,57,62,63,92,16,18,29,83,148,37,44,54,81,93,105,87,121,132,149
[ 86] Received message from 123: 1|0,10,35,53,71,85,138,146,1,5,28,57,62,63,92,16,18,29,83,148,6,97,112,130,133,22,31,47,72,79,99,115,61,106,8,36,67,88,129,136,137,140,144,42,82,102,125,143,150,11,123,86
[ 88] Received message from  61: 1|0,10,35,53,71,85,138,146,1,5,28,57,62,63,92,16,18,29,83,148,6,97,112,130,133,22,31,47,72,79,99,115,61,106,8,36,67,88,129,136,137,140,144
[ 46] Received message from  79: 1|0,10,35,53,71,85,138,146,1,5,28,57,62,63,92,16,18,29,83,148,6,97,112,130,133,22,31,47,72,79,99,115,3,46,55,68
[ 65] Received message from  59: 1|0,10,35,53,71,85,138,146,1,29,51,66,98,52,75,49,59,109,114,17,20,24,48,65,73,94,135
[ 20] Received message from  94: 1|0,10,35,53,71,85,138,146,1,29,51,66,98,52,75,49,59,109,114,24,48,94,95,117,20,103,116
[ 95] Received message from  48: 1|0,10,35,53,71,85,138,146,1,29,51,66,98,52,75,114,48,49,59,73,94,109,20,24,95,103,117
[ 39] Received message from  70: 1|10,35,53,71,85,138,146,1,29,51,66,98,52,75,49,59,109,114,17,20,24,48,73,94,69,95,103,116,117,70,76,108,128,15,39,43,91,124,131
[ 78] Received message from 132: 1|0,10,35,53,71,85,138,146,1,5,28,57,62,63,92,16,18,29,83,148,37,44,54,81,93,105,87,121,127,132,149,9,78,111,134
[120] Received message from  84: 1|0,10,35,53,71,85,138,146,1,5,28,57,62,63,92,16,18,29,83,148,37,44,54,81,93,105,87,121,127,132,149,56,78,89,110,111,7,84,113,120,126,137,140
[ 76] Received message from  69: 1|10,35,53,71,85,138,146,1,29,51,66,98,52,75,49,59,109,114,17,20,24,48,73,94,69,95,103,116,117,70,76,108,128
[ 88] Received message from  82: 1|0,10,35,53,71,85,138,146,1,5,28,57,62,63,92,16,18,29,83,148,37,44,54,81,93,105,87,121,127,132,149,56,78,89,110,111,7,13,84,126,140,82,113,120,137,144,8,36,88,123,129,136
[ 11] Received message from 102: 1|0,10,35,53,71,85,138,146,1,5,28,57,62,63,92,16,18,29,83,148,6,97,112,130,133,22,31,47,72,79,99,115,61,106,8,36,67,88,129,136,137,140,144,42,82,102,125,143,150,11,100,123
[126] Received message from  56: 1|0,10,35,53,71,85,138,146,1,5,28,57,62,63,92,16,18,29,83,148,37,44,54,81,93,105,87,121,127,132,149,56,78,89,110,111,7,13,84,126,140
[ 60] Received message from  25: 1|10,35,53,71,85,138,146,1,29,51,66,98,52,75,49,59,109,114,17,20,24,48,73,94,69,95,103,116,117,70,76,108,128,15,39,43,91,124,131,25,38,60,119
[ 32] Received message from  45: 1|0,10,35,53,71,85,138,146,1,5,28,57,62,63,92,16,18,29,83,148,6,97,112,130,133,22,31,47,72,79,99,115,3,46,55,68,45,104,139,32
[132] Received message from   9: 1|10,35,53,71,85,138,146,1,5,28,57,62,63,92,16,18,29,83,148,37,44,54,81,93,105,9,50,127,147,4,26,41,64,132,134,149
[106] Received message from 112: 1|0,10,35,53,71,85,138,146,1,5,28,57,62,63,92,16,18,29,83,148,6,97,112,130,133,13,22,31,72,106
[ 81] Received message from  92: 1|0,10,35,53,71,85,138,146,1,5,28,57,62,63,92,16,37,44,54,81,83,105,148
[148] Received message from  28: 1|0,10,35,53,71,85,138,146,1,5,28,57,62,63,92,16,37,44,54,81,83,147,148
[ 12] Received message from 122: 1|0,10,35,53,71,85,138,146,1,96,141,142,21,34,57,77,118,145,40,90,122,2,12,101
[ 45] Received message from  46: 1|0,10,35,53,71,85,138,146,1,5,28,57,62,63,92,16,18,29,83,148,6,97,112,130,133,22,31,47,72,79,99,115,3,46,55,68,45,104,139
[ 17] Received message from  73: 1|0,10,35,53,71,85,138,146,1,29,51,66,98,52,75,49,59,65,73,109,114,17,80,107,135
[ 70] Received message from 103: 1|10,35,53,71,85,138,146,1,29,51,66,98,52,75,49,59,109,114,17,20,24,48,73,94,69,95,103,116,117,70,128
[  9] Received message from 149: 1|0,10,35,53,71,85,138,146,1,5,28,57,62,63,92,16,18,29,83,148,37,44,54,81,93,105,87,121,127,132,149,9,78,89,111,134
[ 54] Sent Broadcast: 1|0,10,35,53,71,85,138,146,1,5,28,57,62,63,92,16,18,29,83,148,37,44,54,81,93,105,87,121,127,132,149
[134] Received message from 127: 1|0,10,35,53,71,85,138,146,1,5,28,57,62,63,92,16,18,29,83,148,37,44,54,81,93,105,127,147,4,9,26,41,50,64,134
[105] Received message from  63: 1|0,10,35,53,71,85,138,146,1,5,28,57,62,63,92,16,37,44,54,81,83,105,147,148
[102] Received message from  36: 1|0,10,35,53,71,85,138,146,1,5,28,57,62,63,92,16,18,29,83,148,6,97,112,130,133,22,31,47,72,79,99,115,61,106,8,36,67,88,129,136,137,140,144,42,82,102
[ 15] Received message from  76: 1|10,35,53,71,85,138,146,1,29,51,66,98,52,75,49,59,109,114,17,20,24,48,73,94,69,95,103,116,117,70,76,108,128,15,25,39,43,91,124
[  3] Received message from  99: 1|0,10,35,53,71,85,138,146,1,5,28,57,62,63,92,16,18,29,83,148,6,97,112,130,133,22,31,47,72,79,99,115,3,46,55,139
[ 84] Received message from 110: 1|0,10,35,53,71,85,138,146,1,5,28,57,62,63,92,16,18,29,83,148,37,44,54,81,93,105,87,121,127,132,149,56,78,89,110,111,7,84,126,137,140
[ 87] Sent Broadcast: 1|0,10,35,53,71,85,138,146,1,5,28,57,62,63,92,16,18,29,83,148,37,44,54,81,93,105,87,121,127,132,149,56,78,89,110,111
[ 42] Received message from  88: 1|0,10,35,53,71,85,138,146,1,5,28,57,62,63,92,16,18,29,83,148,6,97,112,130,133,22,31,47,72,79,99,115,61,106,8,36,67,88,129,136,137,140,144,42,82,102,123,125,143
[ 81] Received message from 148: 1|0,10,35,53,71,85,138,146,1,5,28,57,62,63,92,16,29,83,148,37,44,54,81,93,105,147
[126] Received message from  89: 1|0,10,35,53,71,85,138,146,1,5,28,57,62,63,92,16,18,29,83,148,37,44,54,81,93,105,87,121,127,132,149,56,78,89,110,111,7,84,126,140
[ 25] Received message from  39: 1|10,35,53,71,85,138,146,1,29,51,66,98,52,75,49,59,109,114,17,20,24,48,73,94,69,95,103,116,117,70,76,108,128,15,39,43,91,124,131,25
[103] Received message from  94: 1|0,10,35,53,71,85,138,146,1,29,51,66,98,52,75,49,59,109,114,24,48,94,95,117,20,103,116
[123] Sent Broadcast: 1|0,10,35,53,71,85,138,146,1,5,28,57,62,63,92,16,18,29,83,148,6,97,112,130,133,22,31,47,72,79,99,115,61,106,8,36,67,88,129,136,137,140,144,42,82,102,125,143,150,11,123,86
[ 45] Sent Broadcast: 1|0,10,35,53,71,85,138,146,1,5,28,57,62,63,92,16,18,29,83,148,6,97,112,130,133,22,31,47,72,79,99,115,3,46,55,68,45,104,139,32
[ 94] Received message from  49: 1|0,10,35,53,71,85,138,146,1,29,51,66,98,52,75,49,59,109,114,17,20,24,48,73,94
[134] Received message from 111: 1|0,10,35,53,71,85,138,146,1,5,28,57,62,63,92,16,18,29,83,148,37,44,54,81,93,105,87,121,127,132,149,56,78,89,110,111,134
[112] Sent Broadcast: 1|0,10,35,53,71,85,138,146,1,5,28,57,62,63,92,16,18,29,83,148,6,97,112,130,133,13,22,31,72,106
[106] Received message from  72: 1|0,10,35,53,71,85,138,146,1,5,28,57,62,63,92,16,18,29,83,148,6,97,112,130,133,22,31,47,72,79,99,115,61,67,106
[ 33] Received message from  32: 1|0,10,35,53,71,85,138,146,1,5,28,57,62,63,92,16,18,29,83,148,6,97,112,130,133,22,31,47,72,79,99,115,3,46,55,68,45,104,139,32,33
[ 54] Received message from  81: 1|0,10,35,53,71,85,138,146,1,5,28,57,62,63,92,50,58,81,96,141,142,147,4,16,37,44,54,93,105,127,148
[ 28] Sent Broadcast: 1|0,10,35,53,71,85,138,146,1,5,28,57,62,63,92,16,37,44,54,81,83,147,148
[ 49] Sent Broadcast: 1|0,10,35,53,71,85,138,146,1,29,51,66,98,52,75,49,59,109,114,17,20,24,48,73,94
[128] Received message from 103: 1|10,35,53,71,85,138,146,1,29,51,66,98,52,75,49,59,109,114,17,20,24,48,73,94,69,95,103,116,117,70,128
[ 73] Received message from 114: 1|0,10,35,53,71,85,138,146,1,29,51,66,98,52,75,114,48,49,59,73,94,109
[ 98] Received message from  40: 1|0,10,35,53,71,85,138,146,1,96,141,142,21,34,57,77,118,145,40,90,122,2,12,27,98
[ 78] Received message from 149: 1|0,10,35,53,71,85,138,146,1,5,28,57,62,63,92,16,18,29,83,148,37,44,54,81,93,105,87,121,127,132,149,9,78,89,111,134
[110] Received message from 121: 1|0,10,35,53,71,85,138,146,1,5,28,57,62,63,92,16,18,29,83,148,37,44,54,81,93,105,87,121,127,132,149,56,78,89,110,111,134
[121] Received message from  93: 1|0,10,35,53,71,85,138,146,1,5,28,57,62,63,92,16,18,29,83,148,37,44,54,81,93,105,9,41,87,121,127,132,134,149
[ 95] Received message from 109: 1|0,10,35,53,71,85,138,146,1,29,51,66,98,52,75,49,59,109,114,24,48,94,95,117
[109] Received message from  75: 1|0,10,35,53,71,85,138,146,1,29,51,66,98,52,75,49,59,65,73,109,114
[ 42] Received message from  67: 1|0,10,35,53,71,85,138,146,1,5,28,57,62,63,92,16,18,29,83,148,6,97,112,130,133,22,31,47,72,79,99,115,61,67,68,150,8,36,42,88,102,125,129,136
[127] Received message from  50: 1|0,10,35,53,71,85,138,146,1,5,28,57,62,63,92,50,58,81,96,141,142,147,4,9,26,30,41,44,127
[100] Received message from 102: 1|0,10,35,53,71,85,138,146,1,5,28,57,62,63,92,16,18,29,83,148,6,97,112,130,133,22,31,47,72,79,99,115,61,106,8,36,67,88,129,136,137,140,144,42,82,102,125,143,150,11,100,123
[116] Received message from  24: 1|0,10,35,53,71,85,138,146,1,29,51,66,98,52,75,49,59,109,114,17,20,24,48,73,94,69,95,103,116,117
[104] Received message from   3: 1|0,10,35,53,71,85,138,146,1,5,28,57,62,63,92,16,18,29,83,148,6,97,112,130,133,22,31,47,72,79,99,115,3,46,55,68,45,104,139
[ 73] Received message from  59: 1|0,10,35,53,71,85,138,146,1,29,51,66,98,52,75,49,59,109,114,17,20,24,48,65,73,94,135
[115] Received message from  97: 1|0,10,35,53,71,85,138,146,1,5,28,57,62,63,92,16,18,29,83,148,6,97,112,130,133,22,31,47,72,79,99,115
[147] Received message from  63: 1|0,10,35,53,71,85,138,146,1,5,28,57,62,63,92,16,37,44,54,81,83,105,147,148
[123] Received message from  82: 1|0,10,35,53,71,85,138,146,1,5,28,57,62,63,92,16,18,29,83,148,37,44,54,81,93,105,87,121,127,132,149,56,78,89,110,111,7,13,84,126,140,82,113,120,137,144,8,36,88,123,129,136
[137] Received message from   7: 1|0,10,35,53,71,85,138,146,1,5,28,57,62,63,92,16,18,29,83,148,37,44,54,81,93,105,87,121,127,132,149,56,78,89,110,111,7,13,84,126,140,82,113,120,137,144
[125] Received message from   8: 1|0,10,35,53,71,85,138,146,1,5,28,57,62,63,92,16,18,29,83,148,6,97,112,130,133,22,31,47,72,79,99,115,61,106,8,36,67,88,129,136,137,140,144,42,82,102,125,143,150
[119] Received message from  25: 1|10,35,53,71,85,138,146,1,29,51,66,98,52,75,49,59,109,114,17,20,24,48,73,94,69,95,103,116,117,70,76,108,128,15,39,43,91,124,131,25,38,60,119
[ 23] Received message from  60: 1|10,35,53,71,85,138,146,1,29,51,66,98,52,75,49,59,109,114,17,20,24,48,73,94,69,95,103,116,117,70,76,108,128,15,39,43,91,124,131,25,38,60,119,23,33
[ 39] Sent Broadcast: 1|10,35,53,71,85,138,146,1,29,51,66,98,52,75,49,59,109,114,17,20,24,48,73,94,69,95,103,116,117,70,76,108,128,15,39,43,91,124,131,25
[127] Sent Broadcast: 1|0,10,35,53,71,85,138,146,1,5,28,57,62,63,92,16,18,29,83,148,37,44,54,81,93,105,127,147,4,9,26,41,50,64,134
[ 82] Received message from 126: 1|0,10,35,53,71,85,138,146,1,5,28,57,62,63,92,16,18,29,83,148,37,44,54,81,93,105,87,121,127,132,149,56,78,89,110,111,7,13,84,126,140,82,113,120,129,137,144
[111] Received message from 132: 1|0,10,35,53,71,85,138,146,1,5,28,57,62,63,92,16,18,29,83,148,37,44,54,81,93,105,87,121,127,132,149,9,78,111,134
[ 38] Received message from  15: 1|10,35,53,71,85,138,146,1,29,51,66,98,52,75,49,59,109,114,17,20,24,48,73,94,69,95,103,116,117,70,76,108,128,15,39,43,91,124,131,25,38
[ 55] Received message from  79: 1|0,10,35,53,71,85,138,146,1,5,28,57,62,63,92,16,18,29,83,148,6,97,112,130,133,22,31,47,72,79,99,115,3,46,55,68
[ 46] Received message from  99: 1|0,10,35,53,71,85,138,146,1,5,28,57,62,63,92,16,18,29,83,148,6,97,112,130,133,22,31,47,72,79,99,115,3,46,55,139
[128] Received message from  95: 1|10,35,53,71,85,138,146,1,29,51,66,98,52,75,49,59,109,114,17,20,24,48,73,94,69,95,103,116,117,70,128
[103] Received message from  48: 1|0,10,35,53,71,85,138,146,1,29,51,66,98,52,75,114,48,49,59,73,94,109,20,24,95,103,117
[ 43] Received message from  70: 1|10,35,53,71,85,138,146,1,29,51,66,98,52,75,49,59,109,114,17,20,24,48,73,94,69,95,103,116,117,70,76,108,128,15,39,43,91,124,131
[111] Received message from 134: 1|0,10,35,53,71,85,138,146,1,5,28,57,62,63,92,16,18,29,83,148,37,44,54,81,93,105,127,147,4,9,26,41,50,64,134,111,121,132,149
[140] Received message from  56: 1|0,10,35,53,71,85,138,146,1,5,28,57,62,63,92,16,18,29,83,148,37,44,54,81,93,105,87,121,127,132,149,56,78,89,110,111,7,13,84,126,140
[ 79] Received message from 130: 1|0,10,35,53,71,85,138,146,1,5,28,57,62,63,92,16,18,29,83,148,6,97,112,130,133,22,31,72,79,106
[134] Received message from   9: 1|10,35,53,71,85,138,146,1,5,28,57,62,63,92,16,18,29,83,148,37,44,54,81,93,105,9,50,127,147,4,26,41,64,132,134,149
[ 82] Received message from  88: 1|0,10,35,53,71,85,138,146,1,5,28,57,62,63,92,16,18,29,83,148,6,97,112,130,133,22,31,47,72,79,99,115,61,106,8,36,67,88,129,136,137,140,144,42,82,102,123,125,143
[126] Received message from 110: 1|0,10,35,53,71,85,138,146,1,5,28,57,62,63,92,16,18,29,83,148,37,44,54,81,93,105,87,121,127,132,149,56,78,89,110,111,7,84,126,137,140
[132] Received message from 105: 1|0,10,35,53,71,85,138,146,1,5,28,57,62,63,92,16,18,29,83,148,37,44,54,81,93,105,87,121,132,149
[140] Received message from  89: 1|0,10,35,53,71,85,138,146,1,5,28,57,62,63,92,16,18,29,83,148,37,44,54,81,93,105,87,121,127,132,149,56,78,89,110,111,7,84,126,140
[ 83] Received message from  92: 1|0,10,35,53,71,85,138,146,1,5,28,57,62,63,92,16,37,44,54,81,83,105,148
[129] Received message from  61: 1|0,10,35,53,71,85,138,146,1,5,28,57,62,63,92,16,18,29,83,148,6,97,112,130,133,22,31,47,72,79,99,115,61,106,8,36,67,88,129,136,137,140,144
[150] Received message from  47: 1|0,10,35,53,71,85,138,146,1,5,28,57,62,63,92,16,18,29,83,148,6,97,112,130,133,22,31,47,72,79,99,115,61,67,68,150
[ 25] Sent Broadcast: 1|10,35,53,71,85,138,146,1,29,51,66,98,52,75,49,59,109,114,17,20,24,48,73,94,69,95,103,116,117,70,76,108,128,15,39,43,91,124,131,25,38,60,119
[ 72] Sent Broadcast: 1|0,10,35,53,71,85,138,146,1,5,28,57,62,63,92,16,18,29,83,148,6,97,112,130,133,22,31,47,72,79,99,115,61,67,106
[ 32] Sent Broadcast: 1|0,10,35,53,71,85,138,146,1,5,28,57,62,63,92,16,18,29,83,148,6,97,112,130,133,22,31,47,72,79,99,115,3,46,55,68,45,104,139,32,33
[ 40] Sent Broadcast: 1|0,10,35,53,71,85,138,146,1,96,141,142,21,34,57,77,118,145,40,90,122,2,12,27,98
[103] Sent Broadcast: 1|10,35,53,71,85,138,146,1,29,51,66,98,52,75,49,59,109,114,17,20,24,48,73,94,69,95,103,116,117,70,128
[ 23] Received message from 128: 1|10,35,53,71,85,138,146,1,29,51,66,98,52,75,49,59,109,114,17,20,24,48,73,94,69,95,103,116,117,70,128,23,76,108,124,131
[108] Received message from  69: 1|10,35,53,71,85,138,146,1,29,51,66,98,52,75,49,59,109,114,17,20,24,48,73,94,69,95,103,116,117,70,76,108,128
[ 50] Sent Broadcast: 1|0,10,35,53,71,85,138,146,1,5,28,57,62,63,92,50,58,81,96,141,142,147,4,9,26,30,41,44,127
[126] Received message from  84: 1|0,10,35,53,71,85,138,146,1,5,28,57,62,63,92,16,18,29,83,148,37,44,54,81,93,105,87,121,127,132,149,56,78,89,110,111,7,84,113,120,126,137,140
[ 93] Received message from  81: 1|0,10,35,53,71,85,138,146,1,5,28,57,62,63,92,50,58,81,96,141,142,147,4,16,37,44,54,93,105,127,148
[ 97] Sent Broadcast: 1|0,10,35,53,71,85,138,146,1,5,28,57,62,63,92,16,18,29,83,148,6,97,112,130,133,22,31,47,72,79,99,115
[ 25] Received message from  76: 1|10,35,53,71,85,138,146,1,29,51,66,98,52,75,49,59,109,114,17,20,24,48,73,94,69,95,103,116,117,70,76,108,128,15,25,39,43,91,124
[ 80] Received message from  73: 1|0,10,35,53,71,85,138,146,1,29,51,66,98,52,75,49,59,65,73,109,114,17,80,107,135
[ 61] Received message from 140: 1|10,35,53,71,85,138,146,1,5,28,57,62,63,92,16,18,29,83,148,6,97,112,130,133,13,22,31,72,106,56,140,144,7,36,61,82,84,89,110,120,126,129,136,137
[101] Received message from 122: 1|0,10,35,53,71,85,138,146,1,96,141,142,21,34,57,77,118,145,40,90,122,2,12,101
[116] Received message from  94: 1|0,10,35,53,71,85,138,146,1,29,51,66,98,52,75,49,59,109,114,24,48,94,95,117,20,103,116
[ 70] Received message from 116: 1|10,35,53,71,85,138,146,1,29,51,66,98,52,75,49,59,109,114,17,20,24,48,73,94,69,95,103,116,117,70,108,128,131
[111] Received message from 121: 1|0,10,35,53,71,85,138,146,1,5,28,57,62,63,92,16,18,29,83,148,37,44,54,81,93,105,87,121,127,132,149,56,78,89,110,111,134
[111] Sent Broadcast: 1|0,10,35,53,71,85,138,146,1,5,28,57,62,63,92,16,18,29,83,148,37,44,54,81,93,105,87,121,127,132,149,56,78,89,110,111,134
[ 36] Sent Broadcast: 1|0,10,35,53,71,85,138,146,1,5,28,57,62,63,92,16,18,29,83,148,6,97,112,130,133,22,31,47,72,79,99,115,61,106,8,36,67,88,129,136,137,140,144,42,82,102
[  3] Received message from 115: 1|0,10,35,53,71,85,138,146,1,5,28,57,62,63,92,16,18,29,83,148,6,97,112,130,133,22,31,47,72,79,99,115,3,67,68
[ 15] Sent Broadcast: 1|10,35,53,71,85,138,146,1,29,51,66,98,52,75,49,59,109,114,17,20,24,48,73,94,69,95,103,116,117,70,76,108,128,15,39,43,91,124,131,25,38
[ 25] Received message from  43: 1|10,35,53,71,85,138,146,1,29,51,66,98,52,75,49,59,109,114,17,20,24,48,73,94,69,95,103,116,117,70,76,108,128,15,39,43,91,124,131,25
[117] Received message from 109: 1|0,10,35,53,71,85,138,146,1,29,51,66,98,52,75,49,59,109,114,24,48,94,95,117
[114] Received message from  75: 1|0,10,35,53,71,85,138,146,1,29,51,66,98,52,75,49,59,65,73,109,114
[ 33] Received message from 119: 1|10,35,53,71,85,138,146,1,29,51,66,98,52,75,49,59,109,114,17,20,24,48,73,94,69,95,103,116,117,70,76,108,128,15,39,43,91,124,131,25,38,60,119,33
[ 23] Received message from  33: 1|0,10,35,53,71,85,138,146,1,5,28,57,62,63,92,16,18,29,83,148,6,97,112,130,133,22,31,47,72,79,99,115,3,46,55,68,45,104,139,32,33,23,60,119
[ 89] Received message from 149: 1|0,10,35,53,71,85,138,146,1,5,28,57,62,63,92,16,18,29,83,148,37,44,54,81,93,105,87,121,127,132,149,9,78,89,111,134
[123] Received message from 102: 1|0,10,35,53,71,85,138,146,1,5,28,57,62,63,92,16,18,29,83,148,6,97,112,130,133,22,31,47,72,79,99,115,61,106,8,36,67,88,129,136,137,140,144,42,82,102,125,143,150,11,100,123
[ 56] Sent Broadcast: 1|0,10,35,53,71,85,138,146,1,5,28,57,62,63,92,16,18,29,83,148,37,44,54,81,93,105,87,121,127,132,149,56,78,89,110,111,7,13,84,126,140
[ 89] Sent Broadcast: 1|0,10,35,53,71,85,138,146,1,5,28,57,62,63,92,16,18,29,83,148,37,44,54,81,93,105,87,121,127,132,149,56,78,89,110,111,7,84,126,140
[ 82] Received message from 129: 1|0,10,35,53,71,85,138,146,1,5,28,57,62,63,92,16,18,29,83,148,6,97,112,130,133,22,31,47,72,79,99,115,61,106,8,36,67,88,129,136,137,140,144,82,102,126
[128] Received message from  69: 1|10,35,53,71,85,138,146,1,29,51,66,98,52,75,49,59,109,114,17,20,24,48,73,94,69,95,103,116,117,70,76,108,128
[113] Received message from 126: 1|0,10,35,53,71,85,138,146,1,5,28,57,62,63,92,16,18,29,83,148,37,44,54,81,93,105,87,121,127,132,149,56,78,89,110,111,7,13,84,126,140,82,113,120,129,137,144
[127] Received message from  93: 1|0,10,35,53,71,85,138,146,1,5,28,57,62,63,92,16,18,29,83,148,37,44,54,81,93,105,9,41,87,121,127,132,134,149
[104] Received message from  68: 1|0,10,35,53,71,85,138,146,1,5,28,57,62,63,92,16,18,29,83,148,6,97,112,130,133,22,31,47,72,79,99,115,61,106,8,36,67,88,129,136,137,140,144,42,82,102,125,143,150,11,123,100,68,3,104
[105] Received message from  81: 1|0,10,35,53,71,85,138,146,1,5,28,57,62,63,92,50,58,81,96,141,142,147,4,16,37,44,54,93,105,127,148
[ 93] Received message from 148: 1|0,10,35,53,71,85,138,146,1,5,28,57,62,63,92,16,29,83,148,37,44,54,81,93,105,147
[126] Received message from 144: 1|0,10,35,53,71,85,138,146,1,5,28,57,62,63,92,16,18,29,83,148,6,97,112,130,133,22,31,47,72,79,99,115,61,106,13,144,7,36,126,129,136,137,140
[ 60] Received message from  38: 1|10,35,53,71,85,138,146,1,29,51,66,98,52,75,49,59,109,114,17,20,24,48,73,94,69,95,103,116,117,70,76,108,128,15,39,43,91,124,131,25,38,60,119
[  8] Received message from 137: 1|0,10,35,53,71,85,138,146,1,5,28,57,62,63,92,16,18,29,83,148,37,44,54,81,93,105,87,121,127,132,149,56,78,89,110,111,7,13,84,126,140,82,113,120,137,144,8,36,61,129,136
[ 11] Received message from 125: 1|0,10,35,53,71,85,138,146,1,5,28,57,62,63,92,16,18,29,83,148,6,97,112,130,133,22,31,47,72,79,99,115,61,106,8,36,67,88,129,136,137,140,144,42,82,102,125,143,150,11,100
[ 33] Received message from  60: 1|10,35,53,71,85,138,146,1,29,51,66,98,52,75,49,59,109,114,17,20,24,48,73,94,69,95,103,116,117,70,76,108,128,15,39,43,91,124,131,25,38,60,119,23,33
[139] Received message from   3: 1|0,10,35,53,71,85,138,146,1,5,28,57,62,63,92,16,18,29,83,148,6,97,112,130,133,22,31,47,72,79,99,115,3,46,55,68,45,104,139
[144] Received message from   7: 1|0,10,35,53,71,85,138,146,1,5,28,57,62,63,92,16,18,29,83,148,37,44,54,81,93,105,87,121,127,132,149,56,78,89,110,111,7,13,84,126,140,82,113,120,137,144
[129] Received message from  82: 1|0,10,35,53,71,85,138,146,1,5,28,57,62,63,92,16,18,29,83,148,37,44,54,81,93,105,87,121,127,132,149,56,78,89,110,111,7,13,84,126,140,82,113,120,137,144,8,36,88,123,129,136
[148] Received message from  63: 1|0,10,35,53,71,85,138,146,1,5,28,57,62,63,92,16,37,44,54,81,83,105,147,148
[ 94] Received message from 114: 1|0,10,35,53,71,85,138,146,1,29,51,66,98,52,75,114,48,49,59,73,94,109
[ 67] Received message from 115: 1|0,10,35,53,71,85,138,146,1,5,28,57,62,63,92,16,18,29,83,148,6,97,112,130,133,22,31,47,72,79,99,115,3,67,68
[106] Received message from 130: 1|0,10,35,53,71,85,138,146,1,5,28,57,62,63,92,16,18,29,83,148,6,97,112,130,133,22,31,72,79,106
[  8] Received message from 150: 1|0,10,35,53,71,85,138,146,1,5,28,57,62,63,92,16,18,29,83,148,6,97,112,130,133,22,31,47,72,79,99,115,61,67,68,150,8,11,42,100,102,125
[ 45] Received message from  55: 1|0,10,35,53,71,85,138,146,1,5,28,57,62,63,92,16,18,29,83,148,6,97,112,130,133,22,31,47,72,79,99,115,3,46,55,68,45,104,139
[ 47] Sent Broadcast: 1|0,10,35,53,71,85,138,146,1,5,28,57,62,63,92,16,18,29,83,148,6,97,112,130,133,22,31,47,72,79,99,115,61,67,68,150
[ 95] Sent Broadcast: 1|10,35,53,71,85,138,146,1,29,51,66,98,52,75,49,59,109,114,17,20,24,48,73,94,69,95,103,116,117,70,128
[102] Received message from  88: 1|0,10,35,53,71,85,138,146,1,5,28,57,62,63,92,16,18,29,83,148,6,97,112,130,133,22,31,47,72,79,99,115,61,106,8,36,67,88,129,136,137,140,144,42,82,102,123,125,143
[ 15] Received message from 108: 1|10,35,53,71,85,138,146,1,29,51,66,98,52,75,49,59,109,114,17,20,24,48,73,94,69,95,103,116,117,70,76,108,128,15,23,25,39,43,91,124,131
[143] Received message from   8: 1|0,10,35,53,71,85,138,146,1,5,28,57,62,63,92,16,18,29,83,148,6,97,112,130,133,22,31,47,72,79,99,115,61,106,8,36,67,88,129,136,137,140,144,42,82,102,125,143,150
[ 69] Received message from 117: 1|0,10,35,53,71,85,138,146,1,29,51,66,98,52,75,49,59,109,114,24,48,94,95,117,69,70,103,116,128
[117] Received message from  24: 1|0,10,35,53,71,85,138,146,1,29,51,66,98,52,75,49,59,109,114,17,20,24,48,73,94,69,95,103,116,117
[137] Received message from 110: 1|0,10,35,53,71,85,138,146,1,5,28,57,62,63,92,16,18,29,83,148,37,44,54,81,93,105,87,121,127,132,149,56,78,89,110,111,7,84,126,137,140
[134] Received message from 132: 1|0,10,35,53,71,85,138,146,1,5,28,57,62,63,92,16,18,29,83,148,37,44,54,81,93,105,87,121,127,132,149,9,78,111,134
[ 91] Received message from  70: 1|10,35,53,71,85,138,146,1,29,51,66,98,52,75,49,59,109,114,17,20,24,48,73,94,69,95,103,116,117,70,76,108,128,15,39,43,91,124,131
[149] Received message from 105: 1|0,10,35,53,71,85,138,146,1,5,28,57,62,63,92,16,18,29,83,148,37,44,54,81,93,105,87,121,132,149
[105] Received message from  92: 1|0,10,35,53,71,85,138,146,1,5,28,57,62,63,92,16,37,44,54,81,83,105,148
[104] Received message from  46: 1|0,10,35,53,71,85,138,146,1,5,28,57,62,63,92,16,18,29,83,148,6,97,112,130,133,22,31,47,72,79,99,115,3,46,55,68,45,104,139
[ 94] Sent Broadcast: 1|0,10,35,53,71,85,138,146,1,29,51,66,98,52,75,49,59,109,114,24,48,94,95,117,20,103,116
[122] Sent Broadcast: 1|0,10,35,53,71,85,138,146,1,96,141,142,21,34,57,77,118,145,40,90,122,2,12,101
[ 68] Sent Broadcast: 1|0,10,35,53,71,85,138,146,1,5,28,57,62,63,92,16,18,29,83,148,6,97,112,130,133,22,31,47,72,79,99,115,61,106,8,36,67,88,129,136,137,140,144,42,82,102,125,143,150,11,123,100,68,3,104
[ 68] Received message from  79: 1|0,10,35,53,71,85,138,146,1,5,28,57,62,63,92,16,18,29,83,148,6,97,112,130,133,22,31,47,72,79,99,115,3,46,55,68
[ 55] Received message from  99: 1|0,10,35,53,71,85,138,146,1,5,28,57,62,63,92,16,18,29,83,148,6,97,112,130,133,22,31,47,72,79,99,115,3,46,55,139
[ 94] Received message from  59: 1|0,10,35,53,71,85,138,146,1,29,51,66,98,52,75,49,59,109,114,17,20,24,48,65,73,94,135
[ 39] Received message from  76: 1|10,35,53,71,85,138,146,1,29,51,66,98,52,75,49,59,109,114,17,20,24,48,73,94,69,95,103,116,117,70,76,108,128,15,25,39,43,91,124
[ 82] Received message from 140: 1|10,35,53,71,85,138,146,1,5,28,57,62,63,92,16,18,29,83,148,6,97,112,130,133,13,22,31,72,106,56,140,144,7,36,61,82,84,89,110,120,126,129,136,137
[ 32] Received message from 139: 1|0,10,35,53,71,85,138,146,1,5,28,57,62,63,92,16,18,29,83,148,6,97,112,130,133,22,31,47,72,79,99,115,3,46,55,68,45,104,139,32
[136] Received message from  61: 1|0,10,35,53,71,85,138,146,1,5,28,57,62,63,92,16,18,29,83,148,6,97,112,130,133,22,31,47,72,79,99,115,61,106,8,36,67,88,129,136,137,140,144
[ 88] Received message from  67: 1|0,10,35,53,71,85,138,146,1,5,28,57,62,63,92,16,18,29,83,148,6,97,112,130,133,22,31,47,72,79,99,115,61,67,68,150,8,36,42,88,102,125,129,136
[109] Sent Broadcast: 1|0,10,35,53,71,85,138,146,1,29,51,66,98,52,75,49,59,109,114,24,48,94,95,117
[ 79] Sent Broadcast: 1|0,10,35,53,71,85,138,146,1,5,28,57,62,63,92,16,18,29,83,148,6,97,112,130,133,22,31,47,72,79,99,115,3,46,55,68
[ 75] Sent Broadcast: 1|0,10,35,53,71,85,138,146,1,29,51,66,98,52,75,49,59,65,73,109,114
[119] Sent Broadcast: 1|10,35,53,71,85,138,146,1,29,51,66,98,52,75,49,59,109,114,17,20,24,48,73,94,69,95,103,116,117,70,76,108,128,15,39,43,91,124,131,25,38,60,119,33
[134] Received message from 121: 1|0,10,35,53,71,85,138,146,1,5,28,57,62,63,92,16,18,29,83,148,37,44,54,81,93,105,87,121,127,132,149,56,78,89,110,111,134
[111] Received message from 149: 1|0,10,35,53,71,85,138,146,1,5,28,57,62,63,92,16,18,29,83,148,37,44,54,81,93,105,87,121,127,132,149,9,78,89,111,134
[108] Received message from 116: 1|10,35,53,71,85,138,146,1,29,51,66,98,52,75,49,59,109,114,17,20,24,48,73,94,69,95,103,116,117,70,108,128,131
[ 25] Received message from  91: 1|10,35,53,71,85,138,146,1,29,51,66,98,52,75,49,59,109,114,17,20,24,48,73,94,69,95,103,116,117,70,76,108,128,15,39,43,91,124,131,25,38
[ 86] Received message from 143: 1|0,10,35,53,71,85,138,146,1,5,28,57,62,63,92,16,18,29,83,148,6,97,112,130,133,22,31,47,72,79,99,115,61,106,8,36,67,88,129,136,137,140,144,42,82,102,125,143,150,86,123
[ 76] Received message from 128: 1|10,35,53,71,85,138,146,1,29,51,66,98,52,75,49,59,109,114,17,20,24,48,73,94,69,95,103,116,117,70,128,23,76,108,124,131
[  7] Sent Broadcast: 1|0,10,35,53,71,85,138,146,1,5,28,57,62,63,92,16,18,29,83,148,37,44,54,81,93,105,87,121,127,132,149,56,78,89,110,111,7,13,84,126,140,82,113,120,137,144
[  3] Sent Broadcast: 1|0,10,35,53,71,85,138,146,1,5,28,57,62,63,92,16,18,29,83,148,6,97,112,130,133,22,31,47,72,79,99,115,3,46,55,68,45,104,139
[ 63] Sent Broadcast: 1|0,10,35,53,71,85,138,146,1,5,28,57,62,63,92,16,37,44,54,81,83,105,147,148
[102] Sent Broadcast: 1|0,10,35,53,71,85,138,146,1,5,28,57,62,63,92,16,18,29,83,148,6,97,112,130,133,22,31,47,72,79,99,115,61,106,8,36,67,88,129,136,137,140,144,42,82,102,125,143,150,11,100,123
[130] Sent Broadcast: 1|0,10,35,53,71,85,138,146,1,5,28,57,62,63,92,16,18,29,83,148,6,97,112,130,133,22,31,72,79,106
[121] Received message from 134: 1|0,10,35,53,71,85,138,146,1,5,28,57,62,63,92,16,18,29,83,148,37,44,54,81,93,105,127,147,4,9,26,41,50,64,134,111,121,132,149
[ 60] Received message from  33: 1|0,10,35,53,71,85,138,146,1,5,28,57,62,63,92,16,18,29,83,148,6,97,112,130,133,22,31,47,72,79,99,115,3,46,55,68,45,104,139,32,33,23,60,119
[ 43] Sent Broadcast: 1|10,35,53,71,85,138,146,1,29,51,66,98,52,75,49,59,109,114,17,20,24,48,73,94,69,95,103,116,117,70,76,108,128,15,39,43,91,124,131,25
[ 69] Sent Broadcast: 1|10,35,53,71,85,138,146,1,29,51,66,98,52,75,49,59,109,114,17,20,24,48,73,94,69,95,103,116,117,70,76,108,128
[149] Received message from   9: 1|10,35,53,71,85,138,146,1,5,28,57,62,63,92,16,18,29,83,148,37,44,54,81,93,105,9,50,127,147,4,26,41,64,132,134,149
[117] Received message from  48: 1|0,10,35,53,71,85,138,146,1,29,51,66,98,52,75,114,48,49,59,73,94,109,20,24,95,103,117
[107] Received message from  73: 1|0,10,35,53,71,85,138,146,1,29,51,66,98,52,75,49,59,65,73,109,114,17,80,107,135
[ 42] Received message from 136: 1|0,10,35,53,71,85,138,146,1,5,28,57,62,63,92,16,18,29,83,148,6,97,112,130,133,22,31,47,72,79,99,115,61,106,8,36,67,88,129,136,137,140,144,42,82,102
[105] Sent Broadcast: 1|0,10,35,53,71,85,138,146,1,5,28,57,62,63,92,16,18,29,83,148,37,44,54,81,93,105,87,121,132,149
[132] Sent Broadcast: 1|0,10,35,53,71,85,138,146,1,5,28,57,62,63,92,16,18,29,83,148,37,44,54,81,93,105,87,121,127,132,149,9,78,111,134
[139] Sent Broadcast: 1|0,10,35,53,71,85,138,146,1,5,28,57,62,63,92,16,18,29,83,148,6,97,112,130,133,22,31,47,72,79,99,115,3,46,55,68,45,104,139,32
[ 60] Sent Broadcast: 1|10,35,53,71,85,138,146,1,29,51,66,98,52,75,49,59,109,114,17,20,24,48,73,94,69,95,103,116,117,70,76,108,128,15,39,43,91,124,131,25,38,60,119,23,33
[ 24] Sent Broadcast: 1|0,10,35,53,71,85,138,146,1,29,51,66,98,52,75,49,59,109,114,17,20,24,48,73,94,69,95,103,116,117
[ 48] Sent Broadcast: 1|0,10,35,53,71,85,138,146,1,29,51,66,98,52,75,114,48,49,59,73,94,109,20,24,95,103,117
[  9] Sent Broadcast: 1|10,35,53,71,85,138,146,1,5,28,57,62,63,92,16,18,29,83,148,37,44,54,81,93,105,9,50,127,147,4,26,41,64,132,134,149
[121] Sent Broadcast: 1|0,10,35,53,71,85,138,146,1,5,28,57,62,63,92,16,18,29,83,148,37,44,54,81,93,105,87,121,127,132,149,56,78,89,110,111,134
[148] Received message from  92: 1|0,10,35,53,71,85,138,146,1,5,28,57,62,63,92,16,37,44,54,81,83,105,148
[ 23] Received message from 108: 1|10,35,53,71,85,138,146,1,29,51,66,98,52,75,49,59,109,114,17,20,24,48,73,94,69,95,103,116,117,70,76,108,128,15,23,25,39,43,91,124,131
[105] Received message from 148: 1|0,10,35,53,71,85,138,146,1,5,28,57,62,63,92,16,29,83,148,37,44,54,81,93,105,147
[123] Received message from  88: 1|0,10,35,53,71,85,138,146,1,5,28,57,62,63,92,16,18,29,83,148,6,97,112,130,133,22,31,47,72,79,99,115,61,106,8,36,67,88,129,136,137,140,144,42,82,102,123,125,143
[102] Received message from 129: 1|0,10,35,53,71,85,138,146,1,5,28,57,62,63,92,16,18,29,83,148,6,97,112,130,133,22,31,47,72,79,99,115,61,106,8,36,67,88,129,136,137,140,144,82,102,126
[137] Received message from  61: 1|0,10,35,53,71,85,138,146,1,5,28,57,62,63,92,16,18,29,83,148,6,97,112,130,133,22,31,47,72,79,99,115,61,106,8,36,67,88,129,136,137,140,144
[100] Received message from 125: 1|0,10,35,53,71,85,138,146,1,5,28,57,62,63,92,16,18,29,83,148,6,97,112,130,133,22,31,47,72,79,99,115,61,106,8,36,67,88,129,136,137,140,144,42,82,102,125,143,150,11,100
[150] Received message from   8: 1|0,10,35,53,71,85,138,146,1,5,28,57,62,63,92,16,18,29,83,148,6,97,112,130,133,22,31,47,72,79,99,115,61,106,8,36,67,88,129,136,137,140,144,42,82,102,125,143,150
[109] Received message from 114: 1|0,10,35,53,71,85,138,146,1,29,51,66,98,52,75,114,48,49,59,73,94,109
[ 68] Received message from 115: 1|0,10,35,53,71,85,138,146,1,5,28,57,62,63,92,16,18,29,83,148,6,97,112,130,133,22,31,47,72,79,99,115,3,67,68
[ 36] Received message from 137: 1|0,10,35,53,71,85,138,146,1,5,28,57,62,63,92,16,18,29,83,148,37,44,54,81,93,105,87,121,127,132,149,56,78,89,110,111,7,13,84,126,140,82,113,120,137,144,8,36,61,129,136
[119] Received message from  38: 1|10,35,53,71,85,138,146,1,29,51,66,98,52,75,49,59,109,114,17,20,24,48,73,94,69,95,103,116,117,70,76,108,128,15,39,43,91,124,131,25,38,60,119
[ 11] Received message from 150: 1|0,10,35,53,71,85,138,146,1,5,28,57,62,63,92,16,18,29,83,148,6,97,112,130,133,22,31,47,72,79,99,115,61,67,68,150,8,11,42,100,102,125
[ 38] Received message from  91: 1|10,35,53,71,85,138,146,1,29,51,66,98,52,75,49,59,109,114,17,20,24,48,73,94,69,95,103,116,117,70,76,108,128,15,39,43,91,124,131,25,38
[104] Received message from  55: 1|0,10,35,53,71,85,138,146,1,5,28,57,62,63,92,16,18,29,83,148,6,97,112,130,133,22,31,47,72,79,99,115,3,46,55,68,45,104,139
[ 92] Sent Broadcast: 1|0,10,35,53,71,85,138,146,1,5,28,57,62,63,92,16,37,44,54,81,83,105,148
[120] Received message from 126: 1|0,10,35,53,71,85,138,146,1,5,28,57,62,63,92,16,18,29,83,148,37,44,54,81,93,105,87,121,127,132,149,56,78,89,110,111,7,13,84,126,140,82,113,120,129,137,144
[136] Received message from  82: 1|0,10,35,53,71,85,138,146,1,5,28,57,62,63,92,16,18,29,83,148,37,44,54,81,93,105,87,121,127,132,149,56,78,89,110,111,7,13,84,126,140,82,113,120,137,144,8,36,88,123,129,136
[123] Received message from 143: 1|0,10,35,53,71,85,138,146,1,5,28,57,62,63,92,16,18,29,83,148,6,97,112,130,133,22,31,47,72,79,99,115,61,106,8,36,67,88,129,136,137,140,144,42,82,102,125,143,150,86,123
[127] Received message from  81: 1|0,10,35,53,71,85,138,146,1,5,28,57,62,63,92,50,58,81,96,141,142,147,4,16,37,44,54,93,105,127,148
[139] Received message from  99: 1|0,10,35,53,71,85,138,146,1,5,28,57,62,63,92,16,18,29,83,148,6,97,112,130,133,22,31,47,72,79,99,115,3,46,55,139
[ 70] Received message from 117: 1|0,10,35,53,71,85,138,146,1,29,51,66,98,52,75,49,59,109,114,24,48,94,95,117,69,70,103,116,128
[102] Received message from  67: 1|0,10,35,53,71,85,138,146,1,5,28,57,62,63,92,16,18,29,83,148,6,97,112,130,133,22,31,47,72,79,99,115,61,67,68,150,8,36,42,88,102,125,129,136
[135] Received message from  59: 1|0,10,35,53,71,85,138,146,1,29,51,66,98,52,75,49,59,109,114,17,20,24,48,65,73,94,135
[129] Received message from 144: 1|0,10,35,53,71,85,138,146,1,5,28,57,62,63,92,16,18,29,83,148,6,97,112,130,133,22,31,47,72,79,99,115,61,106,13,144,7,36,126,129,136,137,140
[124] Received message from  70: 1|10,35,53,71,85,138,146,1,29,51,66,98,52,75,49,59,109,114,17,20,24,48,73,94,69,95,103,116,117,70,76,108,128,15,39,43,91,124,131
[119] Received message from  33: 1|0,10,35,53,71,85,138,146,1,5,28,57,62,63,92,16,18,29,83,148,6,97,112,130,133,22,31,47,72,79,99,115,3,46,55,68,45,104,139,32,33,23,60,119
[132] Received message from  93: 1|0,10,35,53,71,85,138,146,1,5,28,57,62,63,92,16,18,29,83,148,37,44,54,81,93,105,9,41,87,121,127,132,134,149
[128] Received message from 116: 1|10,35,53,71,85,138,146,1,29,51,66,98,52,75,49,59,109,114,17,20,24,48,73,94,69,95,103,116,117,70,108,128,131
[ 84] Received message from 140: 1|10,35,53,71,85,138,146,1,5,28,57,62,63,92,16,18,29,83,148,6,97,112,130,133,13,22,31,72,106,56,140,144,7,36,61,82,84,89,110,120,126,129,136,137
[108] Received message from 128: 1|10,35,53,71,85,138,146,1,29,51,66,98,52,75,49,59,109,114,17,20,24,48,73,94,69,95,103,116,117,70,128,23,76,108,124,131
[134] Received message from 149: 1|0,10,35,53,71,85,138,146,1,5,28,57,62,63,92,16,18,29,83,148,37,44,54,81,93,105,87,121,127,132,149,9,78,89,111,134
[140] Received message from 110: 1|0,10,35,53,71,85,138,146,1,5,28,57,62,63,92,16,18,29,83,148,37,44,54,81,93,105,87,121,127,132,149,56,78,89,110,111,7,84,126,137,140
[132] Received message from 134: 1|0,10,35,53,71,85,138,146,1,5,28,57,62,63,92,16,18,29,83,148,37,44,54,81,93,105,127,147,4,9,26,41,50,64,134,111,121,132,149
[ 43] Received message from  76: 1|10,35,53,71,85,138,146,1,29,51,66,98,52,75,49,59,109,114,17,20,24,48,73,94,69,95,103,116,117,70,76,108,128,15,25,39,43,91,124
[129] Received message from 126: 1|0,10,35,53,71,85,138,146,1,5,28,57,62,63,92,16,18,29,83,148,37,44,54,81,93,105,87,121,127,132,149,56,78,89,110,111,7,13,84,126,140,82,113,120,129,137,144
[ 82] Received message from 136: 1|0,10,35,53,71,85,138,146,1,5,28,57,62,63,92,16,18,29,83,148,6,97,112,130,133,22,31,47,72,79,99,115,61,106,8,36,67,88,129,136,137,140,144,42,82,102
[ 25] Received message from 108: 1|10,35,53,71,85,138,146,1,29,51,66,98,52,75,49,59,109,114,17,20,24,48,73,94,69,95,103,116,117,70,76,108,128,15,23,25,39,43,91,124,131
[137] Received message from  84: 1|0,10,35,53,71,85,138,146,1,5,28,57,62,63,92,16,18,29,83,148,37,44,54,81,93,105,87,121,127,132,149,56,78,89,110,111,7,84,113,120,126,137,140
[125] Sent Broadcast: 1|0,10,35,53,71,85,138,146,1,5,28,57,62,63,92,16,18,29,83,148,6,97,112,130,133,22,31,47,72,79,99,115,61,106,8,36,67,88,129,136,137,140,144,42,82,102,125,143,150,11,100
[  8] Sent Broadcast: 1|0,10,35,53,71,85,138,146,1,5,28,57,62,63,92,16,18,29,83,148,6,97,112,130,133,22,31,47,72,79,99,115,61,106,8,36,67,88,129,136,137,140,144,42,82,102,125,143,150
[115] Sent Broadcast: 1|0,10,35,53,71,85,138,146,1,5,28,57,62,63,92,16,18,29,83,148,6,97,112,130,133,22,31,47,72,79,99,115,3,67,68
[114] Sent Broadcast: 1|0,10,35,53,71,85,138,146,1,29,51,66,98,52,75,114,48,49,59,73,94,109
[ 38] Sent Broadcast: 1|10,35,53,71,85,138,146,1,29,51,66,98,52,75,49,59,109,114,17,20,24,48,73,94,69,95,103,116,117,70,76,108,128,15,39,43,91,124,131,25,38,60,119
[ 33] Sent Broadcast: 1|0,10,35,53,71,85,138,146,1,5,28,57,62,63,92,16,18,29,83,148,6,97,112,130,133,22,31,47,72,79,99,115,3,46,55,68,45,104,139,32,33,23,60,119
[ 91] Sent Broadcast: 1|10,35,53,71,85,138,146,1,29,51,66,98,52,75,49,59,109,114,17,20,24,48,73,94,69,95,103,116,117,70,76,108,128,15,39,43,91,124,131,25,38
[125] Received message from  88: 1|0,10,35,53,71,85,138,146,1,5,28,57,62,63,92,16,18,29,83,148,6,97,112,130,133,22,31,47,72,79,99,115,61,106,8,36,67,88,129,136,137,140,144,42,82,102,123,125,143
[135] Received message from  73: 1|0,10,35,53,71,85,138,146,1,29,51,66,98,52,75,49,59,65,73,109,114,17,80,107,135
[ 82] Sent Broadcast: 1|0,10,35,53,71,85,138,146,1,5,28,57,62,63,92,16,18,29,83,148,37,44,54,81,93,105,87,121,127,132,149,56,78,89,110,111,7,13,84,126,140,82,113,120,137,144,8,36,88,123,129,136
[ 99] Sent Broadcast: 1|0,10,35,53,71,85,138,146,1,5,28,57,62,63,92,16,18,29,83,148,6,97,112,130,133,22,31,47,72,79,99,115,3,46,55,139
[ 59] Sent Broadcast: 1|0,10,35,53,71,85,138,146,1,29,51,66,98,52,75,49,59,109,114,17,20,24,48,65,73,94,135
[ 73] Sent Broadcast: 1|0,10,35,53,71,85,138,146,1,29,51,66,98,52,75,49,59,65,73,109,114,17,80,107,135
[ 42] Received message from 150: 1|0,10,35,53,71,85,138,146,1,5,28,57,62,63,92,16,18,29,83,148,6,97,112,130,133,22,31,47,72,79,99,115,61,67,68,150,8,11,42,100,102,125
[110] Sent Broadcast: 1|0,10,35,53,71,85,138,146,1,5,28,57,62,63,92,16,18,29,83,148,37,44,54,81,93,105,87,121,127,132,149,56,78,89,110,111,7,84,126,137,140
[147] Received message from 148: 1|0,10,35,53,71,85,138,146,1,5,28,57,62,63,92,16,29,83,148,37,44,54,81,93,105,147
[149] Sent Broadcast: 1|0,10,35,53,71,85,138,146,1,5,28,57,62,63,92,16,18,29,83,148,37,44,54,81,93,105,87,121,127,132,149,9,78,89,111,134
[143] Sent Broadcast: 1|0,10,35,53,71,85,138,146,1,5,28,57,62,63,92,16,18,29,83,148,6,97,112,130,133,22,31,47,72,79,99,115,61,106,8,36,67,88,129,136,137,140,144,42,82,102,125,143,150,86,123
[ 23] Received message from 124: 1|10,35,53,71,85,138,146,1,29,51,66,98,52,75,49,59,109,114,17,20,24,48,73,94,69,95,103,116,117,70,76,108,128,15,39,43,91,124,131,23,25,38,60,119
[125] Received message from  67: 1|0,10,35,53,71,85,138,146,1,5,28,57,62,63,92,16,18,29,83,148,6,97,112,130,133,22,31,47,72,79,99,115,61,67,68,150,8,36,42,88,102,125,129,136
[148] Received message from  81: 1|0,10,35,53,71,85,138,146,1,5,28,57,62,63,92,50,58,81,96,141,142,147,4,16,37,44,54,93,105,127,148
[124] Received message from 128: 1|10,35,53,71,85,138,146,1,29,51,66,98,52,75,49,59,109,114,17,20,24,48,73,94,69,95,103,116,117,70,128,23,76,108,124,131
[139] Received message from  46: 1|0,10,35,53,71,85,138,146,1,5,28,57,62,63,92,16,18,29,83,148,6,97,112,130,133,22,31,47,72,79,99,115,3,46,55,68,45,104,139
[ 61] Received message from 137: 1|0,10,35,53,71,85,138,146,1,5,28,57,62,63,92,16,18,29,83,148,37,44,54,81,93,105,87,121,127,132,149,56,78,89,110,111,7,13,84,126,140,82,113,120,137,144,8,36,61,129,136
[139] Received message from  55: 1|0,10,35,53,71,85,138,146,1,5,28,57,62,63,92,16,18,29,83,148,6,97,112,130,133,22,31,47,72,79,99,115,3,46,55,68,45,104,139
[126] Received message from 129: 1|0,10,35,53,71,85,138,146,1,5,28,57,62,63,92,16,18,29,83,148,6,97,112,130,133,22,31,47,72,79,99,115,61,106,8,36,67,88,129,136,137,140,144,82,102,126
[148] Sent Broadcast: 1|0,10,35,53,71,85,138,146,1,5,28,57,62,63,92,16,29,83,148,37,44,54,81,93,105,147
[129] Sent Broadcast: 1|0,10,35,53,71,85,138,146,1,5,28,57,62,63,92,16,18,29,83,148,6,97,112,130,133,22,31,47,72,79,99,115,61,106,8,36,67,88,129,136,137,140,144,82,102,126
[ 89] Received message from 140: 1|10,35,53,71,85,138,146,1,5,28,57,62,63,92,16,18,29,83,148,6,97,112,130,133,13,22,31,72,106,56,140,144,7,36,61,82,84,89,110,120,126,129,136,137
[103] Received message from 117: 1|0,10,35,53,71,85,138,146,1,29,51,66,98,52,75,49,59,109,114,24,48,94,95,117,69,70,103,116,128
[140] Received message from  61: 1|0,10,35,53,71,85,138,146,1,5,28,57,62,63,92,16,18,29,83,148,6,97,112,130,133,22,31,47,72,79,99,115,61,106,8,36,67,88,129,136,137,140,144
[ 81] Sent Broadcast: 1|0,10,35,53,71,85,138,146,1,5,28,57,62,63,92,50,58,81,96,141,142,147,4,16,37,44,54,93,105,127,148
[ 46] Sent Broadcast: 1|0,10,35,53,71,85,138,146,1,5,28,57,62,63,92,16,18,29,83,148,6,97,112,130,133,22,31,47,72,79,99,115,3,46,55,68,45,104,139
[143] Received message from  88: 1|0,10,35,53,71,85,138,146,1,5,28,57,62,63,92,16,18,29,83,148,6,97,112,130,133,22,31,47,72,79,99,115,61,106,8,36,67,88,129,136,137,140,144,42,82,102,123,125,143
[134] Received message from  93: 1|0,10,35,53,71,85,138,146,1,5,28,57,62,63,92,16,18,29,83,148,37,44,54,81,93,105,9,41,87,121,127,132,134,149
[137] Received message from 126: 1|0,10,35,53,71,85,138,146,1,5,28,57,62,63,92,16,18,29,83,148,37,44,54,81,93,105,87,121,127,132,149,56,78,89,110,111,7,13,84,126,140,82,113,120,129,137,144
[140] Received message from  84: 1|0,10,35,53,71,85,138,146,1,5,28,57,62,63,92,16,18,29,83,148,37,44,54,81,93,105,87,121,127,132,149,56,78,89,110,111,7,84,113,120,126,137,140
[ 39] Received message from 108: 1|10,35,53,71,85,138,146,1,29,51,66,98,52,75,49,59,109,114,17,20,24,48,73,94,69,95,103,116,117,70,76,108,128,15,23,25,39,43,91,124,131
[ 55] Sent Broadcast: 1|0,10,35,53,71,85,138,146,1,5,28,57,62,63,92,16,18,29,83,148,6,97,112,130,133,22,31,47,72,79,99,115,3,46,55,68,45,104,139
[131] Received message from  70: 1|10,35,53,71,85,138,146,1,29,51,66,98,52,75,49,59,109,114,17,20,24,48,73,94,69,95,103,116,117,70,76,108,128,15,39,43,91,124,131
[129] Received message from  67: 1|0,10,35,53,71,85,138,146,1,5,28,57,62,63,92,16,18,29,83,148,6,97,112,130,133,22,31,47,72,79,99,115,61,67,68,150,8,36,42,88,102,125,129,136
[102] Received message from 136: 1|0,10,35,53,71,85,138,146,1,5,28,57,62,63,92,16,18,29,83,148,6,97,112,130,133,22,31,47,72,79,99,115,61,106,8,36,67,88,129,136,137,140,144,42,82,102
[ 91] Received message from  76: 1|10,35,53,71,85,138,146,1,29,51,66,98,52,75,49,59,109,114,17,20,24,48,73,94,69,95,103,116,117,70,76,108,128,15,25,39,43,91,124
[ 88] Sent Broadcast: 1|0,10,35,53,71,85,138,146,1,5,28,57,62,63,92,16,18,29,83,148,6,97,112,130,133,22,31,47,72,79,99,115,61,106,8,36,67,88,129,136,137,140,144,42,82,102,123,125,143
[149] Received message from 134: 1|0,10,35,53,71,85,138,146,1,5,28,57,62,63,92,16,18,29,83,148,37,44,54,81,93,105,127,147,4,9,26,41,50,64,134,111,121,132,149
[110] Received message from 140: 1|10,35,53,71,85,138,146,1,5,28,57,62,63,92,16,18,29,83,148,6,97,112,130,133,13,22,31,72,106,56,140,144,7,36,61,82,84,89,110,120,126,129,136,137
[131] Received message from 116: 1|10,35,53,71,85,138,146,1,29,51,66,98,52,75,49,59,109,114,17,20,24,48,73,94,69,95,103,116,117,70,108,128,131
[136] Sent Broadcast: 1|0,10,35,53,71,85,138,146,1,5,28,57,62,63,92,16,18,29,83,148,6,97,112,130,133,22,31,47,72,79,99,115,61,106,8,36,67,88,129,136,137,140,144,42,82,102
[116] Received message from 117: 1|0,10,35,53,71,85,138,146,1,29,51,66,98,52,75,49,59,109,114,24,48,94,95,117,69,70,103,116,128
[129] Received message from 137: 1|0,10,35,53,71,85,138,146,1,5,28,57,62,63,92,16,18,29,83,148,37,44,54,81,93,105,87,121,127,132,149,56,78,89,110,111,7,13,84,126,140,82,113,120,137,144,8,36,61,129,136
[100] Received message from 150: 1|0,10,35,53,71,85,138,146,1,5,28,57,62,63,92,16,18,29,83,148,6,97,112,130,133,22,31,47,72,79,99,115,61,67,68,150,8,11,42,100,102,125
[136] Received message from 144: 1|0,10,35,53,71,85,138,146,1,5,28,57,62,63,92,16,18,29,83,148,6,97,112,130,133,22,31,47,72,79,99,115,61,106,13,144,7,36,126,129,136,137,140
[ 25] Received message from 124: 1|10,35,53,71,85,138,146,1,29,51,66,98,52,75,49,59,109,114,17,20,24,48,73,94,69,95,103,116,117,70,76,108,128,15,39,43,91,124,131,23,25,38,60,119
[131] Received message from 128: 1|10,35,53,71,85,138,146,1,29,51,66,98,52,75,49,59,109,114,17,20,24,48,73,94,69,95,103,116,117,70,128,23,76,108,124,131
[ 70] Sent Broadcast: 1|10,35,53,71,85,138,146,1,29,51,66,98,52,75,49,59,109,114,17,20,24,48,73,94,69,95,103,116,117,70,76,108,128,15,39,43,91,124,131
[ 84] Sent Broadcast: 1|0,10,35,53,71,85,138,146,1,5,28,57,62,63,92,16,18,29,83,148,37,44,54,81,93,105,87,121,127,132,149,56,78,89,110,111,7,84,113,120,126,137,140
[116] Sent Broadcast: 1|10,35,53,71,85,138,146,1,29,51,66,98,52,75,49,59,109,114,17,20,24,48,73,94,69,95,103,116,117,70,108,128,131
[ 23] Received message from 131: 1|10,35,53,71,85,138,146,1,29,51,66,98,52,75,49,59,109,114,17,20,24,48,73,94,69,95,103,116,117,70,76,108,128,15,39,43,91,124,131,23
[134] Sent Broadcast: 1|0,10,35,53,71,85,138,146,1,5,28,57,62,63,92,16,18,29,83,148,37,44,54,81,93,105,127,147,4,9,26,41,50,64,134,111,121,132,149
[128] Sent Broadcast: 1|10,35,53,71,85,138,146,1,29,51,66,98,52,75,49,59,109,114,17,20,24,48,73,94,69,95,103,116,117,70,128,23,76,108,124,131
[131] Sent Broadcast: 1|10,35,53,71,85,138,146,1,29,51,66,98,52,75,49,59,109,114,17,20,24,48,73,94,69,95,103,116,117,70,76,108,128,15,39,43,91,124,131,23
[136] Received message from  67: 1|0,10,35,53,71,85,138,146,1,5,28,57,62,63,92,16,18,29,83,148,6,97,112,130,133,22,31,47,72,79,99,115,61,67,68,150,8,36,42,88,102,125,129,136
[149] Received message from  93: 1|0,10,35,53,71,85,138,146,1,5,28,57,62,63,92,16,18,29,83,148,37,44,54,81,93,105,9,41,87,121,127,132,134,149
[ 43] Received message from 108: 1|10,35,53,71,85,138,146,1,29,51,66,98,52,75,49,59,109,114,17,20,24,48,73,94,69,95,103,116,117,70,76,108,128,15,23,25,39,43,91,124,131
[144] Received message from  61: 1|0,10,35,53,71,85,138,146,1,5,28,57,62,63,92,16,18,29,83,148,6,97,112,130,133,22,31,47,72,79,99,115,61,106,8,36,67,88,129,136,137,140,144
[ 38] Received message from 124: 1|10,35,53,71,85,138,146,1,29,51,66,98,52,75,49,59,109,114,17,20,24,48,73,94,69,95,103,116,117,70,76,108,128,15,39,43,91,124,131,23,25,38,60,119
[ 61] Sent Broadcast: 1|0,10,35,53,71,85,138,146,1,5,28,57,62,63,92,16,18,29,83,148,6,97,112,130,133,22,31,47,72,79,99,115,61,106,8,36,67,88,129,136,137,140,144
[136] Received message from 137: 1|0,10,35,53,71,85,138,146,1,5,28,57,62,63,92,16,18,29,83,148,37,44,54,81,93,105,87,121,127,132,149,56,78,89,110,111,7,13,84,126,140,82,113,120,137,144,8,36,61,129,136
[ 67] Sent Broadcast: 1|0,10,35,53,71,85,138,146,1,5,28,57,62,63,92,16,18,29,83,148,6,97,112,130,133,22,31,47,72,79,99,115,61,67,68,150,8,36,42,88,102,125,129,136
[124] Received message from  76: 1|10,35,53,71,85,138,146,1,29,51,66,98,52,75,49,59,109,114,17,20,24,48,73,94,69,95,103,116,117,70,76,108,128,15,25,39,43,91,124
[137] Sent Broadcast: 1|0,10,35,53,71,85,138,146,1,5,28,57,62,63,92,16,18,29,83,148,37,44,54,81,93,105,87,121,127,132,149,56,78,89,110,111,7,13,84,126,140,82,113,120,137,144,8,36,61,129,136
[102] Received message from 150: 1|0,10,35,53,71,85,138,146,1,5,28,57,62,63,92,16,18,29,83,148,6,97,112,130,133,22,31,47,72,79,99,115,61,67,68,150,8,11,42,100,102,125
[120] Received message from 140: 1|10,35,53,71,85,138,146,1,5,28,57,62,63,92,16,18,29,83,148,6,97,112,130,133,13,22,31,72,106,56,140,144,7,36,61,82,84,89,110,120,126,129,136,137
[137] Received message from 144: 1|0,10,35,53,71,85,138,146,1,5,28,57,62,63,92,16,18,29,83,148,6,97,112,130,133,22,31,47,72,79,99,115,61,106,13,144,7,36,126,129,136,137,140
[ 76] Sent Broadcast: 1|10,35,53,71,85,138,146,1,29,51,66,98,52,75,49,59,109,114,17,20,24,48,73,94,69,95,103,116,117,70,76,108,128,15,25,39,43,91,124
[ 93] Sent Broadcast: 1|0,10,35,53,71,85,138,146,1,5,28,57,62,63,92,16,18,29,83,148,37,44,54,81,93,105,9,41,87,121,127,132,134,149
[ 60] Received message from 124: 1|10,35,53,71,85,138,146,1,29,51,66,98,52,75,49,59,109,114,17,20,24,48,73,94,69,95,103,116,117,70,76,108,128,15,39,43,91,124,131,23,25,38,60,119
[144] Received message from 126: 1|0,10,35,53,71,85,138,146,1,5,28,57,62,63,92,16,18,29,83,148,37,44,54,81,93,105,87,121,127,132,149,56,78,89,110,111,7,13,84,126,140,82,113,120,129,137,144
[ 91] Received message from 108: 1|10,35,53,71,85,138,146,1,29,51,66,98,52,75,49,59,109,114,17,20,24,48,73,94,69,95,103,116,117,70,76,108,128,15,23,25,39,43,91,124,131
[125] Received message from 150: 1|0,10,35,53,71,85,138,146,1,5,28,57,62,63,92,16,18,29,83,148,6,97,112,130,133,22,31,47,72,79,99,115,61,67,68,150,8,11,42,100,102,125
[128] Received message from 117: 1|0,10,35,53,71,85,138,146,1,29,51,66,98,52,75,49,59,109,114,24,48,94,95,117,69,70,103,116,128
[119] Received message from 124: 1|10,35,53,71,85,138,146,1,29,51,66,98,52,75,49,59,109,114,17,20,24,48,73,94,69,95,103,116,117,70,76,108,128,15,39,43,91,124,131,23,25,38,60,119
[150] Sent Broadcast: 1|0,10,35,53,71,85,138,146,1,5,28,57,62,63,92,16,18,29,83,148,6,97,112,130,133,22,31,47,72,79,99,115,61,67,68,150,8,11,42,100,102,125
[126] Sent Broadcast: 1|0,10,35,53,71,85,138,146,1,5,28,57,62,63,92,16,18,29,83,148,37,44,54,81,93,105,87,121,127,132,149,56,78,89,110,111,7,13,84,126,140,82,113,120,129,137,144
[124] Sent Broadcast: 1|10,35,53,71,85,138,146,1,29,51,66,98,52,75,49,59,109,114,17,20,24,48,73,94,69,95,103,116,117,70,76,108,128,15,39,43,91,124,131,23,25,38,60,119
[117] Sent Broadcast: 1|0,10,35,53,71,85,138,146,1,29,51,66,98,52,75,49,59,109,114,24,48,94,95,117,69,70,103,116,128
[126] Received message from 140: 1|10,35,53,71,85,138,146,1,5,28,57,62,63,92,16,18,29,83,148,6,97,112,130,133,13,22,31,72,106,56,140,144,7,36,61,82,84,89,110,120,126,129,136,137
[140] Received message from 144: 1|0,10,35,53,71,85,138,146,1,5,28,57,62,63,92,16,18,29,83,148,6,97,112,130,133,22,31,47,72,79,99,115,61,106,13,144,7,36,126,129,136,137,140
[144] Sent Broadcast: 1|0,10,35,53,71,85,138,146,1,5,28,57,62,63,92,16,18,29,83,148,6,97,112,130,133,22,31,47,72,79,99,115,61,106,13,144,7,36,126,129,136,137,140
[124] Received message from 108: 1|10,35,53,71,85,138,146,1,29,51,66,98,52,75,49,59,109,114,17,20,24,48,73,94,69,95,103,116,117,70,76,108,128,15,23,25,39,43,91,124,131
[129] Received message from 140: 1|10,35,53,71,85,138,146,1,5,28,57,62,63,92,16,18,29,83,148,6,97,112,130,133,13,22,31,72,106,56,140,144,7,36,61,82,84,89,110,120,126,129,136,137
[136] Received message from 140: 1|10,35,53,71,85,138,146,1,5,28,57,62,63,92,16,18,29,83,148,6,97,112,130,133,13,22,31,72,106,56,140,144,7,36,61,82,84,89,110,120,126,129,136,137
[131] Received message from 108: 1|10,35,53,71,85,138,146,1,29,51,66,98,52,75,49,59,109,114,17,20,24,48,73,94,69,95,103,116,117,70,76,108,128,15,23,25,39,43,91,124,131
[108] Sent Broadcast: 1|10,35,53,71,85,138,146,1,29,51,66,98,52,75,49,59,109,114,17,20,24,48,73,94,69,95,103,116,117,70,76,108,128,15,23,25,39,43,91,124,131
[137] Received message from 140: 1|10,35,53,71,85,138,146,1,5,28,57,62,63,92,16,18,29,83,148,6,97,112,130,133,13,22,31,72,106,56,140,144,7,36,61,82,84,89,110,120,126,129,136,137
[140] Sent Broadcast: 1|10,35,53,71,85,138,146,1,5,28,57,62,63,92,16,18,29,83,148,6,97,112,130,133,13,22,31,72,106,56,140,144,7,36,61,82,84,89,110,120,126,129,136,137
