[  7] Received message from   1: 1|0,7,15,33,34,50
[ 15] Received message from   1: 1|0,7,15,33,34,50
[  4] Received message from   7: 1|0,7,15,33,34,50,1,4,6,9,42
[ 33] Received message from   1: 1|0,7,15,33,34,50
[  6] Received message from   7: 1|0,7,15,33,34,50,1,4,6,9,42
[ 11] Received message from   4: 1|0,7,15,33,34,50,1,4,6,9,42,11,28,31,40
[  8] Received message from  33: 1|0,7,15,33,34,50,1,8,17,21,37,38
[ 34] Received message from   1: 1|0,7,15,33,34,50
[ 37] Received message from  15: 1|0,7,15,33,34,50,1,37,38,41,49
[  9] Received message from   7: 1|0,7,15,33,34,50,1,4,6,9,42
[ 48] Received message from   8: 1|0,7,15,33,34,50,1,8,17,21,37,38,48
[ 17] Received message from  33: 1|0,7,15,33,34,50,1,8,17,21,37,38
[ 37] Received message from  34: 1|0,7,15,33,34,50,1,37,38
[  3] Received message from  48: 1|0,7,15,33,34,50,1,8,17,21,37,38,48,3,12,23,25,29,32
[ 10] Received message from  17: 1|0,7,15,33,34,50,1,8,17,21,37,38,10,26
[  8] Sent Broadcast: 1|0,7,15,33,34,50,1,8,17,21,37,38,48
[ 26] Received message from  17: 1|0,7,15,33,34,50,1,8,17,21,37,38,10,26
[  8] Received message from  37: 1|0,7,15,33,34,50,1,37,38,41,49,8,21,27,29
[ 17] Sent Broadcast: 1|0,7,15,33,34,50,1,8,17,21,37,38,10,26
[ 39] Received message from  10: 1|0,7,15,33,34,50,1,8,17,21,37,38,10,26,39
[ 10] Sent Broadcast: 1|0,7,15,33,34,50,1,8,17,21,37,38,10,26,39
[ 21] Received message from  33: 1|0,7,15,33,34,50,1,8,17,21,37,38
[ 38] Received message from  15: 1|0,7,15,33,34,50,1,37,38,41,49
[ 39] Received message from  26: 1|0,7,15,33,34,50,1,8,17,21,37,38,10,26,39
[ 11] Received message from   9: 1|0,7,15,33,34,50,1,4,6,9,42,11,14,28,31,45
[ 50] Received message from   1: 1|0,7,15,33,34,50
[ 38] Received message from  34: 1|0,7,15,33,34,50,1,37,38
[ 42] Received message from   7: 1|0,7,15,33,34,50,1,4,6,9,42
[ 12] Received message from  48: 1|0,7,15,33,34,50,1,8,17,21,37,38,48,3,12,23,25,29,32
[ 14] Received message from   6: 1|0,7,15,33,34,50,1,4,6,9,42,14,28,31,45
[ 26] Sent Broadcast: 1|0,7,15,33,34,50,1,8,17,21,37,38,10,26,39
[  7] Sent Broadcast: 1|0,7,15,33,34,50,1,4,6,9,42
[ 34] Sent Broadcast: 1|0,7,15,33,34,50,1,37,38
[  1] Sent Broadcast: 1|0,7,15,33,34,50
[ 14] Received message from   9: 1|0,7,15,33,34,50,1,4,6,9,42,11,14,28,31,45
[ 41] Received message from  15: 1|0,7,15,33,34,50,1,37,38,41,49
[ 27] Received message from  38: 1|0,7,15,33,34,50,1,37,38,41,49,27,46
[ 28] Received message from   4: 1|0,7,15,33,34,50,1,4,6,9,42,11,28,31,40
[ 28] Received message from   6: 1|0,7,15,33,34,50,1,4,6,9,42,14,28,31,45
[ 11] Received message from  42: 1|0,7,15,33,34,50,1,4,6,9,42,11,14,28,31,45
[  2] Received message from  12: 1|0,7,15,33,34,50,1,8,17,21,37,38,48,3,12,23,25,29,32,2,20,36
[ 23] Received message from  48: 1|0,7,15,33,34,50,1,8,17,21,37,38,48,3,12,23,25,29,32
[ 28] Received message from   9: 1|0,7,15,33,34,50,1,4,6,9,42,11,14,28,31,45
[ 21] Received message from  37: 1|0,7,15,33,34,50,1,37,38,41,49,8,21,27,29
[ 37] Received message from  33: 1|0,7,15,33,34,50,1,8,17,21,37,38
[  5] Received message from  27: 1|0,7,15,33,34,50,1,37,38,41,49,27,46,5,19,30,35,43
[ 46] Received message from  38: 1|0,7,15,33,34,50,1,37,38,41,49,27,46
[ 13] Received message from  23: 1|0,7,15,33,34,50,1,8,17,21,37,38,48,3,12,23,25,29,32,13
[ 13] Received message from   5: 1|0,7,15,33,34,50,1,37,38,41,49,27,46,5,19,30,35,43,13,18,24,47
[ 19] Received message from  41: 1|0,7,15,33,34,50,1,37,38,41,49,19,27,30,46
[  5] Received message from  46: 1|0,7,15,33,34,50,1,37,38,41,49,27,46,5,19,30,35,43,44
[ 27] Received message from  37: 1|0,7,15,33,34,50,1,37,38,41,49,8,21,27,29
[ 38] Sent Broadcast: 1|0,7,15,33,34,50,1,37,38,41,49,27,46
[ 23] Sent Broadcast: 1|0,7,15,33,34,50,1,8,17,21,37,38,48,3,12,23,25,29,32,13
[ 14] Received message from  28: 1|0,7,15,33,34,50,1,4,6,9,42,11,28,31,40,14,45
[ 49] Received message from  15: 1|0,7,15,33,34,50,1,37,38,41,49
[  5] Received message from  13: 1|0,7,15,33,34,50,1,8,17,21,37,38,48,3,12,23,25,29,32,13,5,19
[ 14] Received message from  42: 1|0,7,15,33,34,50,1,4,6,9,42,11,14,28,31,45
[ 25] Received message from  48: 1|0,7,15,33,34,50,1,8,17,21,37,38,48,3,12,23,25,29,32
[ 20] Received message from  12: 1|0,7,15,33,34,50,1,8,17,21,37,38,48,3,12,23,25,29,32,2,20,36
[ 19] Received message from  27: 1|0,7,15,33,34,50,1,37,38,41,49,27,46,5,19,30,35,43
[ 27] Received message from  49: 1|0,7,15,33,34,50,1,37,38,41,49,27,30,35,46
[ 31] Received message from   4: 1|0,7,15,33,34,50,1,4,6,9,42,11,28,31,40
[ 31] Received message from   6: 1|0,7,15,33,34,50,1,4,6,9,42,14,28,31,45
[ 19] Received message from  46: 1|0,7,15,33,34,50,1,37,38,41,49,27,46,5,19,30,35,43,44
[ 31] Received message from   9: 1|0,7,15,33,34,50,1,4,6,9,42,11,14,28,31,45
[ 15] Sent Broadcast: 1|0,7,15,33,34,50,1,37,38,41,49
[ 18] Received message from   5: 1|0,7,15,33,34,50,1,37,38,41,49,27,46,5,19,30,35,43,13,18,24,47
[ 45] Received message from  28: 1|0,7,15,33,34,50,1,4,6,9,42,11,28,31,40,14,45
[ 38] Received message from  33: 1|0,7,15,33,34,50,1,8,17,21,37,38
[ 13] Received message from  19: 1|0,7,15,33,34,50,1,37,38,41,49,27,46,5,19,30,35,43,13,18,24,47
[ 27] Received message from  41: 1|0,7,15,33,34,50,1,37,38,41,49,19,27,30,46
[ 19] Received message from  13: 1|0,7,15,33,34,50,1,8,17,21,37,38,48,3,12,23,25,29,32,13,5,19
[ 45] Received message from   6: 1|0,7,15,33,34,50,1,4,6,9,42,14,28,31,45
[ 29] Received message from  37: 1|0,7,15,33,34,50,1,37,38,41,49,8,21,27,29
[ 29] Received message from  48: 1|0,7,15,33,34,50,1,8,17,21,37,38,48,3,12,23,25,29,32
[ 28] Received message from  42: 1|0,7,15,33,34,50,1,4,6,9,42,11,14,28,31,45
[ 33] Sent Broadcast: 1|0,7,15,33,34,50,1,8,17,21,37,38
[ 24] Received message from   5: 1|0,7,15,33,34,50,1,37,38,41,49,27,46,5,19,30,35,43,13,18,24,47
[ 28] Sent Broadcast: 1|0,7,15,33,34,50,1,4,6,9,42,11,28,31,40,14,45
[ 30] Received message from  46: 1|0,7,15,33,34,50,1,37,38,41,49,27,46,5,19,30,35,43,44
[ 30] Received message from  27: 1|0,7,15,33,34,50,1,37,38,41,49,27,46,5,19,30,35,43
[ 36] Received message from  12: 1|0,7,15,33,34,50,1,8,17,21,37,38,48,3,12,23,25,29,32,2,20,36
[ 13] Received message from  29: 1|0,7,15,33,34,50,1,37,38,41,49,8,21,27,29,13,23,25,48
[  2] Received message from  25: 1|0,7,15,33,34,50,1,8,17,21,37,38,48,3,12,23,25,29,32,2,13
[ 40] Received message from   4: 1|0,7,15,33,34,50,1,4,6,9,42,11,28,31,40
[ 40] Received message from  31: 1|0,7,15,33,34,50,1,4,6,9,42,11,14,28,31,45,40
[ 30] Received message from  49: 1|0,7,15,33,34,50,1,37,38,41,49,27,30,35,46
[ 13] Sent Broadcast: 1|0,7,15,33,34,50,1,8,17,21,37,38,48,3,12,23,25,29,32,13,5,19
[  6] Sent Broadcast: 1|0,7,15,33,34,50,1,4,6,9,42,14,28,31,45
[ 37] Sent Broadcast: 1|0,7,15,33,34,50,1,37,38,41,49,8,21,27,29
[ 12] Sent Broadcast: 1|0,7,15,33,34,50,1,8,17,21,37,38,48,3,12,23,25,29,32,2,20,36
[  4] Sent Broadcast: 1|0,7,15,33,34,50,1,4,6,9,42,11,28,31,40
[ 31] Sent Broadcast: 1|0,7,15,33,34,50,1,4,6,9,42,11,14,28,31,45,40
[ 45] Received message from   9: 1|0,7,15,33,34,50,1,4,6,9,42,11,14,28,31,45
[ 30] Received message from  41: 1|0,7,15,33,34,50,1,37,38,41,49,19,27,30,46
[ 16] Received message from  30: 1|0,7,15,33,34,50,1,37,38,41,49,27,46,5,19,30,35,43,16,44
[  9] Sent Broadcast: 1|0,7,15,33,34,50,1,4,6,9,42,11,14,28,31,45
[ 13] Received message from  25: 1|0,7,15,33,34,50,1,8,17,21,37,38,48,3,12,23,25,29,32,2,13
[ 25] Sent Broadcast: 1|0,7,15,33,34,50,1,8,17,21,37,38,48,3,12,23,25,29,32,2,13
[ 32] Received message from  48: 1|0,7,15,33,34,50,1,8,17,21,37,38,48,3,12,23,25,29,32
[ 31] Received message from  42: 1|0,7,15,33,34,50,1,4,6,9,42,11,14,28,31,45
[ 47] Received message from   5: 1|0,7,15,33,34,50,1,37,38,41,49,27,46,5,19,30,35,43,13,18,24,47
[ 44] Received message from  30: 1|0,7,15,33,34,50,1,37,38,41,49,27,46,5,19,30,35,43,16,44
[ 35] Received message from  46: 1|0,7,15,33,34,50,1,37,38,41,49,27,46,5,19,30,35,43,44
[ 48] Sent Broadcast: 1|0,7,15,33,34,50,1,8,17,21,37,38,48,3,12,23,25,29,32
[ 18] Received message from  19: 1|0,7,15,33,34,50,1,37,38,41,49,27,46,5,19,30,35,43,13,18,24,47
[ 46] Received message from  41: 1|0,7,15,33,34,50,1,37,38,41,49,19,27,30,46
[ 30] Sent Broadcast: 1|0,7,15,33,34,50,1,37,38,41,49,27,46,5,19,30,35,43,16,44
[ 35] Received message from  27: 1|0,7,15,33,34,50,1,37,38,41,49,27,46,5,19,30,35,43
[ 47] Received message from  16: 1|0,7,15,33,34,50,1,37,38,41,49,27,46,5,19,30,35,43,16,44,47
[ 23] Received message from  29: 1|0,7,15,33,34,50,1,37,38,41,49,8,21,27,29,13,23,25,48
[  5] Sent Broadcast: 1|0,7,15,33,34,50,1,37,38,41,49,27,46,5,19,30,35,43,13,18,24,47
[ 16] Sent Broadcast: 1|0,7,15,33,34,50,1,37,38,41,49,27,46,5,19,30,35,43,16,44,47
[ 41] Sent Broadcast: 1|0,7,15,33,34,50,1,37,38,41,49,19,27,30,46
[ 35] Received message from  49: 1|0,7,15,33,34,50,1,37,38,41,49,27,30,35,46
[ 16] Received message from  47: 1|0,7,15,33,34,50,1,37,38,41,49,27,46,5,19,30,35,43,13,18,24,47,16,22,44
[ 45] Received message from  42: 1|0,7,15,33,34,50,1,4,6,9,42,11,14,28,31,45
[  2] Received message from  32: 1|0,7,15,33,34,50,1,8,17,21,37,38,48,3,12,23,25,29,32,2,20
[ 42] Sent Broadcast: 1|0,7,15,33,34,50,1,4,6,9,42,11,14,28,31,45
[ 16] Received message from  35: 1|0,7,15,33,34,50,1,37,38,41,49,27,46,5,19,30,35,43,44,16,18,47
[ 25] Received message from  29: 1|0,7,15,33,34,50,1,37,38,41,49,8,21,27,29,13,23,25,48
[ 43] Received message from  46: 1|0,7,15,33,34,50,1,37,38,41,49,27,46,5,19,30,35,43,44
[ 46] Received message from  49: 1|0,7,15,33,34,50,1,37,38,41,49,27,30,35,46
[ 22] Received message from  47: 1|0,7,15,33,34,50,1,37,38,41,49,27,46,5,19,30,35,43,13,18,24,47,16,22,44
[ 47] Received message from  44: 1|0,7,15,33,34,50,1,37,38,41,49,27,46,5,19,30,35,43,16,44,47
[ 24] Received message from  19: 1|0,7,15,33,34,50,1,37,38,41,49,27,46,5,19,30,35,43,13,18,24,47
[ 20] Received message from  32: 1|0,7,15,33,34,50,1,8,17,21,37,38,48,3,12,23,25,29,32,2,20
[ 43] Received message from  27: 1|0,7,15,33,34,50,1,37,38,41,49,27,46,5,19,30,35,43
[ 49] Sent Broadcast: 1|0,7,15,33,34,50,1,37,38,41,49,27,30,35,46
[ 18] Received message from  35: 1|0,7,15,33,34,50,1,37,38,41,49,27,46,5,19,30,35,43,44,16,18,47
[ 44] Sent Broadcast: 1|0,7,15,33,34,50,1,37,38,41,49,27,46,5,19,30,35,43,16,44,47
[ 27] Sent Broadcast: 1|0,7,15,33,34,50,1,37,38,41,49,27,46,5,19,30,35,43
[ 32] Sent Broadcast: 1|0,7,15,33,34,50,1,8,17,21,37,38,48,3,12,23,25,29,32,2,20
[ 47] Received message from  19: 1|0,7,15,33,34,50,1,37,38,41,49,27,46,5,19,30,35,43,13,18,24,47
[ 19] Sent Broadcast: 1|0,7,15,33,34,50,1,37,38,41,49,27,46,5,19,30,35,43,13,18,24,47
[ 48] Received message from  29: 1|0,7,15,33,34,50,1,37,38,41,49,8,21,27,29,13,23,25,48
[ 29] Sent Broadcast: 1|0,7,15,33,34,50,1,37,38,41,49,8,21,27,29,13,23,25,48
[ 16] Received message from  43: 1|0,7,15,33,34,50,1,37,38,41,49,27,46,5,19,30,35,43,44,16,18,24,47
[ 44] Received message from  46: 1|0,7,15,33,34,50,1,37,38,41,49,27,46,5,19,30,35,43,44
[ 47] Received message from  35: 1|0,7,15,33,34,50,1,37,38,41,49,27,46,5,19,30,35,43,44,16,18,47
[ 35] Sent Broadcast: 1|0,7,15,33,34,50,1,37,38,41,49,27,46,5,19,30,35,43,44,16,18,47
[ 46] Sent Broadcast: 1|0,7,15,33,34,50,1,37,38,41,49,27,46,5,19,30,35,43,44
[ 44] Received message from  47: 1|0,7,15,33,34,50,1,37,38,41,49,27,46,5,19,30,35,43,13,18,24,47,16,22,44
[ 18] Received message from  43: 1|0,7,15,33,34,50,1,37,38,41,49,27,46,5,19,30,35,43,44,16,18,24,47
[ 47] Sent Broadcast: 1|0,7,15,33,34,50,1,37,38,41,49,27,46,5,19,30,35,43,13,18,24,47,16,22,44
[ 24] Received message from  43: 1|0,7,15,33,34,50,1,37,38,41,49,27,46,5,19,30,35,43,44,16,18,24,47
[ 47] Received message from  43: 1|0,7,15,33,34,50,1,37,38,41,49,27,46,5,19,30,35,43,44,16,18,24,47
[ 43] Sent Broadcast: 1|0,7,15,33,34,50,1,37,38,41,49,27,46,5,19,30,35,43,44,16,18,24,47
