[ 16] Received message from   1: 1|0,16,36,41,43,50
[  5] Received message from  16: 1|0,16,36,41,43,50,1,5,26,47,48
[ 36] Received message from   1: 1|0,16,36,41,43,50
[ 26] Received message from  16: 1|0,16,36,41,43,50,1,5,26,47,48
[ 22] Received message from   5: 1|0,16,36,41,43,50,1,5,26,47,48,22,25,31
[ 41] Received message from   1: 1|0,16,36,41,43,50
[ 25] Received message from   5: 1|0,16,36,41,43,50,1,5,26,47,48,22,25,31
[ 43] Received message from   1: 1|0,16,36,41,43,50
[ 47] Received message from  16: 1|0,16,36,41,43,50,1,5,26,47,48
[  7] Received message from  41: 1|0,16,36,41,43,50,1,7,47
[ 22] Received message from  26: 1|0,16,36,41,43,50,1,5,26,47,48,22,25,33
[ 20] Received message from  22: 1|0,16,36,41,43,50,1,5,26,47,48,22,25,31,20,35
[ 47] Received message from  41: 1|0,16,36,41,43,50,1,7,47
[ 31] Received message from   5: 1|0,16,36,41,43,50,1,5,26,47,48,22,25,31
[ 41] Sent Broadcast: 1|0,16,36,41,43,50,1,7,47
[ 11] Received message from  25: 1|0,16,36,41,43,50,1,5,26,47,48,22,25,31,11,42
[ 50] Received message from   1: 1|0,16,36,41,43,50
[ 25] Received message from  26: 1|0,16,36,41,43,50,1,5,26,47,48,22,25,33
[  9] Received message from   7: 1|0,16,36,41,43,50,1,7,47,9,46
[ 37] Received message from  43: 1|0,16,36,41,43,50,1,37
[ 48] Received message from  16: 1|0,16,36,41,43,50,1,5,26,47,48
[ 35] Received message from  22: 1|0,16,36,41,43,50,1,5,26,47,48,22,25,31,20,35
[  5] Sent Broadcast: 1|0,16,36,41,43,50,1,5,26,47,48,22,25,31
[ 12] Received message from  20: 1|0,16,36,41,43,50,1,5,26,47,48,22,25,31,20,35,12,14,18,21,29,40,44,45
[  1] Sent Broadcast: 1|0,16,36,41,43,50
[ 25] Received message from  47: 1|0,16,36,41,43,50,1,5,26,47,48,25,31,42
[ 43] Sent Broadcast: 1|0,16,36,41,43,50,1,37
[ 22] Sent Broadcast: 1|0,16,36,41,43,50,1,5,26,47,48,22,25,31,20,35
[ 16] Sent Broadcast: 1|0,16,36,41,43,50,1,5,26,47,48
[ 11] Received message from  31: 1|0,16,36,41,43,50,1,5,26,47,48,22,25,31,11,42
[ 22] Received message from  48: 1|0,16,36,41,43,50,1,5,26,47,48,22,25,31,42
[ 10] Received message from  35: 1|0,16,36,41,43,50,1,5,26,47,48,22,25,31,20,35,10,12,14,17,18,23,45
[ 42] Received message from  25: 1|0,16,36,41,43,50,1,5,26,47,48,22,25,31,11,42
[ 33] Received message from  37: 1|0,16,36,41,43,50,1,37,33
[  5] Received message from  50: 1|0,16,36,41,43,50,1,5,47,48
[ 14] Received message from  20: 1|0,16,36,41,43,50,1,5,26,47,48,22,25,31,20,35,12,14,18,21,29,40,44,45
[  2] Received message from  11: 1|0,16,36,41,43,50,1,5,26,47,48,22,25,31,11,42,2,8,28,34,39,49
[ 46] Received message from   7: 1|0,16,36,41,43,50,1,7,47,9,46
[ 25] Sent Broadcast: 1|0,16,36,41,43,50,1,5,26,47,48,22,25,31,11,42
[ 37] Sent Broadcast: 1|0,16,36,41,43,50,1,37,33
[ 24] Received message from   9: 1|0,16,36,41,43,50,1,7,47,9,46,24,49
[  6] Received message from  12: 1|0,16,36,41,43,50,1,5,26,47,48,22,25,31,20,35,12,14,18,21,29,40,44,45,6
[ 31] Received message from  47: 1|0,16,36,41,43,50,1,5,26,47,48,25,31,42
[ 42] Received message from  31: 1|0,16,36,41,43,50,1,5,26,47,48,22,25,31,11,42
[  7] Sent Broadcast: 1|0,16,36,41,43,50,1,7,47,9,46
[ 12] Sent Broadcast: 1|0,16,36,41,43,50,1,5,26,47,48,22,25,31,20,35,12,14,18,21,29,40,44,45,6
[ 33] Received message from  26: 1|0,16,36,41,43,50,1,5,26,47,48,22,25,33
[ 25] Received message from  48: 1|0,16,36,41,43,50,1,5,26,47,48,22,25,31,42
[ 12] Received message from  35: 1|0,16,36,41,43,50,1,5,26,47,48,22,25,31,20,35,10,12,14,17,18,23,45
[ 49] Received message from   9: 1|0,16,36,41,43,50,1,7,47,9,46,24,49
[ 26] Sent Broadcast: 1|0,16,36,41,43,50,1,5,26,47,48,22,25,33
[ 28] Received message from  42: 1|0,16,36,41,43,50,1,5,26,47,48,22,25,31,11,42,28,34,49
[ 47] Received message from  50: 1|0,16,36,41,43,50,1,5,47,48
[ 27] Received message from  10: 1|0,16,36,41,43,50,1,5,26,47,48,22,25,31,20,35,10,12,14,17,18,23,45,27,38
[  6] Received message from  14: 1|0,16,36,41,43,50,1,5,26,47,48,22,25,31,20,35,12,14,18,21,29,40,44,45,6,10,23
[  3] Received message from   2: 1|0,16,36,41,43,50,1,5,26,47,48,22,25,31,11,42,2,8,28,34,39,49,3,15,19,32
[ 24] Received message from  46: 1|0,16,36,41,43,50,1,7,47,9,46,24,49
[  8] Received message from  11: 1|0,16,36,41,43,50,1,5,26,47,48,22,25,31,11,42,2,8,28,34,39,49
[ 26] Received message from  33: 1|0,16,36,41,43,50,1,37,33,26
[ 18] Received message from  20: 1|0,16,36,41,43,50,1,5,26,47,48,22,25,31,20,35,12,14,18,21,29,40,44,45
[ 31] Sent Broadcast: 1|0,16,36,41,43,50,1,5,26,47,48,22,25,31,11,42
[  9] Sent Broadcast: 1|0,16,36,41,43,50,1,7,47,9,46,24,49
[ 33] Sent Broadcast: 1|0,16,36,41,43,50,1,37,33,26
[  2] Received message from  28: 1|0,16,36,41,43,50,1,5,26,47,48,22,25,31,11,42,28,34,49,2,8,15,19,32,39
[ 49] Received message from  46: 1|0,16,36,41,43,50,1,7,47,9,46,24,49
[ 15] Received message from   2: 1|0,16,36,41,43,50,1,5,26,47,48,22,25,31,11,42,2,8,28,34,39,49,3,15,19,32
[ 48] Received message from  50: 1|0,16,36,41,43,50,1,5,47,48
[ 14] Received message from  35: 1|0,16,36,41,43,50,1,5,26,47,48,22,25,31,20,35,10,12,14,17,18,23,45
[ 31] Received message from  48: 1|0,16,36,41,43,50,1,5,26,47,48,22,25,31,42
[ 42] Received message from  47: 1|0,16,36,41,43,50,1,5,26,47,48,25,31,42
[ 34] Received message from  42: 1|0,16,36,41,43,50,1,5,26,47,48,22,25,31,11,42,28,34,49
[ 21] Received message from  20: 1|0,16,36,41,43,50,1,5,26,47,48,22,25,31,20,35,12,14,18,21,29,40,44,45
[ 28] Received message from  11: 1|0,16,36,41,43,50,1,5,26,47,48,22,25,31,11,42,2,8,28,34,39,49
[ 38] Received message from  10: 1|0,16,36,41,43,50,1,5,26,47,48,22,25,31,20,35,10,12,14,17,18,23,45,27,38
[ 13] Received message from  27: 1|0,16,36,41,43,50,1,5,26,47,48,22,25,31,20,35,10,12,14,17,18,23,45,27,38,13,30,39
[ 10] Received message from  14: 1|0,16,36,41,43,50,1,5,26,47,48,22,25,31,20,35,12,14,18,21,29,40,44,45,6,10,23
[ 11] Received message from  49: 1|0,16,36,41,43,50,1,7,47,9,46,24,49,11,28,34,42
[  3] Received message from   8: 1|0,16,36,41,43,50,1,5,26,47,48,22,25,31,11,42,2,8,28,34,39,49,3,15,19,32
[ 46] Sent Broadcast: 1|0,16,36,41,43,50,1,7,47,9,46,24,49
[ 50] Sent Broadcast: 1|0,16,36,41,43,50,1,5,47,48
[ 47] Sent Broadcast: 1|0,16,36,41,43,50,1,5,26,47,48,25,31,42
[ 10] Received message from  18: 1|0,16,36,41,43,50,1,5,26,47,48,22,25,31,20,35,12,14,18,21,29,40,44,45,10
[ 10] Sent Broadcast: 1|0,16,36,41,43,50,1,5,26,47,48,22,25,31,20,35,10,12,14,17,18,23,45,27,38
[  8] Received message from  28: 1|0,16,36,41,43,50,1,5,26,47,48,22,25,31,11,42,28,34,49,2,8,15,19,32,39
[ 30] Received message from  27: 1|0,16,36,41,43,50,1,5,26,47,48,22,25,31,20,35,10,12,14,17,18,23,45,27,38,13,30,39
[ 42] Received message from  48: 1|0,16,36,41,43,50,1,5,26,47,48,22,25,31,42
[ 18] Sent Broadcast: 1|0,16,36,41,43,50,1,5,26,47,48,22,25,31,20,35,12,14,18,21,29,40,44,45,10
[ 19] Received message from   2: 1|0,16,36,41,43,50,1,5,26,47,48,22,25,31,11,42,2,8,28,34,39,49,3,15,19,32
[ 49] Received message from  42: 1|0,16,36,41,43,50,1,5,26,47,48,22,25,31,11,42,28,34,49
[ 13] Received message from  38: 1|0,16,36,41,43,50,1,5,26,47,48,22,25,31,20,35,10,12,14,17,18,23,45,27,38,13,30
[ 34] Received message from  11: 1|0,16,36,41,43,50,1,5,26,47,48,22,25,31,11,42,2,8,28,34,39,49
[ 29] Received message from  20: 1|0,16,36,41,43,50,1,5,26,47,48,22,25,31,20,35,12,14,18,21,29,40,44,45
[ 23] Received message from  14: 1|0,16,36,41,43,50,1,5,26,47,48,22,25,31,20,35,12,14,18,21,29,40,44,45,6,10,23
[ 17] Received message from  35: 1|0,16,36,41,43,50,1,5,26,47,48,22,25,31,20,35,10,12,14,17,18,23,45
[ 48] Sent Broadcast: 1|0,16,36,41,43,50,1,5,26,47,48,22,25,31,42
[  2] Received message from  34: 1|0,16,36,41,43,50,1,5,26,47,48,22,25,31,11,42,28,34,49,2,4,8,15,32
[ 28] Received message from  49: 1|0,16,36,41,43,50,1,7,47,9,46,24,49,11,28,34,42
[ 15] Received message from   8: 1|0,16,36,41,43,50,1,5,26,47,48,22,25,31,11,42,2,8,28,34,39,49,3,15,19,32
[ 42] Sent Broadcast: 1|0,16,36,41,43,50,1,5,26,47,48,22,25,31,11,42,28,34,49
[ 19] Received message from  13: 1|0,16,36,41,43,50,1,5,26,47,48,22,25,31,20,35,10,12,14,17,18,23,45,27,38,13,30,39,19
[ 15] Received message from  28: 1|0,16,36,41,43,50,1,5,26,47,48,22,25,31,11,42,28,34,49,2,8,15,19,32,39
[ 13] Sent Broadcast: 1|0,16,36,41,43,50,1,5,26,47,48,22,25,31,20,35,10,12,14,17,18,23,45,27,38,13,30,39,19
[ 14] Sent Broadcast: 1|0,16,36,41,43,50,1,5,26,47,48,22,25,31,20,35,12,14,18,21,29,40,44,45,6,10,23
[ 13] Received message from  19: 1|0,16,36,41,43,50,1,5,26,47,48,22,25,31,11,42,2,8,28,34,39,49,3,15,19,32,13
[ 32] Received message from   2: 1|0,16,36,41,43,50,1,5,26,47,48,22,25,31,11,42,2,8,28,34,39,49,3,15,19,32
[ 39] Received message from  27: 1|0,16,36,41,43,50,1,5,26,47,48,22,25,31,20,35,10,12,14,17,18,23,45,27,38,13,30,39
[ 40] Received message from  20: 1|0,16,36,41,43,50,1,5,26,47,48,22,25,31,20,35,12,14,18,21,29,40,44,45
[ 17] Received message from  23: 1|0,16,36,41,43,50,1,5,26,47,48,22,25,31,20,35,12,14,18,21,29,40,44,45,6,10,23,17,27,30,38
[ 30] Received message from  38: 1|0,16,36,41,43,50,1,5,26,47,48,22,25,31,20,35,10,12,14,17,18,23,45,27,38,13,30
[  4] Received message from  34: 1|0,16,36,41,43,50,1,5,26,47,48,22,25,31,11,42,28,34,49,2,4,8,15,32
[ 19] Sent Broadcast: 1|0,16,36,41,43,50,1,5,26,47,48,22,25,31,11,42,2,8,28,34,39,49,3,15,19,32,13
[ 18] Received message from  35: 1|0,16,36,41,43,50,1,5,26,47,48,22,25,31,20,35,10,12,14,17,18,23,45
[ 19] Received message from   8: 1|0,16,36,41,43,50,1,5,26,47,48,22,25,31,11,42,2,8,28,34,39,49,3,15,19,32
[ 34] Received message from  49: 1|0,16,36,41,43,50,1,7,47,9,46,24,49,11,28,34,42
[ 27] Received message from  17: 1|0,16,36,41,43,50,1,5,26,47,48,22,25,31,20,35,10,12,14,17,18,23,45,27,38
[  2] Sent Broadcast: 1|0,16,36,41,43,50,1,5,26,47,48,22,25,31,11,42,2,8,28,34,39,49,3,15,19,32
[ 27] Sent Broadcast: 1|0,16,36,41,43,50,1,5,26,47,48,22,25,31,20,35,10,12,14,17,18,23,45,27,38,13,30,39
[ 38] Sent Broadcast: 1|0,16,36,41,43,50,1,5,26,47,48,22,25,31,20,35,10,12,14,17,18,23,45,27,38,13,30
[ 39] Received message from  11: 1|0,16,36,41,43,50,1,5,26,47,48,22,25,31,11,42,2,8,28,34,39,49
[  8] Received message from  34: 1|0,16,36,41,43,50,1,5,26,47,48,22,25,31,11,42,28,34,49,2,4,8,15,32
[ 27] Received message from  23: 1|0,16,36,41,43,50,1,5,26,47,48,22,25,31,20,35,12,14,18,21,29,40,44,45,6,10,23,17,27,30,38
[ 32] Received message from   8: 1|0,16,36,41,43,50,1,5,26,47,48,22,25,31,11,42,2,8,28,34,39,49,3,15,19,32
[ 23] Received message from  35: 1|0,16,36,41,43,50,1,5,26,47,48,22,25,31,20,35,10,12,14,17,18,23,45
[ 38] Received message from  17: 1|0,16,36,41,43,50,1,5,26,47,48,22,25,31,20,35,10,12,14,17,18,23,45,27,38
[ 42] Received message from  49: 1|0,16,36,41,43,50,1,7,47,9,46,24,49,11,28,34,42
[ 19] Received message from  28: 1|0,16,36,41,43,50,1,5,26,47,48,22,25,31,11,42,28,34,49,2,8,15,19,32,39
[ 44] Received message from  20: 1|0,16,36,41,43,50,1,5,26,47,48,22,25,31,20,35,12,14,18,21,29,40,44,45
[  2] Received message from  39: 1|0,16,36,41,43,50,1,5,26,47,48,22,25,31,20,35,10,12,14,17,18,23,45,27,38,13,30,39,2,3,8,11,19,28,32
[ 15] Received message from  34: 1|0,16,36,41,43,50,1,5,26,47,48,22,25,31,11,42,28,34,49,2,4,8,15,32
[ 49] Received message from  11: 1|0,16,36,41,43,50,1,5,26,47,48,22,25,31,11,42,2,8,28,34,39,49
[ 11] Sent Broadcast: 1|0,16,36,41,43,50,1,5,26,47,48,22,25,31,11,42,2,8,28,34,39,49
[ 17] Sent Broadcast: 1|0,16,36,41,43,50,1,5,26,47,48,22,25,31,20,35,10,12,14,17,18,23,45,27,38
[  8] Sent Broadcast: 1|0,16,36,41,43,50,1,5,26,47,48,22,25,31,11,42,2,8,28,34,39,49,3,15,19,32
[ 49] Sent Broadcast: 1|0,16,36,41,43,50,1,7,47,9,46,24,49,11,28,34,42
[ 30] Received message from  23: 1|0,16,36,41,43,50,1,5,26,47,48,22,25,31,20,35,12,14,18,21,29,40,44,45,6,10,23,17,27,30,38
[ 45] Received message from  35: 1|0,16,36,41,43,50,1,5,26,47,48,22,25,31,20,35,10,12,14,17,18,23,45
[ 32] Received message from  28: 1|0,16,36,41,43,50,1,5,26,47,48,22,25,31,11,42,28,34,49,2,8,15,19,32,39
[ 35] Sent Broadcast: 1|0,16,36,41,43,50,1,5,26,47,48,22,25,31,20,35,10,12,14,17,18,23,45
[  3] Received message from  39: 1|0,16,36,41,43,50,1,5,26,47,48,22,25,31,20,35,10,12,14,17,18,23,45,27,38,13,30,39,2,3,8,11,19,28,32
[ 45] Received message from  20: 1|0,16,36,41,43,50,1,5,26,47,48,22,25,31,20,35,12,14,18,21,29,40,44,45
[ 20] Sent Broadcast: 1|0,16,36,41,43,50,1,5,26,47,48,22,25,31,20,35,12,14,18,21,29,40,44,45
[ 38] Received message from  23: 1|0,16,36,41,43,50,1,5,26,47,48,22,25,31,20,35,12,14,18,21,29,40,44,45,6,10,23,17,27,30,38
[ 32] Received message from  34: 1|0,16,36,41,43,50,1,5,26,47,48,22,25,31,11,42,28,34,49,2,4,8,15,32
[ 23] Sent Broadcast: 1|0,16,36,41,43,50,1,5,26,47,48,22,25,31,20,35,12,14,18,21,29,40,44,45,6,10,23,17,27,30,38
[  6] Received message from  45: 1|0,16,36,41,43,50,1,5,26,47,48,22,25,31,20,35,12,14,18,21,29,40,44,45,6,10,17,23
[ 34] Sent Broadcast: 1|0,16,36,41,43,50,1,5,26,47,48,22,25,31,11,42,28,34,49,2,4,8,15,32
[  8] Received message from  39: 1|0,16,36,41,43,50,1,5,26,47,48,22,25,31,20,35,10,12,14,17,18,23,45,27,38,13,30,39,2,3,8,11,19,28,32
[ 39] Received message from  28: 1|0,16,36,41,43,50,1,5,26,47,48,22,25,31,11,42,28,34,49,2,8,15,19,32,39
[ 28] Sent Broadcast: 1|0,16,36,41,43,50,1,5,26,47,48,22,25,31,11,42,28,34,49,2,8,15,19,32,39
[ 10] Received message from  45: 1|0,16,36,41,43,50,1,5,26,47,48,22,25,31,20,35,12,14,18,21,29,40,44,45,6,10,17,23
[ 11] Received message from  39: 1|0,16,36,41,43,50,1,5,26,47,48,22,25,31,20,35,10,12,14,17,18,23,45,27,38,13,30,39,2,3,8,11,19,28,32
[ 17] Received message from  45: 1|0,16,36,41,43,50,1,5,26,47,48,22,25,31,20,35,12,14,18,21,29,40,44,45,6,10,17,23
[ 19] Received message from  39: 1|0,16,36,41,43,50,1,5,26,47,48,22,25,31,20,35,10,12,14,17,18,23,45,27,38,13,30,39,2,3,8,11,19,28,32
[ 23] Received message from  45: 1|0,16,36,41,43,50,1,5,26,47,48,22,25,31,20,35,12,14,18,21,29,40,44,45,6,10,17,23
[ 45] Sent Broadcast: 1|0,16,36,41,43,50,1,5,26,47,48,22,25,31,20,35,12,14,18,21,29,40,44,45,6,10,17,23
[ 28] Received message from  39: 1|0,16,36,41,43,50,1,5,26,47,48,22,25,31,20,35,10,12,14,17,18,23,45,27,38,13,30,39,2,3,8,11,19,28,32
[ 32] Received message from  39: 1|0,16,36,41,43,50,1,5,26,47,48,22,25,31,20,35,10,12,14,17,18,23,45,27,38,13,30,39,2,3,8,11,19,28,32
[ 39] Sent Broadcast: 1|0,16,36,41,43,50,1,5,26,47,48,22,25,31,20,35,10,12,14,17,18,23,45,27,38,13,30,39,2,3,8,11,19,28,32
