[  5] Received message from   1: 1|0,5,29,41,42,44,50
[ 29] Received message from   1: 1|0,5,29,41,42,44,50
[ 10] Received message from   5: 1|0,5,29,41,42,44,50,1,10,21,36
[ 41] Received message from   1: 1|0,5,29,41,42,44,50
[ 31] Received message from  29: 1|0,5,29,41,42,44,50,1,31
[ 12] Received message from  10: 1|0,5,29,41,42,44,50,1,10,21,36,12
[ 21] Received message from   5: 1|0,5,29,41,42,44,50,1,10,21,36
[ 10] Sent Broadcast: 1|0,5,29,41,42,44,50,1,10,21,36,12
[ 29] Sent Broadcast: 1|0,5,29,41,42,44,50,1,31
[ 24] Received message from  41: 1|0,5,29,41,42,44,50,1,24,31,45
[ 42] Received message from   1: 1|0,5,29,41,42,44,50
[ 36] Received message from   5: 1|0,5,29,41,42,44,50,1,10,21,36
[ 14] Received message from  12: 1|0,5,29,41,42,44,50,1,10,21,36,12,14,23,28
[  5] Sent Broadcast: 1|0,5,29,41,42,44,50,1,10,21,36
[ 34] Received message from  31: 1|0,5,29,41,42,44,50,1,31,34
[ 44] Received message from   1: 1|0,5,29,41,42,44,50
[ 31] Received message from  41: 1|0,5,29,41,42,44,50,1,24,31,45
[  8] Received message from  24: 1|0,5,29,41,42,44,50,1,24,31,45,8,9
[ 12] Received message from  21: 1|0,5,29,41,42,44,50,1,10,21,36,12,28
[ 31] Sent Broadcast: 1|0,5,29,41,42,44,50,1,31,34
[ 10] Received message from  42: 1|0,5,29,41,42,44,50,1,10
[ 42] Sent Broadcast: 1|0,5,29,41,42,44,50,1,10
[ 23] Received message from  12: 1|0,5,29,41,42,44,50,1,10,21,36,12,14,23,28
[ 48] Received message from  36: 1|0,5,29,41,42,44,50,1,10,21,36,48
[ 45] Received message from  41: 1|0,5,29,41,42,44,50,1,24,31,45
[ 36] Sent Broadcast: 1|0,5,29,41,42,44,50,1,10,21,36,48
[ 48] Received message from  14: 1|0,5,29,41,42,44,50,1,10,21,36,12,14,23,28,48
[ 41] Sent Broadcast: 1|0,5,29,41,42,44,50,1,24,31,45
[ 14] Sent Broadcast: 1|0,5,29,41,42,44,50,1,10,21,36,12,14,23,28,48
[ 50] Received message from   1: 1|0,5,29,41,42,44,50
[ 45] Received message from  34: 1|0,5,29,41,42,44,50,1,31,34,45
[ 28] Received message from  12: 1|0,5,29,41,42,44,50,1,10,21,36,12,14,23,28
[ 28] Received message from  21: 1|0,5,29,41,42,44,50,1,10,21,36,12,28
[ 43] Received message from  23: 1|0,5,29,41,42,44,50,1,10,21,36,12,14,23,28,43
[  1] Sent Broadcast: 1|0,5,29,41,42,44,50
[ 12] Sent Broadcast: 1|0,5,29,41,42,44,50,1,10,21,36,12,14,23,28
[ 21] Sent Broadcast: 1|0,5,29,41,42,44,50,1,10,21,36,12,28
[ 14] Received message from  48: 1|0,5,29,41,42,44,50,1,10,21,36,48,14
[ 34] Sent Broadcast: 1|0,5,29,41,42,44,50,1,31,34,45
[ 23] Sent Broadcast: 1|0,5,29,41,42,44,50,1,10,21,36,12,14,23,28,43
[ 34] Received message from  45: 1|0,5,29,41,42,44,50,1,24,31,45,34
[ 10] Received message from  44: 1|0,5,29,41,42,44,50,1,10,21,36,48
[  9] Received message from  24: 1|0,5,29,41,42,44,50,1,24,31,45,8,9
[ 48] Sent Broadcast: 1|0,5,29,41,42,44,50,1,10,21,36,48,14
[ 45] Sent Broadcast: 1|0,5,29,41,42,44,50,1,24,31,45,34
[ 24] Sent Broadcast: 1|0,5,29,41,42,44,50,1,24,31,45,8,9
[ 10] Received message from  50: 1|0,5,29,41,42,44,50,1,10,21
[ 33] Received message from  43: 1|0,5,29,41,42,44,50,1,10,21,36,12,14,23,28,43,33,46
[ 30] Received message from  33: 1|0,5,29,41,42,44,50,1,10,21,36,12,14,23,28,43,33,46,30,38
[ 21] Received message from  50: 1|0,5,29,41,42,44,50,1,10,21
[ 50] Sent Broadcast: 1|0,5,29,41,42,44,50,1,10,21
[ 46] Received message from  43: 1|0,5,29,41,42,44,50,1,10,21,36,12,14,23,28,43,33,46
[ 43] Sent Broadcast: 1|0,5,29,41,42,44,50,1,10,21,36,12,14,23,28,43,33,46
[ 38] Received message from  33: 1|0,5,29,41,42,44,50,1,10,21,36,12,14,23,28,43,33,46,30,38
[ 33] Sent Broadcast: 1|0,5,29,41,42,44,50,1,10,21,36,12,14,23,28,43,33,46,30,38
[ 21] Received message from  44: 1|0,5,29,41,42,44,50,1,10,21,36,48
[ 13] Received message from  30: 1|0,5,29,41,42,44,50,1,10,21,36,12,14,23,28,43,33,46,30,38,13,19,20,25,40,47,49
[ 36] Received message from  44: 1|0,5,29,41,42,44,50,1,10,21,36,48
[ 13] Received message from  38: 1|0,5,29,41,42,44,50,1,10,21,36,12,14,23,28,43,33,46,30,38,13,18,19,20,25,40,49
[  3] Received message from  13: 1|0,5,29,41,42,44,50,1,10,21,36,12,14,23,28,43,33,46,30,38,13,19,20,25,40,47,49,3,4,35
[ 19] Received message from  30: 1|0,5,29,41,42,44,50,1,10,21,36,12,14,23,28,43,33,46,30,38,13,19,20,25,40,47,49
[ 48] Received message from  44: 1|0,5,29,41,42,44,50,1,10,21,36,48
[ 44] Sent Broadcast: 1|0,5,29,41,42,44,50,1,10,21,36,48
[  4] Received message from  13: 1|0,5,29,41,42,44,50,1,10,21,36,12,14,23,28,43,33,46,30,38,13,19,20,25,40,47,49,3,4,35
[ 20] Received message from  46: 1|0,5,29,41,42,44,50,1,10,21,36,12,14,23,28,43,33,46,20,30,38,49
[ 18] Received message from  38: 1|0,5,29,41,42,44,50,1,10,21,36,12,14,23,28,43,33,46,30,38,13,18,19,20,25,40,49
[ 20] Received message from  30: 1|0,5,29,41,42,44,50,1,10,21,36,12,14,23,28,43,33,46,30,38,13,19,20,25,40,47,49
[  2] Received message from  19: 1|0,5,29,41,42,44,50,1,10,21,36,12,14,23,28,43,33,46,30,38,13,19,20,25,40,47,49,2,3,4,35
[ 30] Received message from  46: 1|0,5,29,41,42,44,50,1,10,21,36,12,14,23,28,43,33,46,20,30,38,49
[ 13] Received message from  20: 1|0,5,29,41,42,44,50,1,10,21,36,12,14,23,28,43,33,46,20,30,38,49,13,18,19,25,40,47
[  2] Received message from   3: 1|5,29,41,42,44,50,1,10,21,36,12,14,23,28,43,33,46,30,38,13,19,20,25,40,47,49,3,4,35,2,7,16,26,37
[ 25] Received message from  30: 1|0,5,29,41,42,44,50,1,10,21,36,12,14,23,28,43,33,46,30,38,13,19,20,25,40,47,49
[ 38] Received message from  46: 1|0,5,29,41,42,44,50,1,10,21,36,12,14,23,28,43,33,46,20,30,38,49
[  3] Received message from  19: 1|0,5,29,41,42,44,50,1,10,21,36,12,14,23,28,43,33,46,30,38,13,19,20,25,40,47,49,2,3,4,35
[  2] Received message from   4: 1|5,29,41,42,44,50,1,10,21,36,12,14,23,28,43,33,46,30,38,13,19,20,25,40,47,49,3,4,35,2,7,16,37
[ 35] Received message from  13: 1|0,5,29,41,42,44,50,1,10,21,36,12,14,23,28,43,33,46,30,38,13,19,20,25,40,47,49,3,4,35
[ 19] Received message from  38: 1|0,5,29,41,42,44,50,1,10,21,36,12,14,23,28,43,33,46,30,38,13,18,19,20,25,40,49
[  7] Received message from   2: 1|0,5,29,41,42,44,50,1,10,21,36,12,14,23,28,43,33,46,30,38,13,19,20,25,40,47,49,2,3,4,35,7,16,27,37
[ 18] Received message from  20: 1|0,5,29,41,42,44,50,1,10,21,36,12,14,23,28,43,33,46,20,30,38,49,13,18,19,25,40,47
[  4] Received message from  25: 1|0,5,29,41,42,44,50,1,10,21,36,12,14,23,28,43,33,46,30,38,13,19,20,25,40,47,49,4,18,35
[ 13] Sent Broadcast: 1|0,5,29,41,42,44,50,1,10,21,36,12,14,23,28,43,33,46,30,38,13,19,20,25,40,47,49,3,4,35
[ 49] Received message from  46: 1|0,5,29,41,42,44,50,1,10,21,36,12,14,23,28,43,33,46,20,30,38,49
[  7] Received message from   3: 1|5,29,41,42,44,50,1,10,21,36,12,14,23,28,43,33,46,30,38,13,19,20,25,40,47,49,3,4,35,2,7,16,26,37
[  2] Received message from  35: 1|5,29,41,42,44,50,1,10,21,36,12,14,23,28,43,33,46,30,38,13,19,20,25,40,47,49,3,4,35,2,27
[ 40] Received message from  30: 1|0,5,29,41,42,44,50,1,10,21,36,12,14,23,28,43,33,46,30,38,13,19,20,25,40,47,49
[  4] Received message from  19: 1|0,5,29,41,42,44,50,1,10,21,36,12,14,23,28,43,33,46,30,38,13,19,20,25,40,47,49,2,3,4,35
[ 16] Received message from   2: 1|0,5,29,41,42,44,50,1,10,21,36,12,14,23,28,43,33,46,30,38,13,19,20,25,40,47,49,2,3,4,35,7,16,27,37
[  7] Received message from   4: 1|5,29,41,42,44,50,1,10,21,36,12,14,23,28,43,33,46,30,38,13,19,20,25,40,47,49,3,4,35,2,7,16,37
[ 20] Received message from  38: 1|0,5,29,41,42,44,50,1,10,21,36,12,14,23,28,43,33,46,30,38,13,18,19,20,25,40,49
[ 46] Sent Broadcast: 1|0,5,29,41,42,44,50,1,10,21,36,12,14,23,28,43,33,46,20,30,38,49
[ 26] Received message from   7: 1|0,5,29,41,42,44,50,1,10,21,36,12,14,23,28,43,33,46,30,38,13,19,20,25,40,47,49,2,3,4,35,7,16,27,37,26,32
[ 18] Received message from  25: 1|0,5,29,41,42,44,50,1,10,21,36,12,14,23,28,43,33,46,30,38,13,19,20,25,40,47,49,4,18,35
[ 19] Received message from  20: 1|0,5,29,41,42,44,50,1,10,21,36,12,14,23,28,43,33,46,20,30,38,49,13,18,19,25,40,47
[ 13] Received message from  49: 1|0,5,29,41,42,44,50,1,10,21,36,12,14,23,28,43,33,46,20,30,38,49,13,18,19,25,40,47
[ 25] Received message from  38: 1|0,5,29,41,42,44,50,1,10,21,36,12,14,23,28,43,33,46,30,38,13,18,19,20,25,40,49
[ 16] Received message from   3: 1|5,29,41,42,44,50,1,10,21,36,12,14,23,28,43,33,46,30,38,13,19,20,25,40,47,49,3,4,35,2,7,16,26,37
[ 26] Received message from  16: 1|0,5,29,41,42,44,50,1,10,21,36,12,14,23,28,43,33,46,30,38,13,19,20,25,40,47,49,2,3,4,35,7,16,27,37,26
[ 35] Received message from  19: 1|0,5,29,41,42,44,50,1,10,21,36,12,14,23,28,43,33,46,30,38,13,19,20,25,40,47,49,2,3,4,35
[ 47] Received message from  30: 1|0,5,29,41,42,44,50,1,10,21,36,12,14,23,28,43,33,46,30,38,13,19,20,25,40,47,49
[ 32] Received message from   7: 1|0,5,29,41,42,44,50,1,10,21,36,12,14,23,28,43,33,46,30,38,13,19,20,25,40,47,49,2,3,4,35,7,16,27,37,26,32
[  3] Received message from  40: 1|0,5,29,41,42,44,50,1,10,21,36,12,14,23,28,43,33,46,30,38,13,19,20,25,40,47,49,3,4,16,35
[ 16] Received message from   4: 1|5,29,41,42,44,50,1,10,21,36,12,14,23,28,43,33,46,30,38,13,19,20,25,40,47,49,3,4,35,2,7,16,37
[  7] Sent Broadcast: 1|0,5,29,41,42,44,50,1,10,21,36,12,14,23,28,43,33,46,30,38,13,19,20,25,40,47,49,2,3,4,35,7,16,27,37,26,32
[ 19] Sent Broadcast: 1|0,5,29,41,42,44,50,1,10,21,36,12,14,23,28,43,33,46,30,38,13,19,20,25,40,47,49,2,3,4,35
[ 16] Sent Broadcast: 1|0,5,29,41,42,44,50,1,10,21,36,12,14,23,28,43,33,46,30,38,13,19,20,25,40,47,49,2,3,4,35,7,16,27,37,26
[ 27] Received message from  35: 1|5,29,41,42,44,50,1,10,21,36,12,14,23,28,43,33,46,30,38,13,19,20,25,40,47,49,3,4,35,2,27
[ 35] Sent Broadcast: 1|5,29,41,42,44,50,1,10,21,36,12,14,23,28,43,33,46,30,38,13,19,20,25,40,47,49,3,4,35,2,27
[ 25] Received message from  20: 1|0,5,29,41,42,44,50,1,10,21,36,12,14,23,28,43,33,46,20,30,38,49,13,18,19,25,40,47
[ 35] Received message from  25: 1|0,5,29,41,42,44,50,1,10,21,36,12,14,23,28,43,33,46,30,38,13,19,20,25,40,47,49,4,18,35
[ 26] Received message from   3: 1|5,29,41,42,44,50,1,10,21,36,12,14,23,28,43,33,46,30,38,13,19,20,25,40,47,49,3,4,35,2,7,16,26,37
[ 18] Received message from  49: 1|0,5,29,41,42,44,50,1,10,21,36,12,14,23,28,43,33,46,20,30,38,49,13,18,19,25,40,47
[ 49] Received message from  30: 1|0,5,29,41,42,44,50,1,10,21,36,12,14,23,28,43,33,46,30,38,13,19,20,25,40,47,49
[ 25] Sent Broadcast: 1|0,5,29,41,42,44,50,1,10,21,36,12,14,23,28,43,33,46,30,38,13,19,20,25,40,47,49,4,18,35
[ 27] Received message from   2: 1|0,5,29,41,42,44,50,1,10,21,36,12,14,23,28,43,33,46,30,38,13,19,20,25,40,47,49,2,3,4,35,7,16,27,37
[  2] Received message from  47: 1|0,5,29,41,42,44,50,1,10,21,36,12,14,23,28,43,33,46,30,38,13,19,20,25,40,47,49,2,3,4,16,35,37
[  4] Received message from  40: 1|0,5,29,41,42,44,50,1,10,21,36,12,14,23,28,43,33,46,30,38,13,19,20,25,40,47,49,3,4,16,35
[ 37] Received message from   4: 1|5,29,41,42,44,50,1,10,21,36,12,14,23,28,43,33,46,30,38,13,19,20,25,40,47,49,3,4,35,2,7,16,37
[ 11] Received message from  32: 1|0,5,29,41,42,44,50,1,10,21,36,12,14,23,28,43,33,46,30,38,13,19,20,25,40,47,49,2,3,4,35,7,16,27,37,26,32,11,15,39
[ 30] Sent Broadcast: 1|0,5,29,41,42,44,50,1,10,21,36,12,14,23,28,43,33,46,30,38,13,19,20,25,40,47,49
[ 40] Received message from  38: 1|0,5,29,41,42,44,50,1,10,21,36,12,14,23,28,43,33,46,30,38,13,18,19,20,25,40,49
[ 19] Received message from  49: 1|0,5,29,41,42,44,50,1,10,21,36,12,14,23,28,43,33,46,20,30,38,49,13,18,19,25,40,47
[ 40] Received message from  20: 1|0,5,29,41,42,44,50,1,10,21,36,12,14,23,28,43,33,46,20,30,38,49,13,18,19,25,40,47
[ 37] Received message from   2: 1|0,5,29,41,42,44,50,1,10,21,36,12,14,23,28,43,33,46,30,38,13,19,20,25,40,47,49,2,3,4,35,7,16,27,37
[  3] Received message from  47: 1|0,5,29,41,42,44,50,1,10,21,36,12,14,23,28,43,33,46,30,38,13,19,20,25,40,47,49,2,3,4,16,35,37
[ 15] Received message from  32: 1|0,5,29,41,42,44,50,1,10,21,36,12,14,23,28,43,33,46,30,38,13,19,20,25,40,47,49,2,3,4,35,7,16,27,37,26,32,11,15,39
[  7] Received message from  27: 1|5,29,41,42,44,50,1,10,21,36,12,14,23,28,43,33,46,30,38,13,19,20,25,40,47,49,3,4,35,2,27,7,37
[  4] Sent Broadcast: 1|5,29,41,42,44,50,1,10,21,36,12,14,23,28,43,33,46,30,38,13,19,20,25,40,47,49,3,4,35,2,7,16,37
[  2] Sent Broadcast: 1|0,5,29,41,42,44,50,1,10,21,36,12,14,23,28,43,33,46,30,38,13,19,20,25,40,47,49,2,3,4,35,7,16,27,37
[ 49] Received message from  38: 1|0,5,29,41,42,44,50,1,10,21,36,12,14,23,28,43,33,46,30,38,13,18,19,20,25,40,49
[ 38] Sent Broadcast: 1|0,5,29,41,42,44,50,1,10,21,36,12,14,23,28,43,33,46,30,38,13,18,19,20,25,40,49
[ 26] Received message from  37: 1|5,29,41,42,44,50,1,10,21,36,12,14,23,28,43,33,46,30,38,13,19,20,25,40,47,49,3,4,35,2,7,16,37,26,27
[ 16] Received message from  40: 1|0,5,29,41,42,44,50,1,10,21,36,12,14,23,28,43,33,46,30,38,13,19,20,25,40,47,49,3,4,16,35
[  6] Received message from  15: 1|0,5,29,41,42,44,50,1,10,21,36,12,14,23,28,43,33,46,30,38,13,19,20,25,40,47,49,2,3,4,35,7,16,27,37,26,32,11,15,39,6,17,22
[ 47] Received message from  20: 1|0,5,29,41,42,44,50,1,10,21,36,12,14,23,28,43,33,46,20,30,38,49,13,18,19,25,40,47
[  4] Received message from  47: 1|0,5,29,41,42,44,50,1,10,21,36,12,14,23,28,43,33,46,30,38,13,19,20,25,40,47,49,2,3,4,16,35,37
[ 20] Sent Broadcast: 1|0,5,29,41,42,44,50,1,10,21,36,12,14,23,28,43,33,46,20,30,38,49,13,18,19,25,40,47
[ 39] Received message from  32: 1|0,5,29,41,42,44,50,1,10,21,36,12,14,23,28,43,33,46,30,38,13,19,20,25,40,47,49,2,3,4,35,7,16,27,37,26,32,11,15,39
[ 27] Received message from  37: 1|5,29,41,42,44,50,1,10,21,36,12,14,23,28,43,33,46,30,38,13,19,20,25,40,47,49,3,4,35,2,7,16,37,26,27
[ 37] Received message from   3: 1|5,29,41,42,44,50,1,10,21,36,12,14,23,28,43,33,46,30,38,13,19,20,25,40,47,49,3,4,35,2,7,16,26,37
[ 25] Received message from  49: 1|0,5,29,41,42,44,50,1,10,21,36,12,14,23,28,43,33,46,20,30,38,49,13,18,19,25,40,47
[ 37] Sent Broadcast: 1|5,29,41,42,44,50,1,10,21,36,12,14,23,28,43,33,46,30,38,13,19,20,25,40,47,49,3,4,35,2,7,16,37,26,27
[ 35] Received message from  40: 1|0,5,29,41,42,44,50,1,10,21,36,12,14,23,28,43,33,46,30,38,13,19,20,25,40,47,49,3,4,16,35
[  3] Sent Broadcast: 1|5,29,41,42,44,50,1,10,21,36,12,14,23,28,43,33,46,30,38,13,19,20,25,40,47,49,3,4,35,2,7,16,26,37
[ 32] Sent Broadcast: 1|0,5,29,41,42,44,50,1,10,21,36,12,14,23,28,43,33,46,30,38,13,19,20,25,40,47,49,2,3,4,35,7,16,27,37,26,32,11,15,39
[ 40] Sent Broadcast: 1|0,5,29,41,42,44,50,1,10,21,36,12,14,23,28,43,33,46,30,38,13,19,20,25,40,47,49,3,4,16,35
[ 17] Received message from  15: 1|0,5,29,41,42,44,50,1,10,21,36,12,14,23,28,43,33,46,30,38,13,19,20,25,40,47,49,2,3,4,35,7,16,27,37,26,32,11,15,39,6,17,22
[ 37] Received message from  27: 1|5,29,41,42,44,50,1,10,21,36,12,14,23,28,43,33,46,30,38,13,19,20,25,40,47,49,3,4,35,2,27,7,37
[ 27] Sent Broadcast: 1|5,29,41,42,44,50,1,10,21,36,12,14,23,28,43,33,46,30,38,13,19,20,25,40,47,49,3,4,35,2,27,7,37
[ 40] Received message from  49: 1|0,5,29,41,42,44,50,1,10,21,36,12,14,23,28,43,33,46,20,30,38,49,13,18,19,25,40,47
[ 22] Received message from  15: 1|0,5,29,41,42,44,50,1,10,21,36,12,14,23,28,43,33,46,30,38,13,19,20,25,40,47,49,2,3,4,35,7,16,27,37,26,32,11,15,39,6,17,22
[ 16] Received message from  47: 1|0,5,29,41,42,44,50,1,10,21,36,12,14,23,28,43,33,46,30,38,13,19,20,25,40,47,49,2,3,4,16,35,37
[ 15] Sent Broadcast: 1|0,5,29,41,42,44,50,1,10,21,36,12,14,23,28,43,33,46,30,38,13,19,20,25,40,47,49,2,3,4,35,7,16,27,37,26,32,11,15,39,6,17,22
[ 35] Received message from  47: 1|0,5,29,41,42,44,50,1,10,21,36,12,14,23,28,43,33,46,30,38,13,19,20,25,40,47,49,2,3,4,16,35,37
[ 47] Received message from  49: 1|0,5,29,41,42,44,50,1,10,21,36,12,14,23,28,43,33,46,20,30,38,49,13,18,19,25,40,47
[ 49] Sent Broadcast: 1|0,5,29,41,42,44,50,1,10,21,36,12,14,23,28,43,33,46,20,30,38,49,13,18,19,25,40,47
[ 37] Received message from  47: 1|0,5,29,41,42,44,50,1,10,21,36,12,14,23,28,43,33,46,30,38,13,19,20,25,40,47,49,2,3,4,16,35,37
[ 47] Sent Broadcast: 1|0,5,29,41,42,44,50,1,10,21,36,12,14,23,28,43,33,46,30,38,13,19,20,25,40,47,49,2,3,4,16,35,37
