[  3] Received message from   1: 1|0,3,11,17,23,30,31,37,40,48,49,50
[ 11] Received message from   1: 1|0,3,11,17,23,30,31,37,40,48,49,50
[ 17] Received message from   1: 1|0,3,11,17,23,30,31,37,40,48,49,50
[  7] Received message from   3: 1|0,3,11,17,23,30,31,37,40,48,49,50,1,7
[  3] Sent Broadcast: 1|0,3,11,17,23,30,31,37,40,48,49,50,1,7
[ 23] Received message from   1: 1|0,3,11,17,23,30,31,37,40,48,49,50
[ 19] Received message from   7: 1|0,3,11,17,23,30,31,37,40,48,49,50,1,7,19,20,29
[ 30] Received message from   1: 1|0,3,11,17,23,30,31,37,40,48,49,50
[ 20] Received message from   7: 1|0,3,11,17,23,30,31,37,40,48,49,50,1,7,19,20,29
[ 22] Received message from  23: 1|0,3,11,17,23,30,31,37,40,48,49,50,1,22,34,39
[ 29] Received message from   7: 1|0,3,11,17,23,30,31,37,40,48,49,50,1,7,19,20,29
[ 31] Received message from   1: 1|0,3,11,17,23,30,31,37,40,48,49,50
[  7] Sent Broadcast: 1|0,3,11,17,23,30,31,37,40,48,49,50,1,7,19,20,29
[ 37] Received message from   1: 1|0,3,11,17,23,30,31,37,40,48,49,50
[ 32] Received message from  22: 1|0,3,11,17,23,30,31,37,40,48,49,50,1,22,34,39,32
[ 34] Received message from  23: 1|0,3,11,17,23,30,31,37,40,48,49,50,1,22,34,39
[ 22] Sent Broadcast: 1|0,3,11,17,23,30,31,37,40,48,49,50,1,22,34,39,32
[ 34] Received message from  30: 1|0,3,11,17,23,30,31,37,40,48,49,50,1,34,47
[ 15] Received message from  29: 1|0,3,11,17,23,30,31,37,40,48,49,50,1,7,19,20,29,15,26
[ 40] Received message from   1: 1|0,3,11,17,23,30,31,37,40,48,49,50
[ 34] Received message from  31: 1|0,3,11,17,23,30,31,37,40,48,49,50,1,34
[ 39] Received message from  23: 1|0,3,11,17,23,30,31,37,40,48,49,50,1,22,34,39
[ 47] Received message from  32: 1|0,3,11,17,23,30,31,37,40,48,49,50,1,22,34,39,32,47
[  7] Received message from  37: 1|0,3,11,17,23,30,31,37,40,48,49,50,1,7
[ 32] Received message from  34: 1|0,3,11,17,23,30,31,37,40,48,49,50,1,22,34,39,32,35,47
[  2] Received message from  19: 1|0,3,11,17,23,30,31,37,40,48,49,50,1,7,19,20,29,2,15,26,46
[ 23] Sent Broadcast: 1|0,3,11,17,23,30,31,37,40,48,49,50,1,22,34,39
[ 31] Sent Broadcast: 1|0,3,11,17,23,30,31,37,40,48,49,50,1,34
[ 32] Sent Broadcast: 1|0,3,11,17,23,30,31,37,40,48,49,50,1,22,34,39,32,47
[ 37] Sent Broadcast: 1|0,3,11,17,23,30,31,37,40,48,49,50,1,7
[ 47] Received message from  30: 1|0,3,11,17,23,30,31,37,40,48,49,50,1,34,47
[ 32] Received message from  39: 1|0,3,11,17,23,30,31,37,40,48,49,50,1,22,34,39,32
[ 48] Received message from   1: 1|0,3,11,17,23,30,31,37,40,48,49,50
[ 30] Sent Broadcast: 1|0,3,11,17,23,30,31,37,40,48,49,50,1,34,47
[ 35] Received message from  47: 1|0,3,11,17,23,30,31,37,40,48,49,50,1,22,34,39,32,47,35
[ 15] Received message from  19: 1|0,3,11,17,23,30,31,37,40,48,49,50,1,7,19,20,29,2,15,26,46
[ 39] Sent Broadcast: 1|0,3,11,17,23,30,31,37,40,48,49,50,1,22,34,39,32
[  5] Received message from  15: 1|0,3,11,17,23,30,31,37,40,48,49,50,1,7,19,20,29,15,26,5,10,12,27,28,33
[ 47] Sent Broadcast: 1|0,3,11,17,23,30,31,37,40,48,49,50,1,22,34,39,32,47,35
[ 26] Received message from  29: 1|0,3,11,17,23,30,31,37,40,48,49,50,1,7,19,20,29,15,26
[ 24] Received message from   2: 1|0,3,11,17,23,30,31,37,40,48,49,50,1,7,19,20,29,2,15,26,46,24,41,43,45
[ 35] Received message from  34: 1|0,3,11,17,23,30,31,37,40,48,49,50,1,22,34,39,32,35,47
[ 49] Received message from   1: 1|0,3,11,17,23,30,31,37,40,48,49,50
[ 29] Sent Broadcast: 1|0,3,11,17,23,30,31,37,40,48,49,50,1,7,19,20,29,15,26
[ 26] Received message from  19: 1|0,3,11,17,23,30,31,37,40,48,49,50,1,7,19,20,29,2,15,26,46
[ 10] Received message from  15: 1|0,3,11,17,23,30,31,37,40,48,49,50,1,7,19,20,29,15,26,5,10,12,27,28,33
[  6] Received message from   5: 1|0,3,11,17,23,30,31,37,40,48,49,50,1,7,19,20,29,15,26,5,10,12,27,28,33,6,9,16,18,21,36,42
[ 14] Received message from  35: 1|0,3,11,17,23,30,31,37,40,48,49,50,1,22,34,39,32,47,35,14
[ 50] Received message from   1: 1|0,3,11,17,23,30,31,37,40,48,49,50
[ 35] Sent Broadcast: 1|0,3,11,17,23,30,31,37,40,48,49,50,1,22,34,39,32,47,35,14
[ 39] Received message from  49: 1|0,3,11,17,23,30,31,37,40,48,49,50,1,39
[ 41] Received message from   2: 1|0,3,11,17,23,30,31,37,40,48,49,50,1,7,19,20,29,2,15,26,46,24,41,43,45
[ 47] Received message from  34: 1|0,3,11,17,23,30,31,37,40,48,49,50,1,22,34,39,32,35,47
[  9] Received message from  24: 1|0,3,11,17,23,30,31,37,40,48,49,50,1,7,19,20,29,2,15,26,46,24,41,43,45,9,25,42
[ 49] Sent Broadcast: 1|0,3,11,17,23,30,31,37,40,48,49,50,1,39
[  1] Sent Broadcast: 1|0,3,11,17,23,30,31,37,40,48,49,50
[ 12] Received message from  15: 1|0,3,11,17,23,30,31,37,40,48,49,50,1,7,19,20,29,15,26,5,10,12,27,28,33
[  2] Received message from  26: 1|0,3,11,17,23,30,31,37,40,48,49,50,1,7,19,20,29,15,26,2,12,33,46
[ 34] Sent Broadcast: 1|0,3,11,17,23,30,31,37,40,48,49,50,1,22,34,39,32,35,47
[ 46] Received message from  19: 1|0,3,11,17,23,30,31,37,40,48,49,50,1,7,19,20,29,2,15,26,46
[  4] Received message from  14: 1|0,3,11,17,23,30,31,37,40,48,49,50,1,22,34,39,32,47,35,14,4,8,13,38,44
[ 13] Received message from   6: 1|0,3,11,17,23,30,31,37,40,48,49,50,1,7,19,20,29,15,26,5,10,12,27,28,33,6,9,16,18,21,36,42,13
[  9] Received message from   5: 1|0,3,11,17,23,30,31,37,40,48,49,50,1,7,19,20,29,15,26,5,10,12,27,28,33,6,9,16,18,21,36,42
[  6] Received message from  10: 1|0,3,11,17,23,30,31,37,40,48,49,50,1,7,19,20,29,15,26,5,10,12,27,28,33,6,13,16,18,36,42
[ 43] Received message from   2: 1|0,3,11,17,23,30,31,37,40,48,49,50,1,7,19,20,29,2,15,26,46,24,41,43,45
[  6] Sent Broadcast: 1|0,3,11,17,23,30,31,37,40,48,49,50,1,7,19,20,29,15,26,5,10,12,27,28,33,6,9,16,18,21,36,42,13
[ 19] Sent Broadcast: 1|0,3,11,17,23,30,31,37,40,48,49,50,1,7,19,20,29,2,15,26,46
[ 24] Received message from  46: 1|0,3,11,17,23,30,31,37,40,48,49,50,1,7,19,20,29,2,15,26,46,24,41,42,43,45
[ 14] Received message from  13: 1|0,3,11,17,23,30,31,37,40,48,49,50,1,7,19,20,29,15,26,5,10,12,27,28,33,6,9,16,18,21,36,42,13,14
[ 27] Received message from  15: 1|0,3,11,17,23,30,31,37,40,48,49,50,1,7,19,20,29,15,26,5,10,12,27,28,33
[ 25] Received message from  41: 1|0,3,11,17,23,30,31,37,40,48,49,50,1,7,19,20,29,2,15,26,46,24,41,43,45,25
[ 41] Sent Broadcast: 1|0,3,11,17,23,30,31,37,40,48,49,50,1,7,19,20,29,2,15,26,46,24,41,43,45,25
[ 16] Received message from   5: 1|0,3,11,17,23,30,31,37,40,48,49,50,1,7,19,20,29,15,26,5,10,12,27,28,33,6,9,16,18,21,36,42
[ 13] Sent Broadcast: 1|0,3,11,17,23,30,31,37,40,48,49,50,1,7,19,20,29,15,26,5,10,12,27,28,33,6,9,16,18,21,36,42,13,14
[ 13] Received message from  10: 1|0,3,11,17,23,30,31,37,40,48,49,50,1,7,19,20,29,15,26,5,10,12,27,28,33,6,13,16,18,36,42
[ 12] Received message from  26: 1|0,3,11,17,23,30,31,37,40,48,49,50,1,7,19,20,29,15,26,2,12,33,46
[  8] Received message from  14: 1|0,3,11,17,23,30,31,37,40,48,49,50,1,22,34,39,32,47,35,14,4,8,13,38,44
[ 24] Received message from   9: 1|0,3,11,17,23,30,31,37,40,48,49,50,1,7,19,20,29,15,26,5,10,12,27,28,33,6,9,16,18,21,36,42,24,25
[  6] Received message from  12: 1|0,3,11,17,23,30,31,37,40,48,49,50,1,7,19,20,29,15,26,5,10,12,27,28,33,6,13,16,18,36,42
[ 25] Received message from  24: 1|0,3,11,17,23,30,31,37,40,48,49,50,1,7,19,20,29,2,15,26,46,24,41,43,45,9,25,42
[ 45] Received message from   2: 1|0,3,11,17,23,30,31,37,40,48,49,50,1,7,19,20,29,2,15,26,46,24,41,43,45
[ 41] Received message from  46: 1|0,3,11,17,23,30,31,37,40,48,49,50,1,7,19,20,29,2,15,26,46,24,41,42,43,45
[  9] Received message from  25: 1|0,3,11,17,23,30,31,37,40,48,49,50,1,7,19,20,29,2,15,26,46,24,41,43,45,25,9,42
[  2] Sent Broadcast: 1|0,3,11,17,23,30,31,37,40,48,49,50,1,7,19,20,29,2,15,26,46,24,41,43,45
[ 16] Received message from  10: 1|0,3,11,17,23,30,31,37,40,48,49,50,1,7,19,20,29,15,26,5,10,12,27,28,33,6,13,16,18,36,42
[ 28] Received message from  15: 1|0,3,11,17,23,30,31,37,40,48,49,50,1,7,19,20,29,15,26,5,10,12,27,28,33
[ 25] Received message from  43: 1|0,3,11,17,23,30,31,37,40,48,49,50,1,7,19,20,29,2,15,26,46,24,41,43,45,25
[  6] Received message from  27: 1|0,3,11,17,23,30,31,37,40,48,49,50,1,7,19,20,29,15,26,5,10,12,27,28,33,6,13,16,18,21,36,42
[ 18] Received message from   5: 1|0,3,11,17,23,30,31,37,40,48,49,50,1,7,19,20,29,15,26,5,10,12,27,28,33,6,9,16,18,21,36,42
[ 43] Sent Broadcast: 1|0,3,11,17,23,30,31,37,40,48,49,50,1,7,19,20,29,2,15,26,46,24,41,43,45,25
[ 13] Received message from  14: 1|0,3,11,17,23,30,31,37,40,48,49,50,1,22,34,39,32,47,35,14,4,8,13,38,44
[ 25] Received message from   9: 1|0,3,11,17,23,30,31,37,40,48,49,50,1,7,19,20,29,15,26,5,10,12,27,28,33,6,9,16,18,21,36,42,24,25
[ 42] Received message from  24: 1|0,3,11,17,23,30,31,37,40,48,49,50,1,7,19,20,29,2,15,26,46,24,41,43,45,9,25,42
[ 25] Received message from  45: 1|0,3,11,17,23,30,31,37,40,48,49,50,1,7,19,20,29,2,15,26,46,24,41,43,45,25,42
[ 18] Received message from  10: 1|0,3,11,17,23,30,31,37,40,48,49,50,1,7,19,20,29,15,26,5,10,12,27,28,33,6,13,16,18,36,42
[ 33] Received message from  26: 1|0,3,11,17,23,30,31,37,40,48,49,50,1,7,19,20,29,15,26,2,12,33,46
[ 24] Sent Broadcast: 1|0,3,11,17,23,30,31,37,40,48,49,50,1,7,19,20,29,2,15,26,46,24,41,43,45,9,25,42
[  9] Sent Broadcast: 1|0,3,11,17,23,30,31,37,40,48,49,50,1,7,19,20,29,15,26,5,10,12,27,28,33,6,9,16,18,21,36,42,24,25
[ 21] Received message from   5: 1|0,3,11,17,23,30,31,37,40,48,49,50,1,7,19,20,29,15,26,5,10,12,27,28,33,6,9,16,18,21,36,42
[ 42] Received message from  46: 1|0,3,11,17,23,30,31,37,40,48,49,50,1,7,19,20,29,2,15,26,46,24,41,42,43,45
[  6] Received message from  28: 1|0,3,11,17,23,30,31,37,40,48,49,50,1,7,19,20,29,15,26,5,10,12,27,28,33,6,13,16,18,36
[ 42] Received message from  25: 1|0,3,11,17,23,30,31,37,40,48,49,50,1,7,19,20,29,2,15,26,46,24,41,43,45,25,9,42
[  5] Received message from  42: 1|0,3,11,17,23,30,31,37,40,48,49,50,1,7,19,20,29,2,15,26,46,24,41,43,45,9,25,42,5,6,10,12,16,18,21,27
[ 38] Received message from  14: 1|0,3,11,17,23,30,31,37,40,48,49,50,1,22,34,39,32,47,35,14,4,8,13,38,44
[ 42] Received message from  45: 1|0,3,11,17,23,30,31,37,40,48,49,50,1,7,19,20,29,2,15,26,46,24,41,43,45,25,42
[ 33] Received message from  15: 1|0,3,11,17,23,30,31,37,40,48,49,50,1,7,19,20,29,15,26,5,10,12,27,28,33
[ 15] Sent Broadcast: 1|0,3,11,17,23,30,31,37,40,48,49,50,1,7,19,20,29,15,26,5,10,12,27,28,33
[  5] Received message from  33: 1|0,3,11,17,23,30,31,37,40,48,49,50,1,7,19,20,29,15,26,2,12,33,46,5,10,13,16,18,27,28,36
[ 46] Received message from  26: 1|0,3,11,17,23,30,31,37,40,48,49,50,1,7,19,20,29,15,26,2,12,33,46
[ 25] Sent Broadcast: 1|0,3,11,17,23,30,31,37,40,48,49,50,1,7,19,20,29,2,15,26,46,24,41,43,45,25,9,42
[ 26] Sent Broadcast: 1|0,3,11,17,23,30,31,37,40,48,49,50,1,7,19,20,29,15,26,2,12,33,46
[ 45] Sent Broadcast: 1|0,3,11,17,23,30,31,37,40,48,49,50,1,7,19,20,29,2,15,26,46,24,41,43,45,25,42
[ 13] Received message from  12: 1|0,3,11,17,23,30,31,37,40,48,49,50,1,7,19,20,29,15,26,5,10,12,27,28,33,6,13,16,18,36,42
[ 10] Received message from  33: 1|0,3,11,17,23,30,31,37,40,48,49,50,1,7,19,20,29,15,26,2,12,33,46,5,10,13,16,18,27,28,36
[ 36] Received message from  10: 1|0,3,11,17,23,30,31,37,40,48,49,50,1,7,19,20,29,15,26,5,10,12,27,28,33,6,13,16,18,36,42
[ 44] Received message from  14: 1|0,3,11,17,23,30,31,37,40,48,49,50,1,22,34,39,32,47,35,14,4,8,13,38,44
[ 36] Received message from   5: 1|0,3,11,17,23,30,31,37,40,48,49,50,1,7,19,20,29,15,26,5,10,12,27,28,33,6,9,16,18,21,36,42
[ 13] Received message from  27: 1|0,3,11,17,23,30,31,37,40,48,49,50,1,7,19,20,29,15,26,5,10,12,27,28,33,6,13,16,18,21,36,42
[  6] Received message from  42: 1|0,3,11,17,23,30,31,37,40,48,49,50,1,7,19,20,29,2,15,26,46,24,41,43,45,9,25,42,5,6,10,12,16,18,21,27
[ 13] Received message from  18: 1|0,3,11,17,23,30,31,37,40,48,49,50,1,7,19,20,29,15,26,5,10,12,27,28,33,6,9,16,18,21,36,42,13
[ 16] Received message from  12: 1|0,3,11,17,23,30,31,37,40,48,49,50,1,7,19,20,29,15,26,5,10,12,27,28,33,6,13,16,18,36,42
[ 14] Sent Broadcast: 1|0,3,11,17,23,30,31,37,40,48,49,50,1,22,34,39,32,47,35,14,4,8,13,38,44
[ 18] Sent Broadcast: 1|0,3,11,17,23,30,31,37,40,48,49,50,1,7,19,20,29,15,26,5,10,12,27,28,33,6,9,16,18,21,36,42,13
[ 13] Received message from  28: 1|0,3,11,17,23,30,31,37,40,48,49,50,1,7,19,20,29,15,26,5,10,12,27,28,33,6,13,16,18,36
[ 42] Received message from  10: 1|0,3,11,17,23,30,31,37,40,48,49,50,1,7,19,20,29,15,26,5,10,12,27,28,33,6,13,16,18,36,42
[ 18] Received message from  12: 1|0,3,11,17,23,30,31,37,40,48,49,50,1,7,19,20,29,15,26,5,10,12,27,28,33,6,13,16,18,36,42
[ 21] Received message from  36: 1|0,3,11,17,23,30,31,37,40,48,49,50,1,7,19,20,29,15,26,5,10,12,27,28,33,6,13,16,18,36,42,21
[ 10] Received message from  42: 1|0,3,11,17,23,30,31,37,40,48,49,50,1,7,19,20,29,2,15,26,46,24,41,43,45,9,25,42,5,6,10,12,16,18,21,27
[ 10] Sent Broadcast: 1|0,3,11,17,23,30,31,37,40,48,49,50,1,7,19,20,29,15,26,5,10,12,27,28,33,6,13,16,18,36,42
[ 16] Received message from  27: 1|0,3,11,17,23,30,31,37,40,48,49,50,1,7,19,20,29,15,26,5,10,12,27,28,33,6,13,16,18,21,36,42
[ 13] Received message from  33: 1|0,3,11,17,23,30,31,37,40,48,49,50,1,7,19,20,29,15,26,2,12,33,46,5,10,13,16,18,27,28,36
[ 42] Received message from   5: 1|0,3,11,17,23,30,31,37,40,48,49,50,1,7,19,20,29,15,26,5,10,12,27,28,33,6,9,16,18,21,36,42
[ 36] Sent Broadcast: 1|0,3,11,17,23,30,31,37,40,48,49,50,1,7,19,20,29,15,26,5,10,12,27,28,33,6,13,16,18,36,42,21
[  5] Sent Broadcast: 1|0,3,11,17,23,30,31,37,40,48,49,50,1,7,19,20,29,15,26,5,10,12,27,28,33,6,9,16,18,21,36,42
[ 16] Received message from  28: 1|0,3,11,17,23,30,31,37,40,48,49,50,1,7,19,20,29,15,26,5,10,12,27,28,33,6,13,16,18,36
[ 43] Received message from  46: 1|0,3,11,17,23,30,31,37,40,48,49,50,1,7,19,20,29,2,15,26,46,24,41,42,43,45
[ 18] Received message from  27: 1|0,3,11,17,23,30,31,37,40,48,49,50,1,7,19,20,29,15,26,5,10,12,27,28,33,6,13,16,18,21,36,42
[ 36] Received message from  12: 1|0,3,11,17,23,30,31,37,40,48,49,50,1,7,19,20,29,15,26,5,10,12,27,28,33,6,13,16,18,36,42
[ 16] Received message from  33: 1|0,3,11,17,23,30,31,37,40,48,49,50,1,7,19,20,29,15,26,2,12,33,46,5,10,13,16,18,27,28,36
[ 42] Received message from  12: 1|0,3,11,17,23,30,31,37,40,48,49,50,1,7,19,20,29,15,26,5,10,12,27,28,33,6,13,16,18,36,42
[ 18] Received message from  28: 1|0,3,11,17,23,30,31,37,40,48,49,50,1,7,19,20,29,15,26,5,10,12,27,28,33,6,13,16,18,36
[ 21] Received message from  27: 1|0,3,11,17,23,30,31,37,40,48,49,50,1,7,19,20,29,15,26,5,10,12,27,28,33,6,13,16,18,21,36,42
[ 12] Sent Broadcast: 1|0,3,11,17,23,30,31,37,40,48,49,50,1,7,19,20,29,15,26,5,10,12,27,28,33,6,13,16,18,36,42
[ 45] Received message from  46: 1|0,3,11,17,23,30,31,37,40,48,49,50,1,7,19,20,29,2,15,26,46,24,41,42,43,45
[ 18] Received message from  33: 1|0,3,11,17,23,30,31,37,40,48,49,50,1,7,19,20,29,15,26,2,12,33,46,5,10,13,16,18,27,28,36
[ 46] Sent Broadcast: 1|0,3,11,17,23,30,31,37,40,48,49,50,1,7,19,20,29,2,15,26,46,24,41,42,43,45
[ 12] Received message from  42: 1|0,3,11,17,23,30,31,37,40,48,49,50,1,7,19,20,29,2,15,26,46,24,41,43,45,9,25,42,5,6,10,12,16,18,21,27
[ 36] Received message from  28: 1|0,3,11,17,23,30,31,37,40,48,49,50,1,7,19,20,29,15,26,5,10,12,27,28,33,6,13,16,18,36
[ 28] Sent Broadcast: 1|0,3,11,17,23,30,31,37,40,48,49,50,1,7,19,20,29,15,26,5,10,12,27,28,33,6,13,16,18,36
[ 36] Received message from  27: 1|0,3,11,17,23,30,31,37,40,48,49,50,1,7,19,20,29,15,26,5,10,12,27,28,33,6,13,16,18,21,36,42
[ 27] Received message from  33: 1|0,3,11,17,23,30,31,37,40,48,49,50,1,7,19,20,29,15,26,2,12,33,46,5,10,13,16,18,27,28,36
[ 42] Received message from  27: 1|0,3,11,17,23,30,31,37,40,48,49,50,1,7,19,20,29,15,26,5,10,12,27,28,33,6,13,16,18,21,36,42
[ 27] Sent Broadcast: 1|0,3,11,17,23,30,31,37,40,48,49,50,1,7,19,20,29,15,26,5,10,12,27,28,33,6,13,16,18,21,36,42
[ 16] Received message from  42: 1|0,3,11,17,23,30,31,37,40,48,49,50,1,7,19,20,29,2,15,26,46,24,41,43,45,9,25,42,5,6,10,12,16,18,21,27
[ 28] Received message from  33: 1|0,3,11,17,23,30,31,37,40,48,49,50,1,7,19,20,29,15,26,2,12,33,46,5,10,13,16,18,27,28,36
[ 18] Received message from  42: 1|0,3,11,17,23,30,31,37,40,48,49,50,1,7,19,20,29,2,15,26,46,24,41,43,45,9,25,42,5,6,10,12,16,18,21,27
[ 36] Received message from  33: 1|0,3,11,17,23,30,31,37,40,48,49,50,1,7,19,20,29,15,26,2,12,33,46,5,10,13,16,18,27,28,36
[ 33] Sent Broadcast: 1|0,3,11,17,23,30,31,37,40,48,49,50,1,7,19,20,29,15,26,2,12,33,46,5,10,13,16,18,27,28,36
[ 21] Received message from  42: 1|0,3,11,17,23,30,31,37,40,48,49,50,1,7,19,20,29,2,15,26,46,24,41,43,45,9,25,42,5,6,10,12,16,18,21,27
[ 27] Received message from  42: 1|0,3,11,17,23,30,31,37,40,48,49,50,1,7,19,20,29,2,15,26,46,24,41,43,45,9,25,42,5,6,10,12,16,18,21,27
[ 42] Sent Broadcast: 1|0,3,11,17,23,30,31,37,40,48,49,50,1,7,19,20,29,2,15,26,46,24,41,43,45,9,25,42,5,6,10,12,16,18,21,27
