[  6] Received message from   1: 1|0,6,10,12,25,32,36,38,40,45,49
[ 10] Received message from   1: 1|0,6,10,12,25,32,36,38,40,45,49
[  3] Received message from   6: 1|0,6,10,12,25,32,36,38,40,45,49,1,3,22,30,33
[ 12] Received message from   1: 1|0,6,10,12,25,32,36,38,40,45,49
[ 23] Received message from  10: 1|0,6,10,12,25,32,36,38,40,45,49,1,23,29
[ 25] Received message from   1: 1|0,6,10,12,25,32,36,38,40,45,49
[  4] Received message from   3: 1|0,6,10,12,25,32,36,38,40,45,49,1,3,22,30,33,4,5,19,34,47
[ 29] Received message from  10: 1|0,6,10,12,25,32,36,38,40,45,49,1,23,29
[ 22] Received message from   6: 1|0,6,10,12,25,32,36,38,40,45,49,1,3,22,30,33
[ 10] Sent Broadcast: 1|0,6,10,12,25,32,36,38,40,45,49,1,23,29
[  7] Received message from  12: 1|0,6,10,12,25,32,36,38,40,45,49,1,7,50
[ 32] Received message from   1: 1|0,6,10,12,25,32,36,38,40,45,49
[  5] Received message from   3: 1|0,6,10,12,25,32,36,38,40,45,49,1,3,22,30,33,4,5,19,34,47
[ 30] Received message from   6: 1|0,6,10,12,25,32,36,38,40,45,49,1,3,22,30,33
[  7] Received message from  25: 1|0,6,10,12,25,32,36,38,40,45,49,1,7,50
[  4] Received message from  22: 1|0,6,10,12,25,32,36,38,40,45,49,1,3,22,30,33,4
[ 50] Received message from  12: 1|0,6,10,12,25,32,36,38,40,45,49,1,7,50
[ 36] Received message from   1: 1|0,6,10,12,25,32,36,38,40,45,49
[ 22] Sent Broadcast: 1|0,6,10,12,25,32,36,38,40,45,49,1,3,22,30,33,4
[ 16] Received message from  23: 1|0,6,10,12,25,32,36,38,40,45,49,1,23,29,16,20
[ 21] Received message from   7: 1|0,6,10,12,25,32,36,38,40,45,49,1,7,50,21
[ 19] Received message from   3: 1|0,6,10,12,25,32,36,38,40,45,49,1,3,22,30,33,4,5,19,34,47
[  7] Received message from  32: 1|0,6,10,12,25,32,36,38,40,45,49,1,7
[ 50] Received message from  25: 1|0,6,10,12,25,32,36,38,40,45,49,1,7,50
[ 12] Sent Broadcast: 1|0,6,10,12,25,32,36,38,40,45,49,1,7,50
[ 16] Received message from  29: 1|0,6,10,12,25,32,36,38,40,45,49,1,23,29,16,20
[ 25] Sent Broadcast: 1|0,6,10,12,25,32,36,38,40,45,49,1,7,50
[  8] Received message from   5: 1|0,6,10,12,25,32,36,38,40,45,49,1,3,22,30,33,4,5,19,34,47,8,26,39
[  7] Sent Broadcast: 1|0,6,10,12,25,32,36,38,40,45,49,1,7,50,21
[ 32] Sent Broadcast: 1|0,6,10,12,25,32,36,38,40,45,49,1,7
[ 21] Received message from  50: 1|0,6,10,12,25,32,36,38,40,45,49,1,7,50,21,27
[ 33] Received message from   6: 1|0,6,10,12,25,32,36,38,40,45,49,1,3,22,30,33
[ 28] Received message from  30: 1|0,6,10,12,25,32,36,38,40,45,49,1,3,22,30,33,28,31,37
[  3] Received message from  36: 1|0,6,10,12,25,32,36,38,40,45,49,1,3,22,30,33
[ 38] Received message from   1: 1|0,6,10,12,25,32,36,38,40,45,49
[ 27] Received message from  21: 1|0,6,10,12,25,32,36,38,40,45,49,1,7,50,21,27
[ 20] Received message from  23: 1|0,6,10,12,25,32,36,38,40,45,49,1,23,29,16,20
[  6] Sent Broadcast: 1|0,6,10,12,25,32,36,38,40,45,49,1,3,22,30,33
[ 21] Sent Broadcast: 1|0,6,10,12,25,32,36,38,40,45,49,1,7,50,21,27
[ 23] Sent Broadcast: 1|0,6,10,12,25,32,36,38,40,45,49,1,23,29,16,20
[ 26] Received message from   5: 1|0,6,10,12,25,32,36,38,40,45,49,1,3,22,30,33,4,5,19,34,47,8,26,39
[ 34] Received message from   3: 1|0,6,10,12,25,32,36,38,40,45,49,1,3,22,30,33,4,5,19,34,47
[ 27] Received message from  50: 1|0,6,10,12,25,32,36,38,40,45,49,1,7,50,21,27
[  2] Received message from  28: 1|0,6,10,12,25,32,36,38,40,45,49,1,3,22,30,33,28,31,37,2,9,14,15,35,44
[ 15] Received message from  33: 1|0,6,10,12,25,32,36,38,40,45,49,1,3,22,30,33,15,28,31,37
[ 31] Received message from  30: 1|0,6,10,12,25,32,36,38,40,45,49,1,3,22,30,33,28,31,37
[ 22] Received message from  36: 1|0,6,10,12,25,32,36,38,40,45,49,1,3,22,30,33
[ 23] Received message from  38: 1|0,6,10,12,25,32,36,38,40,45,49,1,23,29
[ 50] Sent Broadcast: 1|0,6,10,12,25,32,36,38,40,45,49,1,7,50,21,27
[ 20] Received message from  29: 1|0,6,10,12,25,32,36,38,40,45,49,1,23,29,16,20
[ 40] Received message from   1: 1|0,6,10,12,25,32,36,38,40,45,49
[ 43] Received message from   8: 1|0,6,10,12,25,32,36,38,40,45,49,1,3,22,30,33,4,5,19,34,47,8,26,39,43
[ 29] Sent Broadcast: 1|0,6,10,12,25,32,36,38,40,45,49,1,23,29,16,20
[ 11] Received message from   2: 1|0,6,10,12,25,32,36,38,40,45,49,1,3,22,30,33,28,31,37,2,9,14,15,35,44,11,13,24,41,42,46
[  9] Received message from  27: 1|0,6,10,12,25,32,36,38,40,45,49,1,7,50,21,27,9,18,44
[ 39] Received message from   5: 1|0,6,10,12,25,32,36,38,40,45,49,1,3,22,30,33,4,5,19,34,47,8,26,39
[ 47] Received message from   3: 1|0,6,10,12,25,32,36,38,40,45,49,1,3,22,30,33,4,5,19,34,47
[ 30] Received message from  36: 1|0,6,10,12,25,32,36,38,40,45,49,1,3,22,30,33
[  5] Sent Broadcast: 1|0,6,10,12,25,32,36,38,40,45,49,1,3,22,30,33,4,5,19,34,47,8,26,39
[  3] Sent Broadcast: 1|0,6,10,12,25,32,36,38,40,45,49,1,3,22,30,33,4,5,19,34,47
[ 15] Received message from  31: 1|0,6,10,12,25,32,36,38,40,45,49,1,3,22,30,33,28,31,37,15,39,48
[  8] Sent Broadcast: 1|0,6,10,12,25,32,36,38,40,45,49,1,3,22,30,33,4,5,19,34,47,8,26,39,43
[ 43] Received message from  26: 1|0,6,10,12,25,32,36,38,40,45,49,1,3,22,30,33,4,5,19,34,47,8,26,39,43
[  2] Received message from  15: 1|0,6,10,12,25,32,36,38,40,45,49,1,3,22,30,33,15,28,31,37,2,9,11,13,14,35,41,42,44,46
[ 28] Received message from  33: 1|0,6,10,12,25,32,36,38,40,45,49,1,3,22,30,33,15,28,31,37
[ 29] Received message from  38: 1|0,6,10,12,25,32,36,38,40,45,49,1,23,29
[ 37] Received message from  30: 1|0,6,10,12,25,32,36,38,40,45,49,1,3,22,30,33,28,31,37
[ 26] Sent Broadcast: 1|0,6,10,12,25,32,36,38,40,45,49,1,3,22,30,33,4,5,19,34,47,8,26,39,43
[  8] Received message from  34: 1|0,6,10,12,25,32,36,38,40,45,49,1,3,22,30,33,4,5,19,34,47,8
[ 22] Received message from  40: 1|0,6,10,12,25,32,36,38,40,45,49,1,22
[  9] Received message from  28: 1|0,6,10,12,25,32,36,38,40,45,49,1,3,22,30,33,28,31,37,2,9,14,15,35,44
[ 13] Received message from   2: 1|0,6,10,12,25,32,36,38,40,45,49,1,3,22,30,33,28,31,37,2,9,14,15,35,44,11,13,24,41,42,46
[  2] Received message from   9: 1|0,6,10,12,25,32,36,38,40,45,49,1,7,50,21,27,9,18,44,2,13,14,15,28,35,41,42
[ 18] Received message from  27: 1|0,6,10,12,25,32,36,38,40,45,49,1,7,50,21,27,9,18,44
[ 30] Sent Broadcast: 1|0,6,10,12,25,32,36,38,40,45,49,1,3,22,30,33,28,31,37
[ 33] Received message from  36: 1|0,6,10,12,25,32,36,38,40,45,49,1,3,22,30,33
[ 17] Received message from  11: 1|0,6,10,12,25,32,36,38,40,45,49,1,3,22,30,33,28,31,37,2,9,14,15,35,44,11,13,24,41,42,46,17
[ 39] Received message from  31: 1|0,6,10,12,25,32,36,38,40,45,49,1,3,22,30,33,28,31,37,15,39,48
[ 36] Sent Broadcast: 1|0,6,10,12,25,32,36,38,40,45,49,1,3,22,30,33
[ 34] Sent Broadcast: 1|0,6,10,12,25,32,36,38,40,45,49,1,3,22,30,33,4,5,19,34,47,8
[ 40] Sent Broadcast: 1|0,6,10,12,25,32,36,38,40,45,49,1,22
[ 38] Sent Broadcast: 1|0,6,10,12,25,32,36,38,40,45,49,1,23,29
[ 31] Received message from  39: 1|0,6,10,12,25,32,36,38,40,45,49,1,3,22,30,33,4,5,19,34,47,8,26,39,31,37,48
[ 45] Received message from   1: 1|0,6,10,12,25,32,36,38,40,45,49
[ 11] Sent Broadcast: 1|0,6,10,12,25,32,36,38,40,45,49,1,3,22,30,33,28,31,37,2,9,14,15,35,44,11,13,24,41,42,46,17
[ 17] Received message from  13: 1|0,6,10,12,25,32,36,38,40,45,49,1,3,22,30,33,28,31,37,2,9,14,15,35,44,11,13,24,41,42,46,17
[ 37] Received message from  39: 1|0,6,10,12,25,32,36,38,40,45,49,1,3,22,30,33,4,5,19,34,47,8,26,39,31,37,48
[ 48] Received message from  31: 1|0,6,10,12,25,32,36,38,40,45,49,1,3,22,30,33,28,31,37,15,39,48
[ 13] Received message from   9: 1|0,6,10,12,25,32,36,38,40,45,49,1,7,50,21,27,9,18,44,2,13,14,15,28,35,41,42
[ 13] Sent Broadcast: 1|0,6,10,12,25,32,36,38,40,45,49,1,3,22,30,33,28,31,37,2,9,14,15,35,44,11,13,24,41,42,46,17
[ 35] Received message from  18: 1|0,6,10,12,25,32,36,38,40,45,49,1,7,50,21,27,9,18,44,35
[ 24] Received message from   2: 1|0,6,10,12,25,32,36,38,40,45,49,1,3,22,30,33,28,31,37,2,9,14,15,35,44,11,13,24,41,42,46
[  9] Received message from  15: 1|0,6,10,12,25,32,36,38,40,45,49,1,3,22,30,33,15,28,31,37,2,9,11,13,14,35,41,42,44,46
[ 44] Received message from  27: 1|0,6,10,12,25,32,36,38,40,45,49,1,7,50,21,27,9,18,44
[ 31] Received message from  33: 1|0,6,10,12,25,32,36,38,40,45,49,1,3,22,30,33,15,28,31,37
[ 14] Received message from  28: 1|0,6,10,12,25,32,36,38,40,45,49,1,3,22,30,33,28,31,37,2,9,14,15,35,44
[ 31] Sent Broadcast: 1|0,6,10,12,25,32,36,38,40,45,49,1,3,22,30,33,28,31,37,15,39,48
[ 15] Received message from  37: 1|0,6,10,12,25,32,36,38,40,45,49,1,3,22,30,33,28,31,37,15,39,48
[ 49] Received message from   1: 1|0,6,10,12,25,32,36,38,40,45,49
[ 18] Sent Broadcast: 1|0,6,10,12,25,32,36,38,40,45,49,1,7,50,21,27,9,18,44,35
[ 27] Sent Broadcast: 1|0,6,10,12,25,32,36,38,40,45,49,1,7,50,21,27,9,18,44
[ 48] Received message from  39: 1|0,6,10,12,25,32,36,38,40,45,49,1,3,22,30,33,4,5,19,34,47,8,26,39,31,37,48
[  3] Received message from  45: 1|0,6,10,12,25,32,36,38,40,45,49,1,3,22,30,33
[ 39] Sent Broadcast: 1|0,6,10,12,25,32,36,38,40,45,49,1,3,22,30,33,4,5,19,34,47,8,26,39,31,37,48
[ 14] Received message from   9: 1|0,6,10,12,25,32,36,38,40,45,49,1,7,50,21,27,9,18,44,2,13,14,15,28,35,41,42
[  1] Sent Broadcast: 1|0,6,10,12,25,32,36,38,40,45,49
[ 17] Received message from  24: 1|0,6,10,12,25,32,36,38,40,45,49,1,3,22,30,33,28,31,37,2,9,14,15,35,44,11,13,24,41,42,46,17
[  2] Received message from  44: 1|0,6,10,12,25,32,36,38,40,45,49,1,7,50,21,27,9,18,44,2,13,14,15,28,35,42
[ 41] Received message from   2: 1|0,6,10,12,25,32,36,38,40,45,49,1,3,22,30,33,28,31,37,2,9,14,15,35,44,11,13,24,41,42,46
[ 15] Received message from  28: 1|0,6,10,12,25,32,36,38,40,45,49,1,3,22,30,33,28,31,37,2,9,14,15,35,44
[ 11] Received message from  15: 1|0,6,10,12,25,32,36,38,40,45,49,1,3,22,30,33,15,28,31,37,2,9,11,13,14,35,41,42,44,46
[  3] Received message from  49: 1|0,6,10,12,25,32,36,38,40,45,49,1,3,22,30,33,37
[ 39] Received message from  37: 1|0,6,10,12,25,32,36,38,40,45,49,1,3,22,30,33,28,31,37,15,39,48
[  2] Received message from  35: 1|0,6,10,12,25,32,36,38,40,45,49,1,7,50,21,27,9,18,44,35,2,11,13,14,15,28,41,42,46
[ 11] Received message from  14: 1|0,6,10,12,25,32,36,38,40,45,49,1,3,22,30,33,28,31,37,2,9,14,15,35,44,11,13,24,41,42,46
[ 24] Sent Broadcast: 1|0,6,10,12,25,32,36,38,40,45,49,1,3,22,30,33,28,31,37,2,9,14,15,35,44,11,13,24,41,42,46,17
[ 37] Received message from  33: 1|0,6,10,12,25,32,36,38,40,45,49,1,3,22,30,33,15,28,31,37
[ 33] Sent Broadcast: 1|0,6,10,12,25,32,36,38,40,45,49,1,3,22,30,33,15,28,31,37
[ 22] Received message from  45: 1|0,6,10,12,25,32,36,38,40,45,49,1,3,22,30,33
[ 15] Received message from   9: 1|0,6,10,12,25,32,36,38,40,45,49,1,7,50,21,27,9,18,44,2,13,14,15,28,35,41,42
[ 42] Received message from   2: 1|0,6,10,12,25,32,36,38,40,45,49,1,3,22,30,33,28,31,37,2,9,14,15,35,44,11,13,24,41,42,46
[ 48] Received message from  37: 1|0,6,10,12,25,32,36,38,40,45,49,1,3,22,30,33,28,31,37,15,39,48
[ 17] Received message from  41: 1|0,6,10,12,25,32,36,38,40,45,49,1,3,22,30,33,28,31,37,2,9,14,15,35,44,11,13,24,41,42,46,17
[ 35] Received message from  28: 1|0,6,10,12,25,32,36,38,40,45,49,1,3,22,30,33,28,31,37,2,9,14,15,35,44
[ 13] Received message from  44: 1|0,6,10,12,25,32,36,38,40,45,49,1,7,50,21,27,9,18,44,2,13,14,15,28,35,42
[ 37] Sent Broadcast: 1|0,6,10,12,25,32,36,38,40,45,49,1,3,22,30,33,28,31,37,15,39,48
[ 11] Received message from  35: 1|0,6,10,12,25,32,36,38,40,45,49,1,7,50,21,27,9,18,44,35,2,11,13,14,15,28,41,42,46
[ 22] Received message from  49: 1|0,6,10,12,25,32,36,38,40,45,49,1,3,22,30,33,37
[ 13] Received message from  15: 1|0,6,10,12,25,32,36,38,40,45,49,1,3,22,30,33,15,28,31,37,2,9,11,13,14,35,41,42,44,46
[ 30] Received message from  45: 1|0,6,10,12,25,32,36,38,40,45,49,1,3,22,30,33
[ 41] Sent Broadcast: 1|0,6,10,12,25,32,36,38,40,45,49,1,3,22,30,33,28,31,37,2,9,14,15,35,44,11,13,24,41,42,46,17
[ 13] Received message from  14: 1|0,6,10,12,25,32,36,38,40,45,49,1,3,22,30,33,28,31,37,2,9,14,15,35,44,11,13,24,41,42,46
[ 14] Received message from  44: 1|0,6,10,12,25,32,36,38,40,45,49,1,7,50,21,27,9,18,44,2,13,14,15,28,35,42
[ 28] Received message from   9: 1|0,6,10,12,25,32,36,38,40,45,49,1,7,50,21,27,9,18,44,2,13,14,15,28,35,41,42
[ 17] Received message from  42: 1|0,6,10,12,25,32,36,38,40,45,49,1,3,22,30,33,28,31,37,2,9,14,15,35,44,11,13,24,41,42,46,17
[ 30] Received message from  49: 1|0,6,10,12,25,32,36,38,40,45,49,1,3,22,30,33,37
[ 42] Sent Broadcast: 1|0,6,10,12,25,32,36,38,40,45,49,1,3,22,30,33,28,31,37,2,9,14,15,35,44,11,13,24,41,42,46,17
[ 15] Received message from  44: 1|0,6,10,12,25,32,36,38,40,45,49,1,7,50,21,27,9,18,44,2,13,14,15,28,35,42
[ 46] Received message from   2: 1|0,6,10,12,25,32,36,38,40,45,49,1,3,22,30,33,28,31,37,2,9,14,15,35,44,11,13,24,41,42,46
[ 44] Received message from  28: 1|0,6,10,12,25,32,36,38,40,45,49,1,3,22,30,33,28,31,37,2,9,14,15,35,44
[ 14] Received message from  15: 1|0,6,10,12,25,32,36,38,40,45,49,1,3,22,30,33,15,28,31,37,2,9,11,13,14,35,41,42,44,46
[ 24] Received message from  14: 1|0,6,10,12,25,32,36,38,40,45,49,1,3,22,30,33,28,31,37,2,9,14,15,35,44,11,13,24,41,42,46
[ 13] Received message from  35: 1|0,6,10,12,25,32,36,38,40,45,49,1,7,50,21,27,9,18,44,35,2,11,13,14,15,28,41,42,46
[ 35] Received message from   9: 1|0,6,10,12,25,32,36,38,40,45,49,1,7,50,21,27,9,18,44,2,13,14,15,28,35,41,42
[  2] Sent Broadcast: 1|0,6,10,12,25,32,36,38,40,45,49,1,3,22,30,33,28,31,37,2,9,14,15,35,44,11,13,24,41,42,46
[ 28] Sent Broadcast: 1|0,6,10,12,25,32,36,38,40,45,49,1,3,22,30,33,28,31,37,2,9,14,15,35,44
[ 28] Received message from  44: 1|0,6,10,12,25,32,36,38,40,45,49,1,7,50,21,27,9,18,44,2,13,14,15,28,35,42
[ 33] Received message from  49: 1|0,6,10,12,25,32,36,38,40,45,49,1,3,22,30,33,37
[ 41] Received message from  14: 1|0,6,10,12,25,32,36,38,40,45,49,1,3,22,30,33,28,31,37,2,9,14,15,35,44,11,13,24,41,42,46
[ 33] Received message from  45: 1|0,6,10,12,25,32,36,38,40,45,49,1,3,22,30,33
[ 45] Sent Broadcast: 1|0,6,10,12,25,32,36,38,40,45,49,1,3,22,30,33
[ 41] Received message from   9: 1|0,6,10,12,25,32,36,38,40,45,49,1,7,50,21,27,9,18,44,2,13,14,15,28,35,41,42
[ 35] Received message from  15: 1|0,6,10,12,25,32,36,38,40,45,49,1,3,22,30,33,15,28,31,37,2,9,11,13,14,35,41,42,44,46
[ 14] Received message from  35: 1|0,6,10,12,25,32,36,38,40,45,49,1,7,50,21,27,9,18,44,35,2,11,13,14,15,28,41,42,46
[ 17] Received message from  46: 1|0,6,10,12,25,32,36,38,40,45,49,1,3,22,30,33,28,31,37,2,9,14,15,35,44,11,13,24,41,42,46,17
[ 37] Received message from  49: 1|0,6,10,12,25,32,36,38,40,45,49,1,3,22,30,33,37
[ 35] Received message from  44: 1|0,6,10,12,25,32,36,38,40,45,49,1,7,50,21,27,9,18,44,2,13,14,15,28,35,42
[ 46] Sent Broadcast: 1|0,6,10,12,25,32,36,38,40,45,49,1,3,22,30,33,28,31,37,2,9,14,15,35,44,11,13,24,41,42,46,17
[ 49] Sent Broadcast: 1|0,6,10,12,25,32,36,38,40,45,49,1,3,22,30,33,37
[ 41] Received message from  15: 1|0,6,10,12,25,32,36,38,40,45,49,1,3,22,30,33,15,28,31,37,2,9,11,13,14,35,41,42,44,46
[ 15] Received message from  35: 1|0,6,10,12,25,32,36,38,40,45,49,1,7,50,21,27,9,18,44,35,2,11,13,14,15,28,41,42,46
[ 42] Received message from  14: 1|0,6,10,12,25,32,36,38,40,45,49,1,3,22,30,33,28,31,37,2,9,14,15,35,44,11,13,24,41,42,46
[ 42] Received message from   9: 1|0,6,10,12,25,32,36,38,40,45,49,1,7,50,21,27,9,18,44,2,13,14,15,28,35,41,42
[ 28] Received message from  35: 1|0,6,10,12,25,32,36,38,40,45,49,1,7,50,21,27,9,18,44,35,2,11,13,14,15,28,41,42,46
[  9] Sent Broadcast: 1|0,6,10,12,25,32,36,38,40,45,49,1,7,50,21,27,9,18,44,2,13,14,15,28,35,41,42
[ 42] Received message from  44: 1|0,6,10,12,25,32,36,38,40,45,49,1,7,50,21,27,9,18,44,2,13,14,15,28,35,42
[ 44] Sent Broadcast: 1|0,6,10,12,25,32,36,38,40,45,49,1,7,50,21,27,9,18,44,2,13,14,15,28,35,42
[ 46] Received message from  14: 1|0,6,10,12,25,32,36,38,40,45,49,1,3,22,30,33,28,31,37,2,9,14,15,35,44,11,13,24,41,42,46
[ 42] Received message from  15: 1|0,6,10,12,25,32,36,38,40,45,49,1,3,22,30,33,15,28,31,37,2,9,11,13,14,35,41,42,44,46
[ 41] Received message from  35: 1|0,6,10,12,25,32,36,38,40,45,49,1,7,50,21,27,9,18,44,35,2,11,13,14,15,28,41,42,46
[ 14] Sent Broadcast: 1|0,6,10,12,25,32,36,38,40,45,49,1,3,22,30,33,28,31,37,2,9,14,15,35,44,11,13,24,41,42,46
[ 42] Received message from  35: 1|0,6,10,12,25,32,36,38,40,45,49,1,7,50,21,27,9,18,44,35,2,11,13,14,15,28,41,42,46
[ 44] Received message from  15: 1|0,6,10,12,25,32,36,38,40,45,49,1,3,22,30,33,15,28,31,37,2,9,11,13,14,35,41,42,44,46
[ 46] Received message from  35: 1|0,6,10,12,25,32,36,38,40,45,49,1,7,50,21,27,9,18,44,35,2,11,13,14,15,28,41,42,46
[ 35] Sent Broadcast: 1|0,6,10,12,25,32,36,38,40,45,49,1,7,50,21,27,9,18,44,35,2,11,13,14,15,28,41,42,46
[ 46] Received message from  15: 1|0,6,10,12,25,32,36,38,40,45,49,1,3,22,30,33,15,28,31,37,2,9,11,13,14,35,41,42,44,46
[ 15] Sent Broadcast: 1|0,6,10,12,25,32,36,38,40,45,49,1,3,22,30,33,15,28,31,37,2,9,11,13,14,35,41,42,44,46
