[  3] Received message from   1: 1|0,3,4,9,12,13,22,27,28,31,34,36,42,50
[  4] Received message from   1: 1|0,3,4,9,12,13,22,27,28,31,34,36,42,50
[  9] Received message from   1: 1|0,3,4,9,12,13,22,27,28,31,34,36,42,50
[ 33] Received message from   3: 1|0,3,4,9,12,13,22,27,28,31,34,36,42,50,1,33
[  3] Sent Broadcast: 1|0,3,4,9,12,13,22,27,28,31,34,36,42,50,1,33
[ 12] Received message from   1: 1|0,3,4,9,12,13,22,27,28,31,34,36,42,50
[ 33] Received message from   4: 1|0,3,4,9,12,13,22,27,28,31,34,36,42,50,1,33
[  4] Sent Broadcast: 1|0,3,4,9,12,13,22,27,28,31,34,36,42,50,1,33
[ 11] Received message from  33: 1|0,3,4,9,12,13,22,27,28,31,34,36,42,50,1,33,11,15,30,32
[ 13] Received message from   1: 1|0,3,4,9,12,13,22,27,28,31,34,36,42,50
[ 15] Received message from  33: 1|0,3,4,9,12,13,22,27,28,31,34,36,42,50,1,33,11,15,30,32
[ 17] Received message from  12: 1|0,3,4,9,12,13,22,27,28,31,34,36,42,50,1,17,20,25
[ 22] Received message from   1: 1|0,3,4,9,12,13,22,27,28,31,34,36,42,50
[  2] Received message from  17: 1|0,3,4,9,12,13,22,27,28,31,34,36,42,50,1,17,20,25,2,18,40,41,44,49
[ 15] Received message from  13: 1|0,3,4,9,12,13,22,27,28,31,34,36,42,50,1,15,30,32,33
[ 20] Received message from  12: 1|0,3,4,9,12,13,22,27,28,31,34,36,42,50,1,17,20,25
[ 14] Received message from  11: 1|0,3,4,9,12,13,22,27,28,31,34,36,42,50,1,33,11,15,30,32,14,21,24,45
[ 27] Received message from   1: 1|0,3,4,9,12,13,22,27,28,31,34,36,42,50
[ 30] Received message from  33: 1|0,3,4,9,12,13,22,27,28,31,34,36,42,50,1,33,11,15,30,32
[  5] Received message from  14: 1|0,3,4,9,12,13,22,27,28,31,34,36,42,50,1,33,11,15,30,32,14,21,24,45,5,23
[ 10] Received message from  15: 1|0,3,4,9,12,13,22,27,28,31,34,36,42,50,1,33,11,15,30,32,10,21,26,40,44
[ 16] Received message from   2: 1|0,3,4,9,12,13,22,27,28,31,34,36,42,50,1,17,20,25,2,18,40,41,44,49,16,37
[ 33] Received message from  22: 1|0,3,4,9,12,13,22,27,28,31,34,36,42,50,1,33
[ 15] Received message from  27: 1|0,3,4,9,12,13,22,27,28,31,34,36,42,50,1,15,30,33
[ 10] Received message from  30: 1|0,3,4,9,12,13,22,27,28,31,34,36,42,50,1,33,11,15,30,32,10,21,23,45
[ 30] Received message from  13: 1|0,3,4,9,12,13,22,27,28,31,34,36,42,50,1,15,30,32,33
[ 18] Received message from  17: 1|0,3,4,9,12,13,22,27,28,31,34,36,42,50,1,17,20,25,2,18,40,41,44,49
[ 21] Received message from  11: 1|0,3,4,9,12,13,22,27,28,31,34,36,42,50,1,33,11,15,30,32,14,21,24,45
[ 28] Received message from   1: 1|0,3,4,9,12,13,22,27,28,31,34,36,42,50
[ 32] Received message from  33: 1|0,3,4,9,12,13,22,27,28,31,34,36,42,50,1,33,11,15,30,32
[ 25] Received message from  12: 1|0,3,4,9,12,13,22,27,28,31,34,36,42,50,1,17,20,25
[ 22] Sent Broadcast: 1|0,3,4,9,12,13,22,27,28,31,34,36,42,50,1,33
[ 18] Received message from  20: 1|0,3,4,9,12,13,22,27,28,31,34,36,42,50,1,17,20,25,18,35,40,41,44,49
[ 21] Received message from  15: 1|0,3,4,9,12,13,22,27,28,31,34,36,42,50,1,33,11,15,30,32,10,21,26,40,44
[ 10] Received message from   5: 1|0,3,4,9,12,13,22,27,28,31,34,36,42,50,1,33,11,15,30,32,14,21,24,45,5,23,10,26,39
[ 24] Received message from  11: 1|0,3,4,9,12,13,22,27,28,31,34,36,42,50,1,33,11,15,30,32,14,21,24,45
[ 23] Received message from  14: 1|0,3,4,9,12,13,22,27,28,31,34,36,42,50,1,33,11,15,30,32,14,21,24,45,5,23
[ 38] Received message from  16: 1|0,3,4,9,12,13,22,27,28,31,34,36,42,50,1,17,20,25,2,18,40,41,44,49,16,37,38
[  5] Received message from  10: 1|0,3,4,9,12,13,22,27,28,31,34,36,42,50,1,33,11,15,30,32,10,21,26,40,44,5,6,7,23,29,39,45,47
[ 30] Received message from  27: 1|0,3,4,9,12,13,22,27,28,31,34,36,42,50,1,15,30,33
[ 40] Received message from  17: 1|0,3,4,9,12,13,22,27,28,31,34,36,42,50,1,17,20,25,2,18,40,41,44,49
[ 37] Received message from   2: 1|0,3,4,9,12,13,22,27,28,31,34,36,42,50,1,17,20,25,2,18,40,41,44,49,16,37
[ 33] Sent Broadcast: 1|0,3,4,9,12,13,22,27,28,31,34,36,42,50,1,33,11,15,30,32
[ 12] Sent Broadcast: 1|0,3,4,9,12,13,22,27,28,31,34,36,42,50,1,17,20,25
[ 32] Received message from  13: 1|0,3,4,9,12,13,22,27,28,31,34,36,42,50,1,15,30,32,33
[ 21] Received message from  30: 1|0,3,4,9,12,13,22,27,28,31,34,36,42,50,1,33,11,15,30,32,10,21,23,45
[  5] Received message from  21: 1|0,3,4,9,12,13,22,27,28,31,34,36,42,50,1,33,11,15,30,32,14,21,24,45,5,10,23
[ 15] Received message from  28: 1|0,3,4,9,12,13,22,27,28,31,34,36,42,50,1,15,25,33,44
[ 35] Received message from  18: 1|0,3,4,9,12,13,22,27,28,31,34,36,42,50,1,17,20,25,2,18,40,41,44,49,35,37
[ 18] Received message from  25: 1|0,3,4,9,12,13,22,27,28,31,34,36,42,50,1,17,20,25,18,40,41,44,49
[ 14] Sent Broadcast: 1|0,3,4,9,12,13,22,27,28,31,34,36,42,50,1,33,11,15,30,32,14,21,24,45,5,23
[ 16] Sent Broadcast: 1|0,3,4,9,12,13,22,27,28,31,34,36,42,50,1,17,20,25,2,18,40,41,44,49,16,37,38
[  2] Sent Broadcast: 1|0,3,4,9,12,13,22,27,28,31,34,36,42,50,1,17,20,25,2,18,40,41,44,49,16,37
[ 14] Received message from  32: 1|0,3,4,9,12,13,22,27,28,31,34,36,42,50,1,33,11,15,30,32,14,21,24,45
[ 31] Received message from   1: 1|0,3,4,9,12,13,22,27,28,31,34,36,42,50
[ 35] Received message from  20: 1|0,3,4,9,12,13,22,27,28,31,34,36,42,50,1,17,20,25,18,35,40,41,44,49
[ 37] Received message from  18: 1|0,3,4,9,12,13,22,27,28,31,34,36,42,50,1,17,20,25,2,18,40,41,44,49,35,37
[ 23] Received message from  30: 1|0,3,4,9,12,13,22,27,28,31,34,36,42,50,1,33,11,15,30,32,10,21,23,45
[ 33] Received message from  13: 1|0,3,4,9,12,13,22,27,28,31,34,36,42,50,1,15,30,32,33
[ 26] Received message from  15: 1|0,3,4,9,12,13,22,27,28,31,34,36,42,50,1,33,11,15,30,32,10,21,26,40,44
[ 45] Received message from  11: 1|0,3,4,9,12,13,22,27,28,31,34,36,42,50,1,33,11,15,30,32,14,21,24,45
[  6] Received message from  10: 1|0,3,4,9,12,13,22,27,28,31,34,36,42,50,1,33,11,15,30,32,10,21,26,40,44,5,6,7,23,29,39,45,47
[  5] Received message from  24: 1|0,3,4,9,12,13,22,27,28,31,34,36,42,50,1,33,11,15,30,32,14,21,24,45,5
[ 10] Received message from  21: 1|0,3,4,9,12,13,22,27,28,31,34,36,42,50,1,33,11,15,30,32,14,21,24,45,5,10,23
[ 38] Received message from  37: 1|0,3,4,9,12,13,22,27,28,31,34,36,42,50,1,17,20,25,2,18,40,41,44,49,16,37,38
[ 41] Received message from  17: 1|0,3,4,9,12,13,22,27,28,31,34,36,42,50,1,17,20,25,2,18,40,41,44,49
[ 33] Received message from  27: 1|0,3,4,9,12,13,22,27,28,31,34,36,42,50,1,15,30,33
[ 13] Sent Broadcast: 1|0,3,4,9,12,13,22,27,28,31,34,36,42,50,1,15,30,32,33
[ 18] Sent Broadcast: 1|0,3,4,9,12,13,22,27,28,31,34,36,42,50,1,17,20,25,2,18,40,41,44,49,35,37
[ 11] Sent Broadcast: 1|0,3,4,9,12,13,22,27,28,31,34,36,42,50,1,33,11,15,30,32,14,21,24,45
[ 40] Received message from  25: 1|0,3,4,9,12,13,22,27,28,31,34,36,42,50,1,17,20,25,18,40,41,44,49
[  6] Received message from  40: 1|0,3,4,9,12,13,22,27,28,31,34,36,42,50,1,17,20,25,2,18,40,41,44,49,6,10,15,26,29,35
[ 24] Sent Broadcast: 1|0,3,4,9,12,13,22,27,28,31,34,36,42,50,1,33,11,15,30,32,14,21,24,45,5
[ 25] Received message from  28: 1|0,3,4,9,12,13,22,27,28,31,34,36,42,50,1,15,25,33,44
[  6] Received message from  23: 1|0,3,4,9,12,13,22,27,28,31,34,36,42,50,1,33,11,15,30,32,14,21,24,45,5,23,6,7,10,26,29,39,47
[ 41] Received message from  25: 1|0,3,4,9,12,13,22,27,28,31,34,36,42,50,1,17,20,25,18,40,41,44,49
[  7] Received message from  10: 1|0,3,4,9,12,13,22,27,28,31,34,36,42,50,1,33,11,15,30,32,10,21,26,40,44,5,6,7,23,29,39,45,47
[ 37] Sent Broadcast: 1|0,3,4,9,12,13,22,27,28,31,34,36,42,50,1,17,20,25,2,18,40,41,44,49,16,37,38
[ 26] Received message from   5: 1|0,3,4,9,12,13,22,27,28,31,34,36,42,50,1,33,11,15,30,32,14,21,24,45,5,23,10,26,39
[ 21] Received message from  32: 1|0,3,4,9,12,13,22,27,28,31,34,36,42,50,1,33,11,15,30,32,14,21,24,45
[ 27] Sent Broadcast: 1|0,3,4,9,12,13,22,27,28,31,34,36,42,50,1,15,30,33
[  6] Received message from  35: 1|0,3,4,9,12,13,22,27,28,31,34,36,42,50,1,17,20,25,2,18,40,41,44,49,35,37,6,26,29
[ 35] Received message from   6: 1|0,3,4,9,12,13,22,27,28,31,34,36,42,50,1,33,11,15,30,32,10,21,26,40,44,5,6,7,23,29,39,45,47,35
[ 23] Received message from  21: 1|0,3,4,9,12,13,22,27,28,31,34,36,42,50,1,33,11,15,30,32,14,21,24,45,5,10,23
[ 45] Received message from  30: 1|0,3,4,9,12,13,22,27,28,31,34,36,42,50,1,33,11,15,30,32,10,21,23,45
[ 34] Received message from   1: 1|0,3,4,9,12,13,22,27,28,31,34,36,42,50
[ 33] Received message from  28: 1|0,3,4,9,12,13,22,27,28,31,34,36,42,50,1,15,25,33,44
[  6] Sent Broadcast: 1|0,3,4,9,12,13,22,27,28,31,34,36,42,50,1,33,11,15,30,32,10,21,26,40,44,5,6,7,23,29,39,45,47,35
[ 40] Received message from  20: 1|0,3,4,9,12,13,22,27,28,31,34,36,42,50,1,17,20,25,18,35,40,41,44,49
[ 39] Received message from   5: 1|0,3,4,9,12,13,22,27,28,31,34,36,42,50,1,33,11,15,30,32,14,21,24,45,5,23,10,26,39
[  7] Received message from  23: 1|0,3,4,9,12,13,22,27,28,31,34,36,42,50,1,33,11,15,30,32,14,21,24,45,5,23,6,7,10,26,29,39,47
[ 10] Received message from  40: 1|0,3,4,9,12,13,22,27,28,31,34,36,42,50,1,17,20,25,2,18,40,41,44,49,6,10,15,26,29,35
[ 21] Sent Broadcast: 1|0,3,4,9,12,13,22,27,28,31,34,36,42,50,1,33,11,15,30,32,14,21,24,45,5,10,23
[  5] Received message from  45: 1|0,3,4,9,12,13,22,27,28,31,34,36,42,50,1,33,11,15,30,32,14,21,24,45,5,10,23
[ 30] Sent Broadcast: 1|0,3,4,9,12,13,22,27,28,31,34,36,42,50,1,33,11,15,30,32,10,21,23,45
[ 44] Received message from  17: 1|0,3,4,9,12,13,22,27,28,31,34,36,42,50,1,17,20,25,2,18,40,41,44,49
[ 35] Received message from  41: 1|0,3,4,9,12,13,22,27,28,31,34,36,42,50,1,17,20,25,2,18,40,41,44,49,35,37
[ 24] Received message from  32: 1|0,3,4,9,12,13,22,27,28,31,34,36,42,50,1,33,11,15,30,32,14,21,24,45
[ 46] Received message from   7: 1|0,3,4,9,12,13,22,27,28,31,34,36,42,50,1,33,11,15,30,32,10,21,26,40,44,5,6,7,23,29,39,45,47,46,48
[ 15] Received message from  34: 1|0,3,4,9,12,13,22,27,28,31,34,36,42,50,1,15,17,20,25,40,44
[  5] Sent Broadcast: 1|0,3,4,9,12,13,22,27,28,31,34,36,42,50,1,33,11,15,30,32,14,21,24,45,5,23,10,26,39
[  7] Received message from  39: 1|0,3,4,9,12,13,22,27,28,31,34,36,42,50,1,33,11,15,30,32,14,21,24,45,5,23,10,26,39,7,47,48
[ 40] Received message from  15: 1|0,3,4,9,12,13,22,27,28,31,34,36,42,50,1,33,11,15,30,32,10,21,26,40,44
[  5] Received message from  26: 1|0,3,4,9,12,13,22,27,28,31,34,36,42,50,1,33,11,15,30,32,10,21,26,40,44,5,6,7,23,29,35,39,47,48
[ 44] Received message from  25: 1|0,3,4,9,12,13,22,27,28,31,34,36,42,50,1,17,20,25,18,40,41,44,49
[ 37] Received message from  41: 1|0,3,4,9,12,13,22,27,28,31,34,36,42,50,1,17,20,25,2,18,40,41,44,49,35,37
[  8] Received message from  46: 1|0,3,4,9,12,13,22,27,28,31,34,36,42,50,1,33,11,15,30,32,10,21,26,40,44,5,6,7,23,29,39,45,47,46,48,8,19,43
[ 41] Received message from  20: 1|0,3,4,9,12,13,22,27,28,31,34,36,42,50,1,17,20,25,18,35,40,41,44,49
[ 23] Received message from  10: 1|0,3,4,9,12,13,22,27,28,31,34,36,42,50,1,33,11,15,30,32,10,21,26,40,44,5,6,7,23,29,39,45,47
[ 15] Received message from  40: 1|0,3,4,9,12,13,22,27,28,31,34,36,42,50,1,17,20,25,2,18,40,41,44,49,6,10,15,26,29,35
[ 36] Received message from   1: 1|0,3,4,9,12,13,22,27,28,31,34,36,42,50
[ 26] Received message from  35: 1|0,3,4,9,12,13,22,27,28,31,34,36,42,50,1,17,20,25,2,18,40,41,44,49,35,37,6,26,29
[ 41] Sent Broadcast: 1|0,3,4,9,12,13,22,27,28,31,34,36,42,50,1,17,20,25,2,18,40,41,44,49,35,37
[ 44] Received message from  28: 1|0,3,4,9,12,13,22,27,28,31,34,36,42,50,1,15,25,33,44
[  6] Received message from  44: 1|0,3,4,9,12,13,22,27,28,31,34,36,42,50,1,17,20,25,2,18,40,41,44,49,6,15,35
[ 10] Received message from  45: 1|0,3,4,9,12,13,22,27,28,31,34,36,42,50,1,33,11,15,30,32,14,21,24,45,5,10,23
[ 10] Received message from  23: 1|0,3,4,9,12,13,22,27,28,31,34,36,42,50,1,33,11,15,30,32,14,21,24,45,5,23,6,7,10,26,29,39,47
[ 45] Received message from  32: 1|0,3,4,9,12,13,22,27,28,31,34,36,42,50,1,33,11,15,30,32,14,21,24,45
[ 44] Received message from  15: 1|0,3,4,9,12,13,22,27,28,31,34,36,42,50,1,33,11,15,30,32,10,21,26,40,44
[ 28] Sent Broadcast: 1|0,3,4,9,12,13,22,27,28,31,34,36,42,50,1,15,25,33,44
[ 15] Sent Broadcast: 1|0,3,4,9,12,13,22,27,28,31,34,36,42,50,1,33,11,15,30,32,10,21,26,40,44
[ 32] Sent Broadcast: 1|0,3,4,9,12,13,22,27,28,31,34,36,42,50,1,33,11,15,30,32,14,21,24,45
[ 49] Received message from  17: 1|0,3,4,9,12,13,22,27,28,31,34,36,42,50,1,17,20,25,2,18,40,41,44,49
[ 33] Received message from  36: 1|0,3,4,9,12,13,22,27,28,31,34,36,42,50,1,33
[ 29] Received message from  10: 1|0,3,4,9,12,13,22,27,28,31,34,36,42,50,1,33,11,15,30,32,10,21,26,40,44,5,6,7,23,29,39,45,47
[ 19] Received message from  46: 1|0,3,4,9,12,13,22,27,28,31,34,36,42,50,1,33,11,15,30,32,10,21,26,40,44,5,6,7,23,29,39,45,47,46,48,8,19,43
[ 17] Received message from  34: 1|0,3,4,9,12,13,22,27,28,31,34,36,42,50,1,15,17,20,25,40,44
[ 47] Received message from  39: 1|0,3,4,9,12,13,22,27,28,31,34,36,42,50,1,33,11,15,30,32,14,21,24,45,5,23,10,26,39,7,47,48
[ 49] Received message from  25: 1|0,3,4,9,12,13,22,27,28,31,34,36,42,50,1,17,20,25,18,40,41,44,49
[ 44] Received message from  20: 1|0,3,4,9,12,13,22,27,28,31,34,36,42,50,1,17,20,25,18,35,40,41,44,49
[ 23] Received message from  45: 1|0,3,4,9,12,13,22,27,28,31,34,36,42,50,1,33,11,15,30,32,14,21,24,45,5,10,23
[ 36] Sent Broadcast: 1|0,3,4,9,12,13,22,27,28,31,34,36,42,50,1,33
[ 15] Received message from  44: 1|0,3,4,9,12,13,22,27,28,31,34,36,42,50,1,17,20,25,2,18,40,41,44,49,6,15,35
[ 17] Sent Broadcast: 1|0,3,4,9,12,13,22,27,28,31,34,36,42,50,1,17,20,25,2,18,40,41,44,49
[ 42] Received message from   1: 1|0,3,4,9,12,13,22,27,28,31,34,36,42,50
[ 48] Received message from   7: 1|0,3,4,9,12,13,22,27,28,31,34,36,42,50,1,33,11,15,30,32,10,21,26,40,44,5,6,7,23,29,39,45,47,46,48
[  7] Sent Broadcast: 1|0,3,4,9,12,13,22,27,28,31,34,36,42,50,1,33,11,15,30,32,10,21,26,40,44,5,6,7,23,29,39,45,47,46,48
[ 45] Sent Broadcast: 1|0,3,4,9,12,13,22,27,28,31,34,36,42,50,1,33,11,15,30,32,14,21,24,45,5,10,23
[ 26] Received message from  40: 1|0,3,4,9,12,13,22,27,28,31,34,36,42,50,1,17,20,25,2,18,40,41,44,49,6,10,15,26,29,35
[  6] Received message from  26: 1|0,3,4,9,12,13,22,27,28,31,34,36,42,50,1,33,11,15,30,32,10,21,26,40,44,5,6,7,23,29,35,39,47,48
[ 25] Sent Broadcast: 1|0,3,4,9,12,13,22,27,28,31,34,36,42,50,1,17,20,25,18,40,41,44,49
[ 29] Received message from  35: 1|0,3,4,9,12,13,22,27,28,31,34,36,42,50,1,17,20,25,2,18,40,41,44,49,35,37,6,26,29
[ 26] Received message from  23: 1|0,3,4,9,12,13,22,27,28,31,34,36,42,50,1,33,11,15,30,32,14,21,24,45,5,23,6,7,10,26,29,39,47
[ 39] Received message from  10: 1|0,3,4,9,12,13,22,27,28,31,34,36,42,50,1,33,11,15,30,32,10,21,26,40,44,5,6,7,23,29,39,45,47
[ 20] Received message from  34: 1|0,3,4,9,12,13,22,27,28,31,34,36,42,50,1,15,17,20,25,40,44
[  6] Received message from  47: 1|0,3,4,9,12,13,22,27,28,31,34,36,42,50,1,33,11,15,30,32,14,21,24,45,5,23,10,26,39,7,47,48,6,29,46
[ 35] Sent Broadcast: 1|0,3,4,9,12,13,22,27,28,31,34,36,42,50,1,17,20,25,2,18,40,41,44,49,35,37,6,26,29
[ 43] Received message from  46: 1|0,3,4,9,12,13,22,27,28,31,34,36,42,50,1,33,11,15,30,32,10,21,26,40,44,5,6,7,23,29,39,45,47,46,48,8,19,43
[ 50] Received message from   1: 1|0,3,4,9,12,13,22,27,28,31,34,36,42,50
[ 29] Received message from  40: 1|0,3,4,9,12,13,22,27,28,31,34,36,42,50,1,17,20,25,2,18,40,41,44,49,6,10,15,26,29,35
[ 49] Received message from  20: 1|0,3,4,9,12,13,22,27,28,31,34,36,42,50,1,17,20,25,18,35,40,41,44,49
[  7] Received message from  26: 1|0,3,4,9,12,13,22,27,28,31,34,36,42,50,1,33,11,15,30,32,10,21,26,40,44,5,6,7,23,29,35,39,47,48
[ 48] Received message from  39: 1|0,3,4,9,12,13,22,27,28,31,34,36,42,50,1,33,11,15,30,32,14,21,24,45,5,23,10,26,39,7,47,48
[ 35] Received message from  44: 1|0,3,4,9,12,13,22,27,28,31,34,36,42,50,1,17,20,25,2,18,40,41,44,49,6,15,35
[ 15] Received message from  42: 1|0,3,4,9,12,13,22,27,28,31,34,36,42,50,1,15,30,33
[ 44] Sent Broadcast: 1|0,3,4,9,12,13,22,27,28,31,34,36,42,50,1,17,20,25,2,18,40,41,44,49,6,15,35
[ 46] Sent Broadcast: 1|0,3,4,9,12,13,22,27,28,31,34,36,42,50,1,33,11,15,30,32,10,21,26,40,44,5,6,7,23,29,39,45,47,46,48,8,19,43
[ 20] Sent Broadcast: 1|0,3,4,9,12,13,22,27,28,31,34,36,42,50,1,17,20,25,18,35,40,41,44,49
[ 35] Received message from  49: 1|0,3,4,9,12,13,22,27,28,31,34,36,42,50,1,17,20,25,2,18,40,41,44,49,35,37
[ 39] Sent Broadcast: 1|0,3,4,9,12,13,22,27,28,31,34,36,42,50,1,33,11,15,30,32,14,21,24,45,5,23,10,26,39,7,47,48
[  1] Sent Broadcast: 1|0,3,4,9,12,13,22,27,28,31,34,36,42,50
[  8] Received message from  48: 1|0,3,4,9,12,13,22,27,28,31,34,36,42,50,1,33,11,15,30,32,10,21,26,40,44,5,6,7,23,29,39,45,47,46,48,8,19,43
[ 23] Received message from  26: 1|0,3,4,9,12,13,22,27,28,31,34,36,42,50,1,33,11,15,30,32,10,21,26,40,44,5,6,7,23,29,35,39,47,48
[ 45] Received message from  10: 1|0,3,4,9,12,13,22,27,28,31,34,36,42,50,1,33,11,15,30,32,10,21,26,40,44,5,6,7,23,29,39,45,47
[ 25] Received message from  34: 1|0,3,4,9,12,13,22,27,28,31,34,36,42,50,1,15,17,20,25,40,44
[ 35] Received message from  29: 1|0,3,4,9,12,13,22,27,28,31,34,36,42,50,1,33,11,15,30,32,10,21,26,40,44,5,6,7,23,29,39,45,47,35
[ 30] Received message from  42: 1|0,3,4,9,12,13,22,27,28,31,34,36,42,50,1,15,30,33
[ 35] Received message from  40: 1|0,3,4,9,12,13,22,27,28,31,34,36,42,50,1,17,20,25,2,18,40,41,44,49,6,10,15,26,29,35
[ 29] Sent Broadcast: 1|0,3,4,9,12,13,22,27,28,31,34,36,42,50,1,33,11,15,30,32,10,21,26,40,44,5,6,7,23,29,39,45,47,35
[ 40] Sent Broadcast: 1|0,3,4,9,12,13,22,27,28,31,34,36,42,50,1,17,20,25,2,18,40,41,44,49,6,10,15,26,29,35
[ 37] Received message from  49: 1|0,3,4,9,12,13,22,27,28,31,34,36,42,50,1,17,20,25,2,18,40,41,44,49,35,37
[ 49] Sent Broadcast: 1|0,3,4,9,12,13,22,27,28,31,34,36,42,50,1,17,20,25,2,18,40,41,44,49,35,37
[ 33] Received message from  42: 1|0,3,4,9,12,13,22,27,28,31,34,36,42,50,1,15,30,33
[ 42] Sent Broadcast: 1|0,3,4,9,12,13,22,27,28,31,34,36,42,50,1,15,30,33
[ 29] Received message from  23: 1|0,3,4,9,12,13,22,27,28,31,34,36,42,50,1,33,11,15,30,32,14,21,24,45,5,23,6,7,10,26,29,39,47
[ 47] Received message from  10: 1|0,3,4,9,12,13,22,27,28,31,34,36,42,50,1,33,11,15,30,32,10,21,26,40,44,5,6,7,23,29,39,45,47
[ 40] Received message from  34: 1|0,3,4,9,12,13,22,27,28,31,34,36,42,50,1,15,17,20,25,40,44
[ 19] Received message from  48: 1|0,3,4,9,12,13,22,27,28,31,34,36,42,50,1,33,11,15,30,32,10,21,26,40,44,5,6,7,23,29,39,45,47,46,48,8,19,43
[ 29] Received message from  47: 1|0,3,4,9,12,13,22,27,28,31,34,36,42,50,1,33,11,15,30,32,14,21,24,45,5,23,10,26,39,7,47,48,6,29,46
[ 10] Sent Broadcast: 1|0,3,4,9,12,13,22,27,28,31,34,36,42,50,1,33,11,15,30,32,10,21,26,40,44,5,6,7,23,29,39,45,47
[ 43] Received message from  48: 1|0,3,4,9,12,13,22,27,28,31,34,36,42,50,1,33,11,15,30,32,10,21,26,40,44,5,6,7,23,29,39,45,47,46,48,8,19,43
[ 44] Received message from  34: 1|0,3,4,9,12,13,22,27,28,31,34,36,42,50,1,15,17,20,25,40,44
[ 48] Sent Broadcast: 1|0,3,4,9,12,13,22,27,28,31,34,36,42,50,1,33,11,15,30,32,10,21,26,40,44,5,6,7,23,29,39,45,47,46,48,8,19,43
[ 46] Received message from  47: 1|0,3,4,9,12,13,22,27,28,31,34,36,42,50,1,33,11,15,30,32,14,21,24,45,5,23,10,26,39,7,47,48,6,29,46
[ 39] Received message from  23: 1|0,3,4,9,12,13,22,27,28,31,34,36,42,50,1,33,11,15,30,32,14,21,24,45,5,23,6,7,10,26,29,39,47
[ 34] Sent Broadcast: 1|0,3,4,9,12,13,22,27,28,31,34,36,42,50,1,15,17,20,25,40,44
[ 47] Sent Broadcast: 1|0,3,4,9,12,13,22,27,28,31,34,36,42,50,1,33,11,15,30,32,14,21,24,45,5,23,10,26,39,7,47,48,6,29,46
[ 29] Received message from  26: 1|0,3,4,9,12,13,22,27,28,31,34,36,42,50,1,33,11,15,30,32,10,21,26,40,44,5,6,7,23,29,35,39,47,48
[ 47] Received message from  23: 1|0,3,4,9,12,13,22,27,28,31,34,36,42,50,1,33,11,15,30,32,14,21,24,45,5,23,6,7,10,26,29,39,47
[ 23] Sent Broadcast: 1|0,3,4,9,12,13,22,27,28,31,34,36,42,50,1,33,11,15,30,32,14,21,24,45,5,23,6,7,10,26,29,39,47
[ 35] Received message from  26: 1|0,3,4,9,12,13,22,27,28,31,34,36,42,50,1,33,11,15,30,32,10,21,26,40,44,5,6,7,23,29,35,39,47,48
[ 39] Received message from  26: 1|0,3,4,9,12,13,22,27,28,31,34,36,42,50,1,33,11,15,30,32,10,21,26,40,44,5,6,7,23,29,35,39,47,48
[ 47] Received message from  26: 1|0,3,4,9,12,13,22,27,28,31,34,36,42,50,1,33,11,15,30,32,10,21,26,40,44,5,6,7,23,29,35,39,47,48
[ 48] Received message from  26: 1|0,3,4,9,12,13,22,27,28,31,34,36,42,50,1,33,11,15,30,32,10,21,26,40,44,5,6,7,23,29,35,39,47,48
[ 26] Sent Broadcast: 1|0,3,4,9,12,13,22,27,28,31,34,36,42,50,1,33,11,15,30,32,10,21,26,40,44,5,6,7,23,29,35,39,47,48
