[  2] Received message from   1: 1|0,2,3,8,14,19,20,22,25,26,27,28,29,32,36,38,41,44,47,49
[  3] Received message from   1: 1|0,2,3,8,14,19,20,22,25,26,27,28,29,32,36,38,41,44,47,49
[  8] Received message from   1: 1|0,2,3,8,14,19,20,22,25,26,27,28,29,32,36,38,41,44,47,49
[ 10] Received message from   2: 1|0,2,3,8,14,19,20,22,25,26,27,28,29,32,36,38,41,44,47,49,1,10,12
[ 12] Received message from   2: 1|0,2,3,8,14,19,20,22,25,26,27,28,29,32,36,38,41,44,47,49,1,10,12
[ 11] Received message from   3: 1|0,2,3,8,14,19,20,22,25,26,27,28,29,32,36,38,41,44,47,49,1,11,43
[ 14] Received message from   1: 1|0,2,3,8,14,19,20,22,25,26,27,28,29,32,36,38,41,44,47,49
[  7] Received message from  10: 1|0,2,3,8,14,19,20,22,25,26,27,28,29,32,36,38,41,44,47,49,1,10,12,7,50
[ 23] Received message from  14: 1|0,2,3,8,14,19,20,22,25,26,27,28,29,32,36,38,41,44,47,49,1,23,31
[  9] Received message from  12: 1|0,2,3,8,14,19,20,22,25,26,27,28,29,32,36,38,41,44,47,49,1,10,12,9,16,31,39,42
[  2] Sent Broadcast: 1|0,2,3,8,14,19,20,22,25,26,27,28,29,32,36,38,41,44,47,49,1,10,12
[ 12] Received message from   8: 1|0,2,3,8,14,19,20,22,25,26,27,28,29,32,36,38,41,44,47,49,1,12,23,31
[ 13] Received message from   7: 1|0,2,3,8,14,19,20,22,25,26,27,28,29,32,36,38,41,44,47,49,1,10,12,7,50,13,17,18,24,33,40,46
[ 16] Received message from  12: 1|0,2,3,8,14,19,20,22,25,26,27,28,29,32,36,38,41,44,47,49,1,10,12,9,16,31,39,42
[ 43] Received message from   3: 1|0,2,3,8,14,19,20,22,25,26,27,28,29,32,36,38,41,44,47,49,1,11,43
[ 31] Received message from  14: 1|0,2,3,8,14,19,20,22,25,26,27,28,29,32,36,38,41,44,47,49,1,23,31
[  3] Sent Broadcast: 1|0,2,3,8,14,19,20,22,25,26,27,28,29,32,36,38,41,44,47,49,1,11,43
[ 19] Received message from   1: 1|0,2,3,8,14,19,20,22,25,26,27,28,29,32,36,38,41,44,47,49
[ 14] Sent Broadcast: 1|0,2,3,8,14,19,20,22,25,26,27,28,29,32,36,38,41,44,47,49,1,23,31
[ 48] Received message from   9: 1|0,2,3,8,14,19,20,22,25,26,27,28,29,32,36,38,41,44,47,49,1,10,12,9,16,31,39,42,48
[ 50] Received message from  10: 1|0,2,3,8,14,19,20,22,25,26,27,28,29,32,36,38,41,44,47,49,1,10,12,7,50
[ 17] Received message from   7: 1|0,2,3,8,14,19,20,22,25,26,27,28,29,32,36,38,41,44,47,49,1,10,12,7,50,13,17,18,24,33,40,46
[  9] Sent Broadcast: 1|0,2,3,8,14,19,20,22,25,26,27,28,29,32,36,38,41,44,47,49,1,10,12,9,16,31,39,42,48
[ 20] Received message from   1: 1|0,2,3,8,14,19,20,22,25,26,27,28,29,32,36,38,41,44,47,49
[ 37] Received message from  13: 1|0,2,3,8,14,19,20,22,25,26,27,28,29,32,36,38,41,44,47,49,1,10,12,7,50,13,17,18,24,33,40,46,37
[ 31] Received message from  12: 1|0,2,3,8,14,19,20,22,25,26,27,28,29,32,36,38,41,44,47,49,1,10,12,9,16,31,39,42
[ 23] Received message from   8: 1|0,2,3,8,14,19,20,22,25,26,27,28,29,32,36,38,41,44,47,49,1,12,23,31
[ 10] Sent Broadcast: 1|0,2,3,8,14,19,20,22,25,26,27,28,29,32,36,38,41,44,47,49,1,10,12,7,50
[ 13] Sent Broadcast: 1|0,2,3,8,14,19,20,22,25,26,27,28,29,32,36,38,41,44,47,49,1,10,12,7,50,13,17,18,24,33,40,46,37
[ 12] Received message from  31: 1|0,2,3,8,14,19,20,22,25,26,27,28,29,32,36,38,41,44,47,49,1,23,31,12,42
[ 48] Received message from  16: 1|0,2,3,8,14,19,20,22,25,26,27,28,29,32,36,38,41,44,47,49,1,10,12,9,16,31,39,42,48
[ 22] Received message from   1: 1|0,2,3,8,14,19,20,22,25,26,27,28,29,32,36,38,41,44,47,49
[ 15] Received message from  48: 1|0,2,3,8,14,19,20,22,25,26,27,28,29,32,36,38,41,44,47,49,1,10,12,9,16,31,39,42,48,15,30,34
[  5] Received message from  19: 1|0,2,3,8,14,19,20,22,25,26,27,28,29,32,36,38,41,44,47,49,1,5,10,21,50
[  7] Received message from  20: 1|0,2,3,8,14,19,20,22,25,26,27,28,29,32,36,38,41,44,47,49,1,7,10,12,50
[  6] Received message from  37: 1|0,2,3,8,14,19,20,22,25,26,27,28,29,32,36,38,41,44,47,49,1,10,12,7,50,13,17,18,24,33,40,46,37,6
[ 42] Received message from  31: 1|0,2,3,8,14,19,20,22,25,26,27,28,29,32,36,38,41,44,47,49,1,23,31,12,42
[ 31] Received message from   8: 1|0,2,3,8,14,19,20,22,25,26,27,28,29,32,36,38,41,44,47,49,1,12,23,31
[ 39] Received message from  12: 1|0,2,3,8,14,19,20,22,25,26,27,28,29,32,36,38,41,44,47,49,1,10,12,9,16,31,39,42
[ 18] Received message from   7: 1|0,2,3,8,14,19,20,22,25,26,27,28,29,32,36,38,41,44,47,49,1,10,12,7,50,13,17,18,24,33,40,46
[  5] Received message from  50: 1|0,2,3,8,14,19,20,22,25,26,27,28,29,32,36,38,41,44,47,49,1,10,12,7,50,5,17,18,24,46
[ 16] Sent Broadcast: 1|0,2,3,8,14,19,20,22,25,26,27,28,29,32,36,38,41,44,47,49,1,10,12,9,16,31,39,42,48
[  8] Sent Broadcast: 1|0,2,3,8,14,19,20,22,25,26,27,28,29,32,36,38,41,44,47,49,1,12,23,31
[ 37] Sent Broadcast: 1|0,2,3,8,14,19,20,22,25,26,27,28,29,32,36,38,41,44,47,49,1,10,12,7,50,13,17,18,24,33,40,46,37,6
[ 31] Sent Broadcast: 1|0,2,3,8,14,19,20,22,25,26,27,28,29,32,36,38,41,44,47,49,1,23,31,12,42
[ 25] Received message from   1: 1|0,2,3,8,14,19,20,22,25,26,27,28,29,32,36,38,41,44,47,49
[ 35] Received message from  15: 1|0,2,3,8,14,19,20,22,25,26,27,28,29,32,36,38,41,44,47,49,1,10,12,9,16,31,39,42,48,15,30,34,35
[  5] Received message from  22: 1|0,2,3,8,14,19,20,22,25,26,27,28,29,32,36,38,41,44,47,49,1,5,10,21,50
[ 10] Received message from  19: 1|0,2,3,8,14,19,20,22,25,26,27,28,29,32,36,38,41,44,47,49,1,5,10,21,50
[  9] Received message from  42: 1|0,2,3,8,14,19,20,22,25,26,27,28,29,32,36,38,41,44,47,49,1,23,31,12,42,9,16,30,34,39
[ 24] Received message from   7: 1|0,2,3,8,14,19,20,22,25,26,27,28,29,32,36,38,41,44,47,49,1,10,12,7,50,13,17,18,24,33,40,46
[ 17] Received message from  50: 1|0,2,3,8,14,19,20,22,25,26,27,28,29,32,36,38,41,44,47,49,1,10,12,7,50,5,17,18,24,46
[ 15] Received message from  39: 1|0,2,3,8,14,19,20,22,25,26,27,28,29,32,36,38,41,44,47,49,1,10,12,9,16,31,39,42,15,30,34,35,45
[ 42] Received message from  12: 1|0,2,3,8,14,19,20,22,25,26,27,28,29,32,36,38,41,44,47,49,1,10,12,9,16,31,39,42
[ 30] Received message from  48: 1|0,2,3,8,14,19,20,22,25,26,27,28,29,32,36,38,41,44,47,49,1,10,12,9,16,31,39,42,48,15,30,34
[ 15] Sent Broadcast: 1|0,2,3,8,14,19,20,22,25,26,27,28,29,32,36,38,41,44,47,49,1,10,12,9,16,31,39,42,48,15,30,34,35
[ 26] Received message from   1: 1|0,2,3,8,14,19,20,22,25,26,27,28,29,32,36,38,41,44,47,49
[ 23] Received message from  25: 1|0,2,3,8,14,19,20,22,25,26,27,28,29,32,36,38,41,44,47,49,1,23,31
[ 10] Received message from  20: 1|0,2,3,8,14,19,20,22,25,26,27,28,29,32,36,38,41,44,47,49,1,7,10,12,50
[ 45] Received message from  35: 1|0,2,3,8,14,19,20,22,25,26,27,28,29,32,36,38,41,44,47,49,1,10,12,9,16,31,39,42,48,15,30,34,35,45
[ 12] Sent Broadcast: 1|0,2,3,8,14,19,20,22,25,26,27,28,29,32,36,38,41,44,47,49,1,10,12,9,16,31,39,42
[ 21] Received message from  19: 1|0,2,3,8,14,19,20,22,25,26,27,28,29,32,36,38,41,44,47,49,1,5,10,21,50
[ 33] Received message from   7: 1|0,2,3,8,14,19,20,22,25,26,27,28,29,32,36,38,41,44,47,49,1,10,12,7,50,13,17,18,24,33,40,46
[ 10] Received message from  22: 1|0,2,3,8,14,19,20,22,25,26,27,28,29,32,36,38,41,44,47,49,1,5,10,21,50
[ 18] Received message from  50: 1|0,2,3,8,14,19,20,22,25,26,27,28,29,32,36,38,41,44,47,49,1,10,12,7,50,5,17,18,24,46
[ 30] Received message from  39: 1|0,2,3,8,14,19,20,22,25,26,27,28,29,32,36,38,41,44,47,49,1,10,12,9,16,31,39,42,15,30,34,35,45
[ 27] Received message from   1: 1|0,2,3,8,14,19,20,22,25,26,27,28,29,32,36,38,41,44,47,49
[ 16] Received message from  42: 1|0,2,3,8,14,19,20,22,25,26,27,28,29,32,36,38,41,44,47,49,1,23,31,12,42,9,16,30,34,39
[ 35] Received message from  30: 1|0,2,3,8,14,19,20,22,25,26,27,28,29,32,36,38,41,44,47,49,1,10,12,9,16,31,39,42,48,15,30,34,35,45
[ 35] Sent Broadcast: 1|0,2,3,8,14,19,20,22,25,26,27,28,29,32,36,38,41,44,47,49,1,10,12,9,16,31,39,42,48,15,30,34,35,45
[ 23] Received message from  26: 1|0,2,3,8,14,19,20,22,25,26,27,28,29,32,36,38,41,44,47,49,1,23,31
[ 34] Received message from  48: 1|0,2,3,8,14,19,20,22,25,26,27,28,29,32,36,38,41,44,47,49,1,10,12,9,16,31,39,42,48,15,30,34
[ 31] Received message from  25: 1|0,2,3,8,14,19,20,22,25,26,27,28,29,32,36,38,41,44,47,49,1,23,31
[ 12] Received message from  20: 1|0,2,3,8,14,19,20,22,25,26,27,28,29,32,36,38,41,44,47,49,1,7,10,12,50
[ 31] Received message from  26: 1|0,2,3,8,14,19,20,22,25,26,27,28,29,32,36,38,41,44,47,49,1,23,31
[ 37] Received message from  33: 1|0,2,3,8,14,19,20,22,25,26,27,28,29,32,36,38,41,44,47,49,1,10,12,7,50,13,17,18,24,33,40,46,37
[ 50] Received message from  19: 1|0,2,3,8,14,19,20,22,25,26,27,28,29,32,36,38,41,44,47,49,1,5,10,21,50
[ 25] Sent Broadcast: 1|0,2,3,8,14,19,20,22,25,26,27,28,29,32,36,38,41,44,47,49,1,23,31
[  5] Received message from  27: 1|0,2,3,8,14,19,20,22,25,26,27,28,29,32,36,38,41,44,47,49,1,5,21,43
[ 48] Sent Broadcast: 1|0,2,3,8,14,19,20,22,25,26,27,28,29,32,36,38,41,44,47,49,1,10,12,9,16,31,39,42,48,15,30,34
[ 35] Received message from  34: 1|0,2,3,8,14,19,20,22,25,26,27,28,29,32,36,38,41,44,47,49,1,10,12,9,16,31,39,42,48,15,30,34,35,45
[ 24] Received message from  50: 1|0,2,3,8,14,19,20,22,25,26,27,28,29,32,36,38,41,44,47,49,1,10,12,7,50,5,17,18,24,46
[ 40] Received message from   7: 1|0,2,3,8,14,19,20,22,25,26,27,28,29,32,36,38,41,44,47,49,1,10,12,7,50,13,17,18,24,33,40,46
[ 21] Received message from  22: 1|0,2,3,8,14,19,20,22,25,26,27,28,29,32,36,38,41,44,47,49,1,5,10,21,50
[ 30] Received message from  42: 1|0,2,3,8,14,19,20,22,25,26,27,28,29,32,36,38,41,44,47,49,1,23,31,12,42,9,16,30,34,39
[ 28] Received message from   1: 1|0,2,3,8,14,19,20,22,25,26,27,28,29,32,36,38,41,44,47,49
[ 34] Received message from  39: 1|0,2,3,8,14,19,20,22,25,26,27,28,29,32,36,38,41,44,47,49,1,10,12,9,16,31,39,42,15,30,34,35,45
[ 33] Sent Broadcast: 1|0,2,3,8,14,19,20,22,25,26,27,28,29,32,36,38,41,44,47,49,1,10,12,7,50,13,17,18,24,33,40,46,37
[ 45] Received message from  30: 1|0,2,3,8,14,19,20,22,25,26,27,28,29,32,36,38,41,44,47,49,1,10,12,9,16,31,39,42,48,15,30,34,35,45
[ 19] Sent Broadcast: 1|0,2,3,8,14,19,20,22,25,26,27,28,29,32,36,38,41,44,47,49,1,5,10,21,50
[ 50] Received message from  20: 1|0,2,3,8,14,19,20,22,25,26,27,28,29,32,36,38,41,44,47,49,1,7,10,12,50
[ 26] Sent Broadcast: 1|0,2,3,8,14,19,20,22,25,26,27,28,29,32,36,38,41,44,47,49,1,23,31
[ 37] Received message from  40: 1|0,2,3,8,14,19,20,22,25,26,27,28,29,32,36,38,41,44,47,49,1,10,12,7,50,13,17,18,24,33,40,46,37
[ 45] Received message from  34: 1|0,2,3,8,14,19,20,22,25,26,27,28,29,32,36,38,41,44,47,49,1,10,12,9,16,31,39,42,48,15,30,34,35,45
[ 21] Received message from  27: 1|0,2,3,8,14,19,20,22,25,26,27,28,29,32,36,38,41,44,47,49,1,5,21,43
[ 30] Sent Broadcast: 1|0,2,3,8,14,19,20,22,25,26,27,28,29,32,36,38,41,44,47,49,1,10,12,9,16,31,39,42,48,15,30,34,35,45
[ 50] Received message from  22: 1|0,2,3,8,14,19,20,22,25,26,27,28,29,32,36,38,41,44,47,49,1,5,10,21,50
[ 46] Received message from  50: 1|0,2,3,8,14,19,20,22,25,26,27,28,29,32,36,38,41,44,47,49,1,10,12,7,50,5,17,18,24,46
[ 34] Sent Broadcast: 1|0,2,3,8,14,19,20,22,25,26,27,28,29,32,36,38,41,44,47,49,1,10,12,9,16,31,39,42,48,15,30,34,35,45
[ 20] Sent Broadcast: 1|0,2,3,8,14,19,20,22,25,26,27,28,29,32,36,38,41,44,47,49,1,7,10,12,50
[ 40] Sent Broadcast: 1|0,2,3,8,14,19,20,22,25,26,27,28,29,32,36,38,41,44,47,49,1,10,12,7,50,13,17,18,24,33,40,46,37
[ 50] Sent Broadcast: 1|0,2,3,8,14,19,20,22,25,26,27,28,29,32,36,38,41,44,47,49,1,10,12,7,50,5,17,18,24,46
[ 34] Received message from  42: 1|0,2,3,8,14,19,20,22,25,26,27,28,29,32,36,38,41,44,47,49,1,23,31,12,42,9,16,30,34,39
[ 46] Received message from   7: 1|0,2,3,8,14,19,20,22,25,26,27,28,29,32,36,38,41,44,47,49,1,10,12,7,50,13,17,18,24,33,40,46
[ 11] Received message from  28: 1|0,2,3,8,14,19,20,22,25,26,27,28,29,32,36,38,41,44,47,49,1,11,23
[ 35] Received message from  39: 1|0,2,3,8,14,19,20,22,25,26,27,28,29,32,36,38,41,44,47,49,1,10,12,9,16,31,39,42,15,30,34,35,45
[ 22] Sent Broadcast: 1|0,2,3,8,14,19,20,22,25,26,27,28,29,32,36,38,41,44,47,49,1,5,10,21,50
[  7] Sent Broadcast: 1|0,2,3,8,14,19,20,22,25,26,27,28,29,32,36,38,41,44,47,49,1,10,12,7,50,13,17,18,24,33,40,46
[  4] Received message from  46: 1|2,3,8,14,19,20,22,25,26,27,28,29,32,36,38,41,44,47,49,1,10,12,7,50,5,17,18,24,46,4
[ 46] Sent Broadcast: 1|2,3,8,14,19,20,22,25,26,27,28,29,32,36,38,41,44,47,49,1,10,12,7,50,5,17,18,24,46,4
[ 43] Received message from  27: 1|0,2,3,8,14,19,20,22,25,26,27,28,29,32,36,38,41,44,47,49,1,5,21,43
[ 45] Received message from  39: 1|0,2,3,8,14,19,20,22,25,26,27,28,29,32,36,38,41,44,47,49,1,10,12,9,16,31,39,42,15,30,34,35,45
[ 27] Sent Broadcast: 1|0,2,3,8,14,19,20,22,25,26,27,28,29,32,36,38,41,44,47,49,1,5,21,43
[ 23] Received message from  28: 1|0,2,3,8,14,19,20,22,25,26,27,28,29,32,36,38,41,44,47,49,1,11,23
[ 39] Sent Broadcast: 1|0,2,3,8,14,19,20,22,25,26,27,28,29,32,36,38,41,44,47,49,1,10,12,9,16,31,39,42,15,30,34,35,45
[ 29] Received message from   1: 1|0,2,3,8,14,19,20,22,25,26,27,28,29,32,36,38,41,44,47,49
[ 28] Sent Broadcast: 1|0,2,3,8,14,19,20,22,25,26,27,28,29,32,36,38,41,44,47,49,1,11,23
[ 39] Received message from  42: 1|0,2,3,8,14,19,20,22,25,26,27,28,29,32,36,38,41,44,47,49,1,23,31,12,42,9,16,30,34,39
[ 42] Sent Broadcast: 1|0,2,3,8,14,19,20,22,25,26,27,28,29,32,36,38,41,44,47,49,1,23,31,12,42,9,16,30,34,39
[ 12] Received message from  29: 1|0,2,3,8,14,19,20,22,25,26,27,28,29,32,36,38,41,44,47,49,1,12,23,31,42
[ 32] Received message from   1: 1|0,2,3,8,14,19,20,22,25,26,27,28,29,32,36,38,41,44,47,49
[ 23] Received message from  29: 1|0,2,3,8,14,19,20,22,25,26,27,28,29,32,36,38,41,44,47,49,1,12,23,31,42
[ 36] Received message from   1: 1|0,2,3,8,14,19,20,22,25,26,27,28,29,32,36,38,41,44,47,49
[ 31] Received message from  29: 1|0,2,3,8,14,19,20,22,25,26,27,28,29,32,36,38,41,44,47,49,1,12,23,31,42
[ 11] Received message from  32: 1|0,2,3,8,14,19,20,22,25,26,27,28,29,32,36,38,41,44,47,49,1,11,23,31
[ 11] Received message from  36: 1|0,2,3,8,14,19,20,22,25,26,27,28,29,32,36,38,41,44,47,49,1,11,43
[ 42] Received message from  29: 1|0,2,3,8,14,19,20,22,25,26,27,28,29,32,36,38,41,44,47,49,1,12,23,31,42
[ 29] Sent Broadcast: 1|0,2,3,8,14,19,20,22,25,26,27,28,29,32,36,38,41,44,47,49,1,12,23,31,42
[ 43] Received message from  36: 1|0,2,3,8,14,19,20,22,25,26,27,28,29,32,36,38,41,44,47,49,1,11,43
[ 38] Received message from   1: 1|0,2,3,8,14,19,20,22,25,26,27,28,29,32,36,38,41,44,47,49
[ 36] Sent Broadcast: 1|0,2,3,8,14,19,20,22,25,26,27,28,29,32,36,38,41,44,47,49,1,11,43
[ 23] Received message from  32: 1|0,2,3,8,14,19,20,22,25,26,27,28,29,32,36,38,41,44,47,49,1,11,23,31
[ 41] Received message from   1: 1|0,2,3,8,14,19,20,22,25,26,27,28,29,32,36,38,41,44,47,49
[ 23] Received message from  38: 1|0,2,3,8,14,19,20,22,25,26,27,28,29,32,36,38,41,44,47,49,1,23,31
[ 31] Received message from  32: 1|0,2,3,8,14,19,20,22,25,26,27,28,29,32,36,38,41,44,47,49,1,11,23,31
[ 44] Received message from   1: 1|0,2,3,8,14,19,20,22,25,26,27,28,29,32,36,38,41,44,47,49
[ 11] Received message from  41: 1|0,2,3,8,14,19,20,22,25,26,27,28,29,32,36,38,41,44,47,49,1,11,43
[ 32] Sent Broadcast: 1|0,2,3,8,14,19,20,22,25,26,27,28,29,32,36,38,41,44,47,49,1,11,23,31
[ 31] Received message from  38: 1|0,2,3,8,14,19,20,22,25,26,27,28,29,32,36,38,41,44,47,49,1,23,31
[ 38] Sent Broadcast: 1|0,2,3,8,14,19,20,22,25,26,27,28,29,32,36,38,41,44,47,49,1,23,31
[ 47] Received message from   1: 1|0,2,3,8,14,19,20,22,25,26,27,28,29,32,36,38,41,44,47,49
[ 43] Received message from  41: 1|0,2,3,8,14,19,20,22,25,26,27,28,29,32,36,38,41,44,47,49,1,11,43
[ 41] Sent Broadcast: 1|0,2,3,8,14,19,20,22,25,26,27,28,29,32,36,38,41,44,47,49,1,11,43
[ 10] Received message from  44: 1|0,2,3,8,14,19,20,22,25,26,27,28,29,32,36,38,41,44,47,49,1,10,12
[ 49] Received message from   1: 1|0,2,3,8,14,19,20,22,25,26,27,28,29,32,36,38,41,44,47,49
[  1] Sent Broadcast: 1|0,2,3,8,14,19,20,22,25,26,27,28,29,32,36,38,41,44,47,49
[  5] Received message from  47: 1|0,2,3,8,14,19,20,22,25,26,27,28,29,32,36,38,41,44,47,49,1,5,10,21,50
[ 12] Received message from  44: 1|0,2,3,8,14,19,20,22,25,26,27,28,29,32,36,38,41,44,47,49,1,10,12
[ 44] Sent Broadcast: 1|0,2,3,8,14,19,20,22,25,26,27,28,29,32,36,38,41,44,47,49,1,10,12
[ 10] Received message from  47: 1|0,2,3,8,14,19,20,22,25,26,27,28,29,32,36,38,41,44,47,49,1,5,10,21,50
[ 23] Received message from  49: 1|0,2,3,8,14,19,20,22,25,26,27,28,29,32,36,38,41,44,47,49,1,23,31
[ 21] Received message from  47: 1|0,2,3,8,14,19,20,22,25,26,27,28,29,32,36,38,41,44,47,49,1,5,10,21,50
[ 50] Received message from  47: 1|0,2,3,8,14,19,20,22,25,26,27,28,29,32,36,38,41,44,47,49,1,5,10,21,50
[ 47] Sent Broadcast: 1|0,2,3,8,14,19,20,22,25,26,27,28,29,32,36,38,41,44,47,49,1,5,10,21,50
[ 31] Received message from  49: 1|0,2,3,8,14,19,20,22,25,26,27,28,29,32,36,38,41,44,47,49,1,23,31
[ 49] Sent Broadcast: 1|0,2,3,8,14,19,20,22,25,26,27,28,29,32,36,38,41,44,47,49,1,23,31
