[  8] Received message from   1: 1|0,8,10,12,13,14,15,25,31,32,36
[ 10] Received message from   1: 1|0,8,10,12,13,14,15,25,31,32,36
[ 12] Received message from   1: 1|0,8,10,12,13,14,15,25,31,32,36
[ 11] Received message from  10: 1|0,8,10,12,13,14,15,25,31,32,36,1,11,16,21,44
[ 13] Received message from   1: 1|0,8,10,12,13,14,15,25,31,32,36
[ 16] Received message from  10: 1|0,8,10,12,13,14,15,25,31,32,36,1,11,16,21,44
[  4] Received message from  11: 1|0,8,10,12,13,14,15,25,31,32,36,1,11,16,21,44,4,17,27
[ 21] Received message from  10: 1|0,8,10,12,13,14,15,25,31,32,36,1,11,16,21,44
[ 14] Received message from   1: 1|0,8,10,12,13,14,15,25,31,32,36
[  4] Received message from  16: 1|0,8,10,12,13,14,15,25,31,32,36,1,11,16,21,44,4,17,22,27,33,37,38
[ 21] Received message from  13: 1|0,8,10,12,13,14,15,25,31,32,36,1,21,44
[ 17] Received message from  21: 1|0,8,10,12,13,14,15,25,31,32,36,1,11,16,21,44,17,22,27,33,37,38,46
[ 11] Received message from  14: 1|0,8,10,12,13,14,15,25,31,32,36,1,11,44
[ 44] Received message from  10: 1|0,8,10,12,13,14,15,25,31,32,36,1,11,16,21,44
[ 17] Received message from  11: 1|0,8,10,12,13,14,15,25,31,32,36,1,11,16,21,44,4,17,27
[ 44] Received message from  13: 1|0,8,10,12,13,14,15,25,31,32,36,1,21,44
[ 15] Received message from   1: 1|0,8,10,12,13,14,15,25,31,32,36
[ 29] Received message from   4: 1|0,8,10,12,13,14,15,25,31,32,36,1,11,16,21,44,4,17,27,29,39
[  4] Received message from  17: 1|0,8,10,12,13,14,15,25,31,32,36,1,11,16,21,44,17,22,27,33,37,38,46,4
[ 10] Sent Broadcast: 1|0,8,10,12,13,14,15,25,31,32,36,1,11,16,21,44
[ 13] Sent Broadcast: 1|0,8,10,12,13,14,15,25,31,32,36,1,21,44
[ 44] Received message from  14: 1|0,8,10,12,13,14,15,25,31,32,36,1,11,44
[ 17] Received message from  16: 1|0,8,10,12,13,14,15,25,31,32,36,1,11,16,21,44,4,17,22,27,33,37,38
[ 22] Received message from  21: 1|0,8,10,12,13,14,15,25,31,32,36,1,11,16,21,44,17,22,27,33,37,38,46
[ 14] Sent Broadcast: 1|0,8,10,12,13,14,15,25,31,32,36,1,11,44
[ 17] Sent Broadcast: 1|0,8,10,12,13,14,15,25,31,32,36,1,11,16,21,44,17,22,27,33,37,38,46,4
[ 21] Received message from  15: 1|0,8,10,12,13,14,15,25,31,32,36,1,21,22,46
[ 27] Received message from  11: 1|0,8,10,12,13,14,15,25,31,32,36,1,11,16,21,44,4,17,27
[ 39] Received message from   4: 1|0,8,10,12,13,14,15,25,31,32,36,1,11,16,21,44,4,17,27,29,39
[ 11] Received message from  44: 1|0,8,10,12,13,14,15,25,31,32,36,1,21,44,11,16,17,27
[  2] Received message from  29: 1|0,8,10,12,13,14,15,25,31,32,36,1,11,16,21,44,4,17,27,29,39,2,19,20,26,45,47
[ 27] Received message from  21: 1|0,8,10,12,13,14,15,25,31,32,36,1,11,16,21,44,17,22,27,33,37,38,46
[ 25] Received message from   1: 1|0,8,10,12,13,14,15,25,31,32,36
[ 50] Received message from  22: 1|0,8,10,12,13,14,15,25,31,32,36,1,11,16,21,44,17,22,27,33,37,38,46,50
[ 11] Sent Broadcast: 1|0,8,10,12,13,14,15,25,31,32,36,1,11,16,21,44,4,17,27
[ 22] Sent Broadcast: 1|0,8,10,12,13,14,15,25,31,32,36,1,11,16,21,44,17,22,27,33,37,38,46,50
[  4] Sent Broadcast: 1|0,8,10,12,13,14,15,25,31,32,36,1,11,16,21,44,4,17,27,29,39
[ 22] Received message from  16: 1|0,8,10,12,13,14,15,25,31,32,36,1,11,16,21,44,4,17,22,27,33,37,38
[ 16] Received message from  44: 1|0,8,10,12,13,14,15,25,31,32,36,1,21,44,11,16,17,27
[ 23] Received message from   2: 1|0,8,10,12,13,14,15,25,31,32,36,1,11,16,21,44,4,17,27,29,39,2,19,20,26,45,47,23,34
[ 19] Received message from  29: 1|0,8,10,12,13,14,15,25,31,32,36,1,11,16,21,44,4,17,27,29,39,2,19,20,26,45,47
[ 31] Received message from   1: 1|0,8,10,12,13,14,15,25,31,32,36
[  5] Received message from  50: 1|0,8,10,12,13,14,15,25,31,32,36,1,11,16,21,44,17,22,27,33,37,38,46,50,5,6,7,18,49
[ 33] Received message from  21: 1|0,8,10,12,13,14,15,25,31,32,36,1,11,16,21,44,17,22,27,33,37,38,46
[ 26] Received message from  39: 1|0,8,10,12,13,14,15,25,31,32,36,1,11,16,21,44,4,17,27,29,39,26
[ 27] Received message from  16: 1|0,8,10,12,13,14,15,25,31,32,36,1,11,16,21,44,4,17,22,27,33,37,38
[ 17] Received message from  44: 1|0,8,10,12,13,14,15,25,31,32,36,1,21,44,11,16,17,27
[ 22] Received message from  27: 1|0,8,10,12,13,14,15,25,31,32,36,1,11,16,21,44,4,17,27,22,33,37,38,39
[  6] Received message from  23: 1|0,8,10,12,13,14,15,25,31,32,36,1,11,16,21,44,4,17,27,29,39,2,19,20,26,45,47,23,34,6,7,9,18,33,43,49
[ 39] Sent Broadcast: 1|0,8,10,12,13,14,15,25,31,32,36,1,11,16,21,44,4,17,27,29,39,26
[ 22] Received message from  15: 1|0,8,10,12,13,14,15,25,31,32,36,1,21,22,46
[  5] Received message from  33: 1|0,8,10,12,13,14,15,25,31,32,36,1,11,16,21,44,17,22,27,33,37,38,46,5,6,7,18,23,34,49,50
[ 20] Received message from  29: 1|0,8,10,12,13,14,15,25,31,32,36,1,11,16,21,44,4,17,27,29,39,2,19,20,26,45,47
[ 32] Received message from   1: 1|0,8,10,12,13,14,15,25,31,32,36
[  3] Received message from   5: 1|0,8,10,12,13,14,15,25,31,32,36,1,11,16,21,44,17,22,27,33,37,38,46,50,5,6,7,18,49,3,9,40,43,48
[ 37] Received message from  21: 1|0,8,10,12,13,14,15,25,31,32,36,1,11,16,21,44,17,22,27,33,37,38,46
[  6] Received message from  50: 1|0,8,10,12,13,14,15,25,31,32,36,1,11,16,21,44,17,22,27,33,37,38,46,50,5,6,7,18,49
[  3] Received message from   6: 1|0,8,10,12,13,14,15,25,31,32,36,1,11,16,21,44,4,17,27,29,39,2,19,20,26,45,47,23,34,6,7,9,18,33,43,49,3,5,37,40,48,50
[ 33] Received message from  27: 1|0,8,10,12,13,14,15,25,31,32,36,1,11,16,21,44,4,17,27,22,33,37,38,39
[ 27] Received message from  44: 1|0,8,10,12,13,14,15,25,31,32,36,1,21,44,11,16,17,27
[ 46] Received message from  15: 1|0,8,10,12,13,14,15,25,31,32,36,1,21,22,46
[ 16] Received message from  31: 1|0,8,10,12,13,14,15,25,31,32,36,1,16,21,22,33,37,46,50
[  6] Received message from  19: 1|0,8,10,12,13,14,15,25,31,32,36,1,11,16,21,44,4,17,27,29,39,2,19,20,26,45,47,6,18,23,34,38,49
[  7] Received message from  23: 1|0,8,10,12,13,14,15,25,31,32,36,1,11,16,21,44,4,17,27,29,39,2,19,20,26,45,47,23,34,6,7,9,18,33,43,49
[ 34] Received message from   2: 1|0,8,10,12,13,14,15,25,31,32,36,1,11,16,21,44,4,17,27,29,39,2,19,20,26,45,47,23,34
[ 33] Received message from  16: 1|0,8,10,12,13,14,15,25,31,32,36,1,11,16,21,44,4,17,22,27,33,37,38
[ 21] Received message from  32: 1|0,8,10,12,13,14,15,25,31,32,36,1,21,22,33,37,46,50
[ 44] Sent Broadcast: 1|0,8,10,12,13,14,15,25,31,32,36,1,21,44,11,16,17,27
[ 36] Received message from   1: 1|0,8,10,12,13,14,15,25,31,32,36
[  2] Received message from  26: 1|0,8,10,12,13,14,15,25,31,32,36,1,11,16,21,44,4,17,27,29,39,26,2,19,20,23,34,38,45,47
[ 35] Received message from   3: 1|0,8,10,12,13,14,15,25,31,32,36,1,11,16,21,44,17,22,27,33,37,38,46,50,5,6,7,18,49,3,9,40,43,48,35,41
[ 26] Received message from  29: 1|0,8,10,12,13,14,15,25,31,32,36,1,11,16,21,44,4,17,27,29,39,2,19,20,26,45,47
[ 23] Received message from  20: 1|0,8,10,12,13,14,15,25,31,32,36,1,11,16,21,44,4,17,27,29,39,2,19,20,26,45,47,23,34
[ 15] Sent Broadcast: 1|0,8,10,12,13,14,15,25,31,32,36,1,21,22,46
[  2] Sent Broadcast: 1|0,8,10,12,13,14,15,25,31,32,36,1,11,16,21,44,4,17,27,29,39,2,19,20,26,45,47,23,34
[  1] Sent Broadcast: 1|0,8,10,12,13,14,15,25,31,32,36
[  5] Received message from  37: 1|0,8,10,12,13,14,15,25,31,32,36,1,11,16,21,44,17,22,27,33,37,38,46,5,6,7,18,34,49,50
[ 38] Received message from  21: 1|0,8,10,12,13,14,15,25,31,32,36,1,11,16,21,44,17,22,27,33,37,38,46
[  7] Received message from  50: 1|0,8,10,12,13,14,15,25,31,32,36,1,11,16,21,44,17,22,27,33,37,38,46,50,5,6,7,18,49
[ 22] Received message from  32: 1|0,8,10,12,13,14,15,25,31,32,36,1,21,22,33,37,46,50
[  6] Received message from  33: 1|0,8,10,12,13,14,15,25,31,32,36,1,11,16,21,44,17,22,27,33,37,38,46,5,6,7,18,23,34,49,50
[  3] Received message from   7: 1|0,8,10,12,13,14,15,25,31,32,36,1,11,16,21,44,4,17,27,29,39,2,19,20,26,45,47,23,34,6,7,9,18,33,43,49,3,5,37,40,48,50
[ 34] Received message from  20: 1|0,8,10,12,13,14,15,25,31,32,36,1,11,16,21,44,4,17,27,29,39,2,19,20,26,45,47,23,34
[ 45] Received message from  29: 1|0,8,10,12,13,14,15,25,31,32,36,1,11,16,21,44,4,17,27,29,39,2,19,20,26,45,47
[ 19] Received message from  26: 1|0,8,10,12,13,14,15,25,31,32,36,1,11,16,21,44,4,17,27,29,39,26,2,19,20,23,34,38,45,47
[  5] Received message from  46: 1|0,8,10,12,13,14,15,25,31,32,36,1,21,22,46,5,24,37,50
[ 37] Received message from  27: 1|0,8,10,12,13,14,15,25,31,32,36,1,11,16,21,44,4,17,27,22,33,37,38,39
[  9] Received message from   5: 1|0,8,10,12,13,14,15,25,31,32,36,1,11,16,21,44,17,22,27,33,37,38,46,50,5,6,7,18,49,3,9,40,43,48
[ 18] Received message from  19: 1|0,8,10,12,13,14,15,25,31,32,36,1,11,16,21,44,4,17,27,29,39,2,19,20,26,45,47,6,18,23,34,38,49
[ 20] Sent Broadcast: 1|0,8,10,12,13,14,15,25,31,32,36,1,11,16,21,44,4,17,27,29,39,2,19,20,26,45,47,23,34
[ 11] Received message from  36: 1|0,8,10,12,13,14,15,25,31,32,36,1,11,21,44
[ 41] Received message from   3: 1|0,8,10,12,13,14,15,25,31,32,36,1,11,16,21,44,17,22,27,33,37,38,46,50,5,6,7,18,49,3,9,40,43,48,35,41
[ 21] Received message from  31: 1|0,8,10,12,13,14,15,25,31,32,36,1,16,21,22,33,37,46,50
[  9] Received message from  23: 1|0,8,10,12,13,14,15,25,31,32,36,1,11,16,21,44,4,17,27,29,39,2,19,20,26,45,47,23,34,6,7,9,18,33,43,49
[  6] Received message from  34: 1|0,8,10,12,13,14,15,25,31,32,36,1,11,16,21,44,4,17,27,29,39,2,19,20,26,45,47,23,34,6,7,9,18,33,37,38,49
[  5] Received message from   6: 1|0,8,10,12,13,14,15,25,31,32,36,1,11,16,21,44,4,17,27,29,39,2,19,20,26,45,47,23,34,6,7,9,18,33,43,49,3,5,37,40,48,50
[ 18] Received message from  38: 1|0,8,10,12,13,14,15,25,31,32,36,1,11,16,21,44,17,22,27,33,37,38,46,18,19,26,34,50
[ 37] Received message from  16: 1|0,8,10,12,13,14,15,25,31,32,36,1,11,16,21,44,4,17,22,27,33,37,38
[ 20] Received message from  26: 1|0,8,10,12,13,14,15,25,31,32,36,1,11,16,21,44,4,17,27,29,39,26,2,19,20,23,34,38,45,47
[ 24] Received message from  46: 1|0,8,10,12,13,14,15,25,31,32,36,1,21,22,46,5,24,37,50
[  3] Sent Broadcast: 1|0,8,10,12,13,14,15,25,31,32,36,1,11,16,21,44,17,22,27,33,37,38,46,50,5,6,7,18,49,3,9,40,43,48,35,41
[  5] Received message from   7: 1|0,8,10,12,13,14,15,25,31,32,36,1,11,16,21,44,4,17,27,29,39,2,19,20,26,45,47,23,34,6,7,9,18,33,43,49,3,5,37,40,48,50
[ 21] Received message from  36: 1|0,8,10,12,13,14,15,25,31,32,36,1,11,21,44
[ 46] Received message from  21: 1|0,8,10,12,13,14,15,25,31,32,36,1,11,16,21,44,17,22,27,33,37,38,46
[ 18] Received message from  45: 1|0,8,10,12,13,14,15,25,31,32,36,1,11,16,21,44,4,17,27,29,39,2,19,20,26,45,47,18,23,34,49
[ 33] Received message from  32: 1|0,8,10,12,13,14,15,25,31,32,36,1,21,22,33,37,46,50
[  7] Received message from  33: 1|0,8,10,12,13,14,15,25,31,32,36,1,11,16,21,44,17,22,27,33,37,38,46,5,6,7,18,23,34,49,50
[ 22] Received message from  31: 1|0,8,10,12,13,14,15,25,31,32,36,1,16,21,22,33,37,46,50
[ 21] Sent Broadcast: 1|0,8,10,12,13,14,15,25,31,32,36,1,11,16,21,44,17,22,27,33,37,38,46
[  6] Received message from  37: 1|0,8,10,12,13,14,15,25,31,32,36,1,11,16,21,44,17,22,27,33,37,38,46,5,6,7,18,34,49,50
[ 47] Received message from  29: 1|0,8,10,12,13,14,15,25,31,32,36,1,11,16,21,44,4,17,27,29,39,2,19,20,26,45,47
[ 19] Received message from  38: 1|0,8,10,12,13,14,15,25,31,32,36,1,11,16,21,44,17,22,27,33,37,38,46,18,19,26,34,50
[ 37] Received message from   6: 1|0,8,10,12,13,14,15,25,31,32,36,1,11,16,21,44,4,17,27,29,39,2,19,20,26,45,47,23,34,6,7,9,18,33,43,49,3,5,37,40,48,50
[ 18] Received message from  50: 1|0,8,10,12,13,14,15,25,31,32,36,1,11,16,21,44,17,22,27,33,37,38,46,50,5,6,7,18,49
[  7] Received message from  34: 1|0,8,10,12,13,14,15,25,31,32,36,1,11,16,21,44,4,17,27,29,39,2,19,20,26,45,47,23,34,6,7,9,18,33,37,38,49
[ 23] Received message from  26: 1|0,8,10,12,13,14,15,25,31,32,36,1,11,16,21,44,4,17,27,29,39,26,2,19,20,23,34,38,45,47
[  3] Received message from  18: 1|0,8,10,12,13,14,15,25,31,32,36,1,11,16,21,44,4,17,27,29,39,2,19,20,26,45,47,6,18,23,34,38,49,3,5,7,9,33,37,40,43,50
[ 38] Received message from  27: 1|0,8,10,12,13,14,15,25,31,32,36,1,11,16,21,44,4,17,27,22,33,37,38,39
[ 40] Received message from   5: 1|0,8,10,12,13,14,15,25,31,32,36,1,11,16,21,44,17,22,27,33,37,38,46,50,5,6,7,18,49,3,9,40,43,48
[ 18] Received message from  23: 1|0,8,10,12,13,14,15,25,31,32,36,1,11,16,21,44,4,17,27,29,39,2,19,20,26,45,47,23,34,6,7,9,18,33,43,49
[ 33] Received message from  31: 1|0,8,10,12,13,14,15,25,31,32,36,1,16,21,22,33,37,46,50
[ 29] Sent Broadcast: 1|0,8,10,12,13,14,15,25,31,32,36,1,11,16,21,44,4,17,27,29,39,2,19,20,26,45,47
[ 26] Received message from  38: 1|0,8,10,12,13,14,15,25,31,32,36,1,11,16,21,44,17,22,27,33,37,38,46,18,19,26,34,50
[ 44] Received message from  36: 1|0,8,10,12,13,14,15,25,31,32,36,1,11,21,44
[ 18] Received message from  33: 1|0,8,10,12,13,14,15,25,31,32,36,1,11,16,21,44,17,22,27,33,37,38,46,5,6,7,18,23,34,49,50
[ 38] Received message from  16: 1|0,8,10,12,13,14,15,25,31,32,36,1,11,16,21,44,4,17,22,27,33,37,38
[ 23] Received message from   9: 1|0,8,10,12,13,14,15,25,31,32,36,1,11,16,21,44,17,22,27,33,37,38,46,50,5,6,7,18,49,3,9,40,43,48,23,34,35,41
[ 28] Received message from  24: 1|0,8,10,12,13,14,15,25,31,32,36,1,21,22,46,5,24,37,50,28,30,42
[ 37] Received message from  46: 1|0,8,10,12,13,14,15,25,31,32,36,1,21,22,46,5,24,37,50
[  7] Received message from  37: 1|0,8,10,12,13,14,15,25,31,32,36,1,11,16,21,44,17,22,27,33,37,38,46,5,6,7,18,34,49,50
[ 23] Received message from  19: 1|0,8,10,12,13,14,15,25,31,32,36,1,11,16,21,44,4,17,27,29,39,2,19,20,26,45,47,6,18,23,34,38,49
[ 35] Received message from  40: 1|0,8,10,12,13,14,15,25,31,32,36,1,11,16,21,44,17,22,27,33,37,38,46,50,5,6,7,18,49,3,9,40,43,48,35,41
[  5] Received message from  18: 1|0,8,10,12,13,14,15,25,31,32,36,1,11,16,21,44,4,17,27,29,39,2,19,20,26,45,47,6,18,23,34,38,49,3,5,7,9,33,37,40,43,50
[ 37] Received message from   7: 1|0,8,10,12,13,14,15,25,31,32,36,1,11,16,21,44,4,17,27,29,39,2,19,20,26,45,47,23,34,6,7,9,18,33,43,49,3,5,37,40,48,50
[ 36] Sent Broadcast: 1|0,8,10,12,13,14,15,25,31,32,36,1,11,21,44
[ 16] Sent Broadcast: 1|0,8,10,12,13,14,15,25,31,32,36,1,11,16,21,44,4,17,22,27,33,37,38
[ 34] Received message from  26: 1|0,8,10,12,13,14,15,25,31,32,36,1,11,16,21,44,4,17,27,29,39,26,2,19,20,23,34,38,45,47
[ 49] Received message from  50: 1|0,8,10,12,13,14,15,25,31,32,36,1,11,16,21,44,17,22,27,33,37,38,46,50,5,6,7,18,49
[ 40] Received message from   6: 1|0,8,10,12,13,14,15,25,31,32,36,1,11,16,21,44,4,17,27,29,39,2,19,20,26,45,47,23,34,6,7,9,18,33,43,49,3,5,37,40,48,50
[ 39] Received message from  27: 1|0,8,10,12,13,14,15,25,31,32,36,1,11,16,21,44,4,17,27,22,33,37,38,39
[ 23] Received message from  47: 1|0,8,10,12,13,14,15,25,31,32,36,1,11,16,21,44,4,17,27,29,39,2,19,20,26,45,47,23,34
[ 37] Received message from  32: 1|0,8,10,12,13,14,15,25,31,32,36,1,21,22,33,37,46,50
[ 33] Received message from  23: 1|0,8,10,12,13,14,15,25,31,32,36,1,11,16,21,44,4,17,27,29,39,2,19,20,26,45,47,23,34,6,7,9,18,33,43,49
[  9] Received message from  34: 1|0,8,10,12,13,14,15,25,31,32,36,1,11,16,21,44,4,17,27,29,39,2,19,20,26,45,47,23,34,6,7,9,18,33,37,38,49
[ 30] Received message from  24: 1|0,8,10,12,13,14,15,25,31,32,36,1,21,22,46,5,24,37,50,28,30,42
[ 50] Sent Broadcast: 1|0,8,10,12,13,14,15,25,31,32,36,1,11,16,21,44,17,22,27,33,37,38,46,50,5,6,7,18,49
[ 27] Sent Broadcast: 1|0,8,10,12,13,14,15,25,31,32,36,1,11,16,21,44,4,17,27,22,33,37,38,39
[  7] Received message from  18: 1|0,8,10,12,13,14,15,25,31,32,36,1,11,16,21,44,4,17,27,29,39,2,19,20,26,45,47,6,18,23,34,38,49,3,5,7,9,33,37,40,43,50
[ 38] Received message from  26: 1|0,8,10,12,13,14,15,25,31,32,36,1,11,16,21,44,4,17,27,29,39,26,2,19,20,23,34,38,45,47
[ 23] Received message from  45: 1|0,8,10,12,13,14,15,25,31,32,36,1,11,16,21,44,4,17,27,29,39,2,19,20,26,45,47,18,23,34,49
[ 43] Received message from   5: 1|0,8,10,12,13,14,15,25,31,32,36,1,11,16,21,44,17,22,27,33,37,38,46,50,5,6,7,18,49,3,9,40,43,48
[ 50] Received message from  46: 1|0,8,10,12,13,14,15,25,31,32,36,1,21,22,46,5,24,37,50
[ 37] Received message from  31: 1|0,8,10,12,13,14,15,25,31,32,36,1,16,21,22,33,37,46,50
[ 18] Received message from  37: 1|0,8,10,12,13,14,15,25,31,32,36,1,11,16,21,44,17,22,27,33,37,38,46,5,6,7,18,34,49,50
[ 48] Received message from   6: 1|0,8,10,12,13,14,15,25,31,32,36,1,11,16,21,44,4,17,27,29,39,2,19,20,26,45,47,23,34,6,7,9,18,33,43,49,3,5,37,40,48,50
[ 43] Received message from  23: 1|0,8,10,12,13,14,15,25,31,32,36,1,11,16,21,44,4,17,27,29,39,2,19,20,26,45,47,23,34,6,7,9,18,33,43,49
[ 46] Received message from  32: 1|0,8,10,12,13,14,15,25,31,32,36,1,21,22,33,37,46,50
[ 41] Received message from  40: 1|0,8,10,12,13,14,15,25,31,32,36,1,11,16,21,44,17,22,27,33,37,38,46,50,5,6,7,18,49,3,9,40,43,48,35,41
[ 34] Received message from  38: 1|0,8,10,12,13,14,15,25,31,32,36,1,11,16,21,44,17,22,27,33,37,38,46,18,19,26,34,50
[  3] Received message from  49: 1|0,8,10,12,13,14,15,25,31,32,36,1,11,16,21,44,17,22,27,33,37,38,46,50,5,6,7,18,49,3,9,19,23,34,40,43,45
[ 34] Received message from   9: 1|0,8,10,12,13,14,15,25,31,32,36,1,11,16,21,44,17,22,27,33,37,38,46,50,5,6,7,18,49,3,9,40,43,48,23,34,35,41
[ 34] Received message from  19: 1|0,8,10,12,13,14,15,25,31,32,36,1,11,16,21,44,4,17,27,29,39,2,19,20,26,45,47,6,18,23,34,38,49
[  9] Received message from  18: 1|0,8,10,12,13,14,15,25,31,32,36,1,11,16,21,44,4,17,27,29,39,2,19,20,26,45,47,6,18,23,34,38,49,3,5,7,9,33,37,40,43,50
[ 40] Received message from   7: 1|0,8,10,12,13,14,15,25,31,32,36,1,11,16,21,44,4,17,27,29,39,2,19,20,26,45,47,23,34,6,7,9,18,33,43,49,3,5,37,40,48,50
[ 40] Sent Broadcast: 1|0,8,10,12,13,14,15,25,31,32,36,1,11,16,21,44,17,22,27,33,37,38,46,50,5,6,7,18,49,3,9,40,43,48,35,41
[ 18] Received message from  34: 1|0,8,10,12,13,14,15,25,31,32,36,1,11,16,21,44,4,17,27,29,39,2,19,20,26,45,47,23,34,6,7,9,18,33,37,38,49
[ 46] Sent Broadcast: 1|0,8,10,12,13,14,15,25,31,32,36,1,21,22,46,5,24,37,50
[ 23] Received message from  33: 1|0,8,10,12,13,14,15,25,31,32,36,1,11,16,21,44,17,22,27,33,37,38,46,5,6,7,18,23,34,49,50
[ 23] Received message from  43: 1|0,8,10,12,13,14,15,25,31,32,36,1,11,16,21,44,17,22,27,33,37,38,46,50,5,6,7,18,49,3,9,40,43,48,23,35,41
[ 35] Received message from  48: 1|0,8,10,12,13,14,15,25,31,32,36,1,11,16,21,44,4,17,27,29,39,2,19,20,26,45,47,23,34,6,7,9,18,33,43,49,3,5,37,40,48,50,35,41
[ 42] Received message from  24: 1|0,8,10,12,13,14,15,25,31,32,36,1,21,22,46,5,24,37,50,28,30,42
[ 34] Received message from  47: 1|0,8,10,12,13,14,15,25,31,32,36,1,11,16,21,44,4,17,27,29,39,2,19,20,26,45,47,23,34
[ 24] Sent Broadcast: 1|0,8,10,12,13,14,15,25,31,32,36,1,21,22,46,5,24,37,50,28,30,42
[ 49] Received message from  23: 1|0,8,10,12,13,14,15,25,31,32,36,1,11,16,21,44,4,17,27,29,39,2,19,20,26,45,47,23,34,6,7,9,18,33,43,49
[ 48] Received message from   5: 1|0,8,10,12,13,14,15,25,31,32,36,1,11,16,21,44,17,22,27,33,37,38,46,50,5,6,7,18,49,3,9,40,43,48
[  9] Received message from  49: 1|0,8,10,12,13,14,15,25,31,32,36,1,11,16,21,44,17,22,27,33,37,38,46,50,5,6,7,18,49,3,9,19,23,34,40,43,45
[ 34] Received message from  45: 1|0,8,10,12,13,14,15,25,31,32,36,1,11,16,21,44,4,17,27,29,39,2,19,20,26,45,47,18,23,34,49
[  5] Sent Broadcast: 1|0,8,10,12,13,14,15,25,31,32,36,1,11,16,21,44,17,22,27,33,37,38,46,50,5,6,7,18,49,3,9,40,43,48
[ 47] Sent Broadcast: 1|0,8,10,12,13,14,15,25,31,32,36,1,11,16,21,44,4,17,27,29,39,2,19,20,26,45,47,23,34
[ 46] Received message from  31: 1|0,8,10,12,13,14,15,25,31,32,36,1,16,21,22,33,37,46,50
[ 23] Sent Broadcast: 1|0,8,10,12,13,14,15,25,31,32,36,1,11,16,21,44,4,17,27,29,39,2,19,20,26,45,47,23,34,6,7,9,18,33,43,49
[ 50] Received message from   6: 1|0,8,10,12,13,14,15,25,31,32,36,1,11,16,21,44,4,17,27,29,39,2,19,20,26,45,47,23,34,6,7,9,18,33,43,49,3,5,37,40,48,50
[ 50] Received message from  32: 1|0,8,10,12,13,14,15,25,31,32,36,1,21,22,33,37,46,50
[ 41] Received message from  48: 1|0,8,10,12,13,14,15,25,31,32,36,1,11,16,21,44,4,17,27,29,39,2,19,20,26,45,47,23,34,6,7,9,18,33,43,49,3,5,37,40,48,50,35,41
[ 45] Received message from  26: 1|0,8,10,12,13,14,15,25,31,32,36,1,11,16,21,44,4,17,27,29,39,26,2,19,20,23,34,38,45,47
[ 33] Received message from  18: 1|0,8,10,12,13,14,15,25,31,32,36,1,11,16,21,44,4,17,27,29,39,2,19,20,26,45,47,6,18,23,34,38,49,3,5,7,9,33,37,40,43,50
[ 35] Received message from  43: 1|0,8,10,12,13,14,15,25,31,32,36,1,11,16,21,44,17,22,27,33,37,38,46,50,5,6,7,18,49,3,9,40,43,48,23,35,41
[  6] Sent Broadcast: 1|0,8,10,12,13,14,15,25,31,32,36,1,11,16,21,44,4,17,27,29,39,2,19,20,26,45,47,23,34,6,7,9,18,33,43,49,3,5,37,40,48,50
[ 32] Sent Broadcast: 1|0,8,10,12,13,14,15,25,31,32,36,1,21,22,33,37,46,50
[ 34] Received message from  37: 1|0,8,10,12,13,14,15,25,31,32,36,1,11,16,21,44,17,22,27,33,37,38,46,5,6,7,18,34,49,50
[ 19] Received message from  49: 1|0,8,10,12,13,14,15,25,31,32,36,1,11,16,21,44,17,22,27,33,37,38,46,50,5,6,7,18,49,3,9,19,23,34,40,43,45
[ 38] Received message from  19: 1|0,8,10,12,13,14,15,25,31,32,36,1,11,16,21,44,4,17,27,29,39,2,19,20,26,45,47,6,18,23,34,38,49
[ 50] Received message from  38: 1|0,8,10,12,13,14,15,25,31,32,36,1,11,16,21,44,17,22,27,33,37,38,46,18,19,26,34,50
[ 48] Received message from   7: 1|0,8,10,12,13,14,15,25,31,32,36,1,11,16,21,44,4,17,27,29,39,2,19,20,26,45,47,23,34,6,7,9,18,33,43,49,3,5,37,40,48,50
[ 48] Sent Broadcast: 1|0,8,10,12,13,14,15,25,31,32,36,1,11,16,21,44,4,17,27,29,39,2,19,20,26,45,47,23,34,6,7,9,18,33,43,49,3,5,37,40,48,50,35,41
[ 33] Received message from  34: 1|0,8,10,12,13,14,15,25,31,32,36,1,11,16,21,44,4,17,27,29,39,2,19,20,26,45,47,23,34,6,7,9,18,33,37,38,49
[ 34] Received message from  33: 1|0,8,10,12,13,14,15,25,31,32,36,1,11,16,21,44,17,22,27,33,37,38,46,5,6,7,18,23,34,49,50
[ 35] Received message from   9: 1|0,8,10,12,13,14,15,25,31,32,36,1,11,16,21,44,17,22,27,33,37,38,46,50,5,6,7,18,49,3,9,40,43,48,23,34,35,41
[ 49] Received message from  45: 1|0,8,10,12,13,14,15,25,31,32,36,1,11,16,21,44,4,17,27,29,39,2,19,20,26,45,47,18,23,34,49
[ 50] Received message from  31: 1|0,8,10,12,13,14,15,25,31,32,36,1,16,21,22,33,37,46,50
[ 49] Received message from  37: 1|0,8,10,12,13,14,15,25,31,32,36,1,11,16,21,44,17,22,27,33,37,38,46,5,6,7,18,34,49,50
[ 45] Sent Broadcast: 1|0,8,10,12,13,14,15,25,31,32,36,1,11,16,21,44,4,17,27,29,39,2,19,20,26,45,47,18,23,34,49
[ 38] Sent Broadcast: 1|0,8,10,12,13,14,15,25,31,32,36,1,11,16,21,44,17,22,27,33,37,38,46,18,19,26,34,50
[ 50] Received message from   7: 1|0,8,10,12,13,14,15,25,31,32,36,1,11,16,21,44,4,17,27,29,39,2,19,20,26,45,47,23,34,6,7,9,18,33,43,49,3,5,37,40,48,50
[ 31] Sent Broadcast: 1|0,8,10,12,13,14,15,25,31,32,36,1,16,21,22,33,37,46,50
[  7] Sent Broadcast: 1|0,8,10,12,13,14,15,25,31,32,36,1,11,16,21,44,4,17,27,29,39,2,19,20,26,45,47,23,34,6,7,9,18,33,43,49,3,5,37,40,48,50
[ 23] Received message from  49: 1|0,8,10,12,13,14,15,25,31,32,36,1,11,16,21,44,17,22,27,33,37,38,46,50,5,6,7,18,49,3,9,19,23,34,40,43,45
[ 41] Received message from  43: 1|0,8,10,12,13,14,15,25,31,32,36,1,11,16,21,44,17,22,27,33,37,38,46,50,5,6,7,18,49,3,9,40,43,48,23,35,41
[ 37] Received message from  18: 1|0,8,10,12,13,14,15,25,31,32,36,1,11,16,21,44,4,17,27,29,39,2,19,20,26,45,47,6,18,23,34,38,49,3,5,7,9,33,37,40,43,50
[ 47] Received message from  26: 1|0,8,10,12,13,14,15,25,31,32,36,1,11,16,21,44,4,17,27,29,39,26,2,19,20,23,34,38,45,47
[ 41] Received message from   9: 1|0,8,10,12,13,14,15,25,31,32,36,1,11,16,21,44,17,22,27,33,37,38,46,50,5,6,7,18,49,3,9,40,43,48,23,34,35,41
[ 26] Sent Broadcast: 1|0,8,10,12,13,14,15,25,31,32,36,1,11,16,21,44,4,17,27,29,39,26,2,19,20,23,34,38,45,47
[ 43] Sent Broadcast: 1|0,8,10,12,13,14,15,25,31,32,36,1,11,16,21,44,17,22,27,33,37,38,46,50,5,6,7,18,49,3,9,40,43,48,23,35,41
[ 50] Received message from  37: 1|0,8,10,12,13,14,15,25,31,32,36,1,11,16,21,44,17,22,27,33,37,38,46,5,6,7,18,34,49,50
[ 49] Received message from  33: 1|0,8,10,12,13,14,15,25,31,32,36,1,11,16,21,44,17,22,27,33,37,38,46,5,6,7,18,23,34,49,50
[ 37] Received message from  34: 1|0,8,10,12,13,14,15,25,31,32,36,1,11,16,21,44,4,17,27,29,39,2,19,20,26,45,47,23,34,6,7,9,18,33,37,38,49
[ 34] Received message from  49: 1|0,8,10,12,13,14,15,25,31,32,36,1,11,16,21,44,17,22,27,33,37,38,46,50,5,6,7,18,49,3,9,19,23,34,40,43,45
[ 37] Sent Broadcast: 1|0,8,10,12,13,14,15,25,31,32,36,1,11,16,21,44,17,22,27,33,37,38,46,5,6,7,18,34,49,50
[ 40] Received message from  18: 1|0,8,10,12,13,14,15,25,31,32,36,1,11,16,21,44,4,17,27,29,39,2,19,20,26,45,47,6,18,23,34,38,49,3,5,7,9,33,37,40,43,50
[  9] Sent Broadcast: 1|0,8,10,12,13,14,15,25,31,32,36,1,11,16,21,44,17,22,27,33,37,38,46,50,5,6,7,18,49,3,9,40,43,48,23,34,35,41
[ 40] Received message from  49: 1|0,8,10,12,13,14,15,25,31,32,36,1,11,16,21,44,17,22,27,33,37,38,46,50,5,6,7,18,49,3,9,19,23,34,40,43,45
[ 38] Received message from  34: 1|0,8,10,12,13,14,15,25,31,32,36,1,11,16,21,44,4,17,27,29,39,2,19,20,26,45,47,23,34,6,7,9,18,33,37,38,49
[ 49] Received message from  19: 1|0,8,10,12,13,14,15,25,31,32,36,1,11,16,21,44,4,17,27,29,39,2,19,20,26,45,47,6,18,23,34,38,49
[ 19] Sent Broadcast: 1|0,8,10,12,13,14,15,25,31,32,36,1,11,16,21,44,4,17,27,29,39,2,19,20,26,45,47,6,18,23,34,38,49
[ 43] Received message from  18: 1|0,8,10,12,13,14,15,25,31,32,36,1,11,16,21,44,4,17,27,29,39,2,19,20,26,45,47,6,18,23,34,38,49,3,5,7,9,33,37,40,43,50
[ 50] Received message from  33: 1|0,8,10,12,13,14,15,25,31,32,36,1,11,16,21,44,17,22,27,33,37,38,46,5,6,7,18,23,34,49,50
[ 43] Received message from  49: 1|0,8,10,12,13,14,15,25,31,32,36,1,11,16,21,44,17,22,27,33,37,38,46,50,5,6,7,18,49,3,9,19,23,34,40,43,45
[ 33] Sent Broadcast: 1|0,8,10,12,13,14,15,25,31,32,36,1,11,16,21,44,17,22,27,33,37,38,46,5,6,7,18,23,34,49,50
[ 49] Received message from  34: 1|0,8,10,12,13,14,15,25,31,32,36,1,11,16,21,44,4,17,27,29,39,2,19,20,26,45,47,23,34,6,7,9,18,33,37,38,49
[ 50] Received message from  18: 1|0,8,10,12,13,14,15,25,31,32,36,1,11,16,21,44,4,17,27,29,39,2,19,20,26,45,47,6,18,23,34,38,49,3,5,7,9,33,37,40,43,50
[ 18] Sent Broadcast: 1|0,8,10,12,13,14,15,25,31,32,36,1,11,16,21,44,4,17,27,29,39,2,19,20,26,45,47,6,18,23,34,38,49,3,5,7,9,33,37,40,43,50
[ 34] Sent Broadcast: 1|0,8,10,12,13,14,15,25,31,32,36,1,11,16,21,44,4,17,27,29,39,2,19,20,26,45,47,23,34,6,7,9,18,33,37,38,49
[ 45] Received message from  49: 1|0,8,10,12,13,14,15,25,31,32,36,1,11,16,21,44,17,22,27,33,37,38,46,50,5,6,7,18,49,3,9,19,23,34,40,43,45
[ 49] Sent Broadcast: 1|0,8,10,12,13,14,15,25,31,32,36,1,11,16,21,44,17,22,27,33,37,38,46,50,5,6,7,18,49,3,9,19,23,34,40,43,45
