[ 21] Received message from   1: 1|0,21,35,36
[ 35] Received message from   1: 1|0,21,35,36
[ 36] Received message from   1: 1|0,21,35,36
[  1] Sent Broadcast: 1|0,21,35,36
[  3] Received message from  36: 1|0,21,35,36,1,3,39
[ 39] Received message from  36: 1|0,21,35,36,1,3,39
[ 36] Sent Broadcast: 1|0,21,35,36,1,3,39
[  4] Received message from  39: 1|0,21,35,36,1,3,39,4,11
[ 11] Received message from  39: 1|0,21,35,36,1,3,39,4,11
[ 39] Sent Broadcast: 1|0,21,35,36,1,3,39,4,11
[ 37] Received message from   4: 1|0,21,35,36,1,3,39,4,11,37
[  4] Sent Broadcast: 1|0,21,35,36,1,3,39,4,11,37
[  5] Received message from  37: 1|0,21,35,36,1,3,39,4,11,37,5
[ 37] Sent Broadcast: 1|0,21,35,36,1,3,39,4,11,37,5
[  6] Received message from   5: 1|0,21,35,36,1,3,39,4,11,37,5,6,16,24
[ 16] Received message from   5: 1|0,21,35,36,1,3,39,4,11,37,5,6,16,24
[  8] Received message from   6: 1|0,21,35,36,1,3,39,4,11,37,5,6,16,24,8
[  6] Sent Broadcast: 1|0,21,35,36,1,3,39,4,11,37,5,6,16,24,8
[ 33] Received message from  16: 1|0,21,35,36,1,3,39,4,11,37,5,6,16,24,33,42,46
[ 24] Received message from   5: 1|0,21,35,36,1,3,39,4,11,37,5,6,16,24
[  5] Sent Broadcast: 1|0,21,35,36,1,3,39,4,11,37,5,6,16,24
[ 15] Received message from   8: 1|0,21,35,36,1,3,39,4,11,37,5,6,16,24,8,15
[  8] Sent Broadcast: 1|0,21,35,36,1,3,39,4,11,37,5,6,16,24,8,15
[ 14] Received message from  33: 1|0,21,35,36,1,3,39,4,11,37,5,6,16,24,33,42,46,14,32,40
[ 42] Received message from  16: 1|0,21,35,36,1,3,39,4,11,37,5,6,16,24,33,42,46
[ 13] Received message from  24: 1|0,21,35,36,1,3,39,4,11,37,5,6,16,24,13,33,46
[ 15] Received message from  14: 1|0,21,35,36,1,3,39,4,11,37,5,6,16,24,33,42,46,14,32,40,15,41,45
[ 14] Received message from  15: 1|0,21,35,36,1,3,39,4,11,37,5,6,16,24,8,15,14,22,42,45,50
[ 32] Received message from  33: 1|0,21,35,36,1,3,39,4,11,37,5,6,16,24,33,42,46,14,32,40
[ 46] Received message from  16: 1|0,21,35,36,1,3,39,4,11,37,5,6,16,24,33,42,46
[ 33] Received message from  24: 1|0,21,35,36,1,3,39,4,11,37,5,6,16,24,13,33,46
[ 16] Sent Broadcast: 1|0,21,35,36,1,3,39,4,11,37,5,6,16,24,33,42,46
[ 14] Received message from  42: 1|0,21,35,36,1,3,39,4,11,37,5,6,16,24,33,42,46,14,15,40,45
[ 10] Received message from  32: 1|0,21,35,36,1,3,39,4,11,37,5,6,16,24,33,42,46,14,32,40,10,29
[ 41] Received message from  14: 1|0,21,35,36,1,3,39,4,11,37,5,6,16,24,33,42,46,14,32,40,15,41,45
[ 22] Received message from  15: 1|0,21,35,36,1,3,39,4,11,37,5,6,16,24,8,15,14,22,42,45,50
[ 14] Received message from  46: 1|0,21,35,36,1,3,39,4,11,37,5,6,16,24,33,42,46,14,32,40
[ 46] Received message from  24: 1|0,21,35,36,1,3,39,4,11,37,5,6,16,24,13,33,46
[ 40] Received message from  33: 1|0,21,35,36,1,3,39,4,11,37,5,6,16,24,33,42,46,14,32,40
[ 17] Received message from  40: 1|0,21,35,36,1,3,39,4,11,37,5,6,16,24,33,42,46,14,32,40,17,41,43
[ 15] Received message from  42: 1|0,21,35,36,1,3,39,4,11,37,5,6,16,24,33,42,46,14,15,40,45
[ 45] Received message from  14: 1|0,21,35,36,1,3,39,4,11,37,5,6,16,24,33,42,46,14,32,40,15,41,45
[ 41] Received message from  40: 1|0,21,35,36,1,3,39,4,11,37,5,6,16,24,33,42,46,14,32,40,17,41,43
[ 30] Received message from  10: 1|0,21,35,36,1,3,39,4,11,37,5,6,16,24,33,42,46,14,32,40,10,29,30,43
[ 33] Sent Broadcast: 1|0,21,35,36,1,3,39,4,11,37,5,6,16,24,33,42,46,14,32,40
[ 24] Sent Broadcast: 1|0,21,35,36,1,3,39,4,11,37,5,6,16,24,13,33,46
[ 14] Sent Broadcast: 1|0,21,35,36,1,3,39,4,11,37,5,6,16,24,33,42,46,14,32,40,15,41,45
[ 42] Received message from  15: 1|0,21,35,36,1,3,39,4,11,37,5,6,16,24,8,15,14,22,42,45,50
[ 40] Received message from  42: 1|0,21,35,36,1,3,39,4,11,37,5,6,16,24,33,42,46,14,15,40,45
[ 43] Received message from  40: 1|0,21,35,36,1,3,39,4,11,37,5,6,16,24,33,42,46,14,32,40,17,41,43
[ 23] Received message from  17: 1|0,21,35,36,1,3,39,4,11,37,5,6,16,24,33,42,46,14,32,40,17,41,43,23,30
[ 32] Received message from  46: 1|0,21,35,36,1,3,39,4,11,37,5,6,16,24,33,42,46,14,32,40
[ 40] Sent Broadcast: 1|0,21,35,36,1,3,39,4,11,37,5,6,16,24,33,42,46,14,32,40,17,41,43
[ 17] Received message from  41: 1|0,21,35,36,1,3,39,4,11,37,5,6,16,24,33,42,46,14,32,40,15,41,45,17,43
[ 29] Received message from  32: 1|0,21,35,36,1,3,39,4,11,37,5,6,16,24,33,42,46,14,32,40,10,29
[ 43] Received message from  10: 1|0,21,35,36,1,3,39,4,11,37,5,6,16,24,33,42,46,14,32,40,10,29,30,43
[ 40] Received message from  46: 1|0,21,35,36,1,3,39,4,11,37,5,6,16,24,33,42,46,14,32,40
[ 30] Received message from  17: 1|0,21,35,36,1,3,39,4,11,37,5,6,16,24,33,42,46,14,32,40,17,41,43,23,30
[ 45] Received message from  42: 1|0,21,35,36,1,3,39,4,11,37,5,6,16,24,33,42,46,14,15,40,45
[ 43] Received message from  41: 1|0,21,35,36,1,3,39,4,11,37,5,6,16,24,33,42,46,14,32,40,15,41,45,17,43
[ 10] Received message from  43: 1|0,21,35,36,1,3,39,4,11,37,5,6,16,24,33,42,46,14,32,40,17,41,43,10,23,30
[ 32] Sent Broadcast: 1|0,21,35,36,1,3,39,4,11,37,5,6,16,24,33,42,46,14,32,40,10,29
[ 10] Sent Broadcast: 1|0,21,35,36,1,3,39,4,11,37,5,6,16,24,33,42,46,14,32,40,10,29,30,43
[ 46] Sent Broadcast: 1|0,21,35,36,1,3,39,4,11,37,5,6,16,24,33,42,46,14,32,40
[ 17] Sent Broadcast: 1|0,21,35,36,1,3,39,4,11,37,5,6,16,24,33,42,46,14,32,40,17,41,43,23,30
[ 41] Sent Broadcast: 1|0,21,35,36,1,3,39,4,11,37,5,6,16,24,33,42,46,14,32,40,15,41,45,17,43
[ 17] Received message from  30: 1|0,21,35,36,1,3,39,4,11,37,5,6,16,24,33,42,46,14,32,40,10,29,30,43,17,23
[ 42] Sent Broadcast: 1|0,21,35,36,1,3,39,4,11,37,5,6,16,24,33,42,46,14,15,40,45
[ 22] Received message from  45: 1|0,21,35,36,1,3,39,4,11,37,5,6,16,24,33,42,46,14,32,40,15,41,45,22,50
[ 23] Received message from  30: 1|0,21,35,36,1,3,39,4,11,37,5,6,16,24,33,42,46,14,32,40,10,29,30,43,17,23
[ 30] Sent Broadcast: 1|0,21,35,36,1,3,39,4,11,37,5,6,16,24,33,42,46,14,32,40,10,29,30,43,17,23
[ 23] Received message from  43: 1|0,21,35,36,1,3,39,4,11,37,5,6,16,24,33,42,46,14,32,40,17,41,43,10,23,30
[ 50] Received message from  45: 1|0,21,35,36,1,3,39,4,11,37,5,6,16,24,33,42,46,14,32,40,15,41,45,22,50
[ 45] Received message from  15: 1|0,21,35,36,1,3,39,4,11,37,5,6,16,24,8,15,14,22,42,45,50
[ 45] Sent Broadcast: 1|0,21,35,36,1,3,39,4,11,37,5,6,16,24,33,42,46,14,32,40,15,41,45,22,50
[ 30] Received message from  43: 1|0,21,35,36,1,3,39,4,11,37,5,6,16,24,33,42,46,14,32,40,17,41,43,10,23,30
[ 43] Sent Broadcast: 1|0,21,35,36,1,3,39,4,11,37,5,6,16,24,33,42,46,14,32,40,17,41,43,10,23,30
[ 50] Received message from  15: 1|0,21,35,36,1,3,39,4,11,37,5,6,16,24,8,15,14,22,42,45,50
[ 15] Sent Broadcast: 1|0,21,35,36,1,3,39,4,11,37,5,6,16,24,8,15,14,22,42,45,50
[ 26] Received message from   2: 2|0,26
[  2] Sent Broadcast: 2|0,26
[ 31] Received message from   7: 7|0,31
[  7] Sent Broadcast: 7|0,31
[  9] Received message from  31: 7|0,31,7,9
[ 31] Sent Broadcast: 7|0,31,7,9
[ 25] Received message from  12: 12|0,25,27,28,47,48,49
[ 27] Received message from  12: 12|0,25,27,28,47,48,49
[ 28] Received message from  12: 12|0,25,27,28,47,48,49
[ 47] Received message from  12: 12|0,25,27,28,47,48,49
[ 48] Received message from  12: 12|0,25,27,28,47,48,49
[ 49] Received message from  12: 12|0,25,27,28,47,48,49
[ 12] Sent Broadcast: 12|0,25,27,28,47,48,49
[ 34] Received message from  18: 18|0,34
[ 18] Sent Broadcast: 18|0,34
[ 20] Received message from  19: 19|0,20,44
[ 44] Received message from  19: 19|0,20,44
[ 19] Sent Broadcast: 19|0,20,44
[ 38] Received message from  20: 19|0,20,44,19,38
[ 20] Sent Broadcast: 19|0,20,44,19,38
