[  2] Received message from   1: 1|0,2,3,21,26,31,35
[  3] Received message from   1: 1|0,2,3,21,26,31,35
[ 22] Received message from   2: 1|0,2,3,21,26,31,35,1,22,39
[ 21] Received message from   1: 1|0,2,3,21,26,31,35
[ 39] Received message from   2: 1|0,2,3,21,26,31,35,1,22,39
[  2] Sent Broadcast: 1|0,2,3,21,26,31,35,1,22,39
[ 26] Received message from   1: 1|0,2,3,21,26,31,35
[ 48] Received message from  39: 1|0,2,3,21,26,31,35,1,22,39,48
[ 39] Sent Broadcast: 1|0,2,3,21,26,31,35,1,22,39,48
[ 31] Received message from   1: 1|0,2,3,21,26,31,35
[ 35] Received message from   1: 1|0,2,3,21,26,31,35
[  1] Sent Broadcast: 1|0,2,3,21,26,31,35
[ 29] Received message from  48: 1|0,2,3,21,26,31,35,1,22,39,48,29
[ 48] Sent Broadcast: 1|0,2,3,21,26,31,35,1,22,39,48,29
[ 39] Received message from  31: 1|0,2,3,21,26,31,35,1,39
[ 31] Sent Broadcast: 1|0,2,3,21,26,31,35,1,39
[ 43] Received message from  35: 1|0,2,3,21,26,31,35,1,43,47
[ 47] Received message from  35: 1|0,2,3,21,26,31,35,1,43,47
[ 35] Sent Broadcast: 1|0,2,3,21,26,31,35,1,43,47
[ 33] Received message from  43: 1|0,2,3,21,26,31,35,1,43,47,33
[ 43] Sent Broadcast: 1|0,2,3,21,26,31,35,1,43,47,33
[ 14] Received message from  47: 1|0,2,3,21,26,31,35,1,43,47,14
[ 47] Sent Broadcast: 1|0,2,3,21,26,31,35,1,43,47,14
[ 10] Received message from  14: 1|0,2,3,21,26,31,35,1,43,47,14,10,49
[ 36] Received message from  29: 1|0,2,3,21,26,31,35,1,22,39,48,29,36
[ 49] Received message from  14: 1|0,2,3,21,26,31,35,1,43,47,14,10,49
[ 29] Sent Broadcast: 1|0,2,3,21,26,31,35,1,22,39,48,29,36
[ 32] Received message from  26: 1|0,2,3,21,26,31,35,1,32
[ 14] Sent Broadcast: 1|0,2,3,21,26,31,35,1,43,47,14,10,49
[ 26] Sent Broadcast: 1|0,2,3,21,26,31,35,1,32
[  5] Received message from  32: 1|0,2,3,21,26,31,35,1,32,5,30,49
[ 19] Received message from  36: 1|0,2,3,21,26,31,35,1,22,39,48,29,36,19
[ 36] Sent Broadcast: 1|0,2,3,21,26,31,35,1,22,39,48,29,36,19
[  5] Received message from  49: 1|0,2,3,21,26,31,35,1,43,47,14,10,49,5,16,32
[ 30] Received message from  32: 1|0,2,3,21,26,31,35,1,32,5,30,49
[ 41] Received message from  19: 1|0,2,3,21,26,31,35,1,22,39,48,29,36,19,41
[ 19] Sent Broadcast: 1|0,2,3,21,26,31,35,1,22,39,48,29,36,19,41
[ 16] Received message from  49: 1|0,2,3,21,26,31,35,1,43,47,14,10,49,5,16,32
[ 49] Received message from  32: 1|0,2,3,21,26,31,35,1,32,5,30,49
[ 30] Received message from   5: 1|0,2,3,21,26,31,35,1,43,47,14,10,49,5,16,32,30
[  5] Sent Broadcast: 1|0,2,3,21,26,31,35,1,43,47,14,10,49,5,16,32,30
[ 32] Sent Broadcast: 1|0,2,3,21,26,31,35,1,32,5,30,49
[ 44] Received message from  30: 1|0,2,3,21,26,31,35,1,32,5,30,49,44
[  4] Received message from  16: 1|0,2,3,21,26,31,35,1,43,47,14,10,49,5,16,32,4
[ 32] Received message from  49: 1|0,2,3,21,26,31,35,1,43,47,14,10,49,5,16,32
[ 30] Sent Broadcast: 1|0,2,3,21,26,31,35,1,32,5,30,49,44
[ 16] Sent Broadcast: 1|0,2,3,21,26,31,35,1,43,47,14,10,49,5,16,32,4
[ 49] Sent Broadcast: 1|0,2,3,21,26,31,35,1,43,47,14,10,49,5,16,32
[  9] Received message from  44: 1|0,2,3,21,26,31,35,1,32,5,30,49,44,9,12,34
[ 17] Received message from   4: 1|0,2,3,21,26,31,35,1,43,47,14,10,49,5,16,32,4,17,28
[ 12] Received message from  44: 1|0,2,3,21,26,31,35,1,32,5,30,49,44,9,12,34
[ 28] Received message from   4: 1|0,2,3,21,26,31,35,1,43,47,14,10,49,5,16,32,4,17,28
[  4] Sent Broadcast: 1|0,2,3,21,26,31,35,1,43,47,14,10,49,5,16,32,4,17,28
[ 15] Received message from   9: 1|0,2,3,21,26,31,35,1,32,5,30,49,44,9,12,34,15
[ 34] Received message from  44: 1|0,2,3,21,26,31,35,1,32,5,30,49,44,9,12,34
[  9] Sent Broadcast: 1|0,2,3,21,26,31,35,1,32,5,30,49,44,9,12,34,15
[ 23] Received message from  17: 1|0,2,3,21,26,31,35,1,43,47,14,10,49,5,16,32,4,17,28,23,45
[ 44] Sent Broadcast: 1|0,2,3,21,26,31,35,1,32,5,30,49,44,9,12,34
[ 15] Received message from  12: 1|0,2,3,21,26,31,35,1,32,5,30,49,44,9,12,34,15
[ 12] Sent Broadcast: 1|0,2,3,21,26,31,35,1,32,5,30,49,44,9,12,34,15
[ 45] Received message from  17: 1|0,2,3,21,26,31,35,1,43,47,14,10,49,5,16,32,4,17,28,23,45
[ 38] Received message from  28: 1|0,2,3,21,26,31,35,1,43,47,14,10,49,5,16,32,4,17,28,38,45
[ 17] Sent Broadcast: 1|0,2,3,21,26,31,35,1,43,47,14,10,49,5,16,32,4,17,28,23,45
[ 15] Received message from  34: 1|0,2,3,21,26,31,35,1,32,5,30,49,44,9,12,34,15
[ 34] Sent Broadcast: 1|0,2,3,21,26,31,35,1,32,5,30,49,44,9,12,34,15
[ 45] Received message from  28: 1|0,2,3,21,26,31,35,1,43,47,14,10,49,5,16,32,4,17,28,38,45
[ 28] Sent Broadcast: 1|0,2,3,21,26,31,35,1,43,47,14,10,49,5,16,32,4,17,28,38,45
[ 46] Received message from  38: 1|0,2,3,21,26,31,35,1,43,47,14,10,49,5,16,32,4,17,28,38,45,46
[ 38] Sent Broadcast: 1|0,2,3,21,26,31,35,1,43,47,14,10,49,5,16,32,4,17,28,38,45,46
[  7] Received message from   6: 6|0,7,20,40,42,50
[ 20] Received message from   6: 6|0,7,20,40,42,50
[ 40] Received message from   6: 6|0,7,20,40,42,50
[ 42] Received message from   6: 6|0,7,20,40,42,50
[ 50] Received message from   6: 6|0,7,20,40,42,50
[  6] Sent Broadcast: 6|0,7,20,40,42,50
[ 24] Received message from   8: 8|0,24
[  8] Sent Broadcast: 8|0,24
[ 13] Received message from  11: 11|0,13,37
[ 37] Received message from  11: 11|0,13,37
[ 11] Sent Broadcast: 11|0,13,37
[ 18] Received message from  13: 11|0,13,37,11,18,25,27
[ 25] Received message from  13: 11|0,13,37,11,18,25,27
[ 27] Received message from  13: 11|0,13,37,11,18,25,27
[ 13] Sent Broadcast: 11|0,13,37,11,18,25,27
