[ 20] Received message from   1: 1|0,20,35,43,44
[ 35] Received message from   1: 1|0,20,35,43,44
[  2] Received message from  20: 1|0,20,35,43,44,1,2,19,45
[ 43] Received message from   1: 1|0,20,35,43,44
[ 19] Received message from  20: 1|0,20,35,43,44,1,2,19,45
[  2] Received message from  35: 1|0,20,35,43,44,1,2
[ 44] Received message from   1: 1|0,20,35,43,44
[ 27] Received message from   2: 1|0,20,35,43,44,1,2,19,45,27
[  1] Sent Broadcast: 1|0,20,35,43,44
[ 35] Sent Broadcast: 1|0,20,35,43,44,1,2
[  2] Sent Broadcast: 1|0,20,35,43,44,1,2,19,45,27
[ 45] Received message from  20: 1|0,20,35,43,44,1,2,19,45
[ 20] Sent Broadcast: 1|0,20,35,43,44,1,2,19,45
[  2] Received message from  44: 1|0,20,35,43,44,1,2
[  7] Received message from  19: 1|0,20,35,43,44,1,2,19,45,7,34,50
[ 44] Sent Broadcast: 1|0,20,35,43,44,1,2
[ 10] Received message from  27: 1|0,20,35,43,44,1,2,19,45,27,10,33,40
[ 27] Received message from  45: 1|0,20,35,43,44,1,2,19,45,27,34
[ 34] Received message from  19: 1|0,20,35,43,44,1,2,19,45,7,34,50
[ 33] Received message from  27: 1|0,20,35,43,44,1,2,19,45,27,10,33,40
[  6] Received message from   7: 1|0,20,35,43,44,1,2,19,45,7,34,50,6,23
[ 48] Received message from  10: 1|0,20,35,43,44,1,2,19,45,27,10,33,40,48
[ 34] Received message from  45: 1|0,20,35,43,44,1,2,19,45,27,34
[ 50] Received message from  19: 1|0,20,35,43,44,1,2,19,45,7,34,50
[ 45] Sent Broadcast: 1|0,20,35,43,44,1,2,19,45,27,34
[ 10] Sent Broadcast: 1|0,20,35,43,44,1,2,19,45,27,10,33,40,48
[ 19] Sent Broadcast: 1|0,20,35,43,44,1,2,19,45,7,34,50
[ 40] Received message from  27: 1|0,20,35,43,44,1,2,19,45,27,10,33,40
[  6] Received message from  34: 1|0,20,35,43,44,1,2,19,45,7,34,50,6,9,23
[ 23] Received message from   7: 1|0,20,35,43,44,1,2,19,45,7,34,50,6,23
[ 27] Sent Broadcast: 1|0,20,35,43,44,1,2,19,45,27,10,33,40
[ 48] Received message from  33: 1|0,20,35,43,44,1,2,19,45,27,10,33,40,48
[ 25] Received message from   6: 1|0,20,35,43,44,1,2,19,45,7,34,50,6,23,25,38
[ 22] Received message from  48: 1|0,20,35,43,44,1,2,19,45,27,10,33,40,48,22
[ 33] Sent Broadcast: 1|0,20,35,43,44,1,2,19,45,27,10,33,40,48
[  7] Sent Broadcast: 1|0,20,35,43,44,1,2,19,45,7,34,50,6,23
[ 37] Received message from  40: 1|0,20,35,43,44,1,2,19,45,27,10,33,40,37
[ 48] Sent Broadcast: 1|0,20,35,43,44,1,2,19,45,27,10,33,40,48,22
[  9] Received message from  34: 1|0,20,35,43,44,1,2,19,45,7,34,50,6,9,23
[ 40] Sent Broadcast: 1|0,20,35,43,44,1,2,19,45,27,10,33,40,37
[  8] Received message from  23: 1|0,20,35,43,44,1,2,19,45,7,34,50,6,23,8,25,38
[ 38] Received message from   6: 1|0,20,35,43,44,1,2,19,45,7,34,50,6,23,25,38
[  6] Sent Broadcast: 1|0,20,35,43,44,1,2,19,45,7,34,50,6,23,25,38
[ 23] Received message from  34: 1|0,20,35,43,44,1,2,19,45,7,34,50,6,9,23
[ 25] Received message from  23: 1|0,20,35,43,44,1,2,19,45,7,34,50,6,23,8,25,38
[ 34] Sent Broadcast: 1|0,20,35,43,44,1,2,19,45,7,34,50,6,9,23
[ 15] Received message from   9: 1|0,20,35,43,44,1,2,19,45,7,34,50,6,9,23,15
[  3] Received message from   8: 1|0,20,35,43,44,1,2,19,45,7,34,50,6,23,8,25,38,3,17
[  8] Received message from  38: 1|0,20,35,43,44,1,2,19,45,7,34,50,6,23,25,38,8,17
[  9] Sent Broadcast: 1|0,20,35,43,44,1,2,19,45,7,34,50,6,9,23,15
[ 38] Received message from  23: 1|0,20,35,43,44,1,2,19,45,7,34,50,6,23,8,25,38
[ 23] Sent Broadcast: 1|0,20,35,43,44,1,2,19,45,7,34,50,6,23,8,25,38
[ 17] Received message from   8: 1|0,20,35,43,44,1,2,19,45,7,34,50,6,23,8,25,38,3,17
[  8] Sent Broadcast: 1|0,20,35,43,44,1,2,19,45,7,34,50,6,23,8,25,38,3,17
[ 16] Received message from  15: 1|0,20,35,43,44,1,2,19,45,7,34,50,6,9,23,15,16
[ 15] Sent Broadcast: 1|0,20,35,43,44,1,2,19,45,7,34,50,6,9,23,15,16
[ 17] Received message from  38: 1|0,20,35,43,44,1,2,19,45,7,34,50,6,23,25,38,8,17
[ 38] Sent Broadcast: 1|0,20,35,43,44,1,2,19,45,7,34,50,6,23,25,38,8,17
[  4] Received message from  16: 1|0,20,35,43,44,1,2,19,45,7,34,50,6,9,23,15,16,4,49
[ 49] Received message from  16: 1|0,20,35,43,44,1,2,19,45,7,34,50,6,9,23,15,16,4,49
[ 31] Received message from   4: 1|0,20,35,43,44,1,2,19,45,7,34,50,6,9,23,15,16,4,49,31
[ 16] Sent Broadcast: 1|0,20,35,43,44,1,2,19,45,7,34,50,6,9,23,15,16,4,49
[  4] Sent Broadcast: 1|0,20,35,43,44,1,2,19,45,7,34,50,6,9,23,15,16,4,49,31
[  5] Received message from  31: 1|0,20,35,43,44,1,2,19,45,7,34,50,6,9,23,15,16,4,49,31,5,13,30
[ 31] Received message from  49: 1|0,20,35,43,44,1,2,19,45,7,34,50,6,9,23,15,16,4,49,31
[ 49] Sent Broadcast: 1|0,20,35,43,44,1,2,19,45,7,34,50,6,9,23,15,16,4,49,31
[ 13] Received message from  31: 1|0,20,35,43,44,1,2,19,45,7,34,50,6,9,23,15,16,4,49,31,5,13,30
[ 30] Received message from  31: 1|0,20,35,43,44,1,2,19,45,7,34,50,6,9,23,15,16,4,49,31,5,13,30
[ 31] Sent Broadcast: 1|0,20,35,43,44,1,2,19,45,7,34,50,6,9,23,15,16,4,49,31,5,13,30
[ 21] Received message from  13: 1|0,20,35,43,44,1,2,19,45,7,34,50,6,9,23,15,16,4,49,31,5,13,30,21
[ 13] Sent Broadcast: 1|0,20,35,43,44,1,2,19,45,7,34,50,6,9,23,15,16,4,49,31,5,13,30,21
[ 21] Received message from  30: 1|0,20,35,43,44,1,2,19,45,7,34,50,6,9,23,15,16,4,49,31,5,13,30,21,46
[ 46] Received message from  30: 1|0,20,35,43,44,1,2,19,45,7,34,50,6,9,23,15,16,4,49,31,5,13,30,21,46
[ 30] Sent Broadcast: 1|0,20,35,43,44,1,2,19,45,7,34,50,6,9,23,15,16,4,49,31,5,13,30,21,46
[ 11] Received message from  46: 1|0,20,35,43,44,1,2,19,45,7,34,50,6,9,23,15,16,4,49,31,5,13,30,21,46,11,28,36,39,47
[ 28] Received message from  46: 1|0,20,35,43,44,1,2,19,45,7,34,50,6,9,23,15,16,4,49,31,5,13,30,21,46,11,28,36,39,47
[ 14] Received message from  11: 1|20,35,43,44,1,2,19,45,7,34,50,6,9,23,15,16,4,49,31,5,13,30,21,46,11,28,36,39,47,14
[ 11] Sent Broadcast: 1|20,35,43,44,1,2,19,45,7,34,50,6,9,23,15,16,4,49,31,5,13,30,21,46,11,28,36,39,47,14
[ 18] Received message from  14: 1|35,43,44,1,2,19,45,7,34,50,6,9,23,15,16,4,49,31,5,13,30,21,46,11,28,36,39,47,14,18
[ 36] Received message from  46: 1|0,20,35,43,44,1,2,19,45,7,34,50,6,9,23,15,16,4,49,31,5,13,30,21,46,11,28,36,39,47
[ 14] Sent Broadcast: 1|35,43,44,1,2,19,45,7,34,50,6,9,23,15,16,4,49,31,5,13,30,21,46,11,28,36,39,47,14,18
[ 39] Received message from  46: 1|0,20,35,43,44,1,2,19,45,7,34,50,6,9,23,15,16,4,49,31,5,13,30,21,46,11,28,36,39,47
[ 47] Received message from  46: 1|0,20,35,43,44,1,2,19,45,7,34,50,6,9,23,15,16,4,49,31,5,13,30,21,46,11,28,36,39,47
[ 46] Sent Broadcast: 1|0,20,35,43,44,1,2,19,45,7,34,50,6,9,23,15,16,4,49,31,5,13,30,21,46,11,28,36,39,47
[ 14] Received message from  39: 1|20,35,43,44,1,2,19,45,7,34,50,6,9,23,15,16,4,49,31,5,13,30,21,46,11,28,36,39,47,14
[ 39] Sent Broadcast: 1|20,35,43,44,1,2,19,45,7,34,50,6,9,23,15,16,4,49,31,5,13,30,21,46,11,28,36,39,47,14
[ 24] Received message from  12: 12|0,24,26,29,32,41,42
[ 26] Received message from  12: 12|0,24,26,29,32,41,42
[ 29] Received message from  12: 12|0,24,26,29,32,41,42
[ 32] Received message from  12: 12|0,24,26,29,32,41,42
[ 41] Received message from  12: 12|0,24,26,29,32,41,42
[ 42] Received message from  12: 12|0,24,26,29,32,41,42
[ 12] Sent Broadcast: 12|0,24,26,29,32,41,42
