[  3] Received message from   1: 1|0,3,4,7,8,10,20,23,28,49
[  4] Received message from   1: 1|0,3,4,7,8,10,20,23,28,49
[ 41] Received message from   3: 1|0,3,4,7,8,10,20,23,28,49,1,41
[  3] Sent Broadcast: 1|0,3,4,7,8,10,20,23,28,49,1,41
[  7] Received message from   1: 1|0,3,4,7,8,10,20,23,28,49
[ 40] Received message from   7: 1|0,3,4,7,8,10,20,23,28,49,1,40
[  7] Sent Broadcast: 1|0,3,4,7,8,10,20,23,28,49,1,40
[  8] Received message from   1: 1|0,3,4,7,8,10,20,23,28,49
[ 10] Received message from   1: 1|0,3,4,7,8,10,20,23,28,49
[ 14] Received message from  40: 1|0,3,4,7,8,10,20,23,28,49,1,40,14
[ 40] Sent Broadcast: 1|0,3,4,7,8,10,20,23,28,49,1,40,14
[ 20] Received message from   1: 1|0,3,4,7,8,10,20,23,28,49
[ 41] Received message from   8: 1|0,3,4,7,8,10,20,23,28,49,1,41
[  8] Sent Broadcast: 1|0,3,4,7,8,10,20,23,28,49,1,41
[ 29] Received message from  14: 1|0,3,4,7,8,10,20,23,28,49,1,40,14,29
[ 14] Sent Broadcast: 1|0,3,4,7,8,10,20,23,28,49,1,40,14,29
[ 23] Received message from   1: 1|0,3,4,7,8,10,20,23,28,49
[ 28] Received message from   1: 1|0,3,4,7,8,10,20,23,28,49
[ 40] Received message from  23: 1|0,3,4,7,8,10,20,23,28,49,1,40
[ 23] Sent Broadcast: 1|0,3,4,7,8,10,20,23,28,49,1,40
[ 49] Received message from   1: 1|0,3,4,7,8,10,20,23,28,49
[  1] Sent Broadcast: 1|0,3,4,7,8,10,20,23,28,49
[ 41] Received message from  28: 1|0,3,4,7,8,10,20,23,28,49,1,41
[ 28] Sent Broadcast: 1|0,3,4,7,8,10,20,23,28,49,1,41
[ 40] Received message from  49: 1|0,3,4,7,8,10,20,23,28,49,1,40
[ 49] Sent Broadcast: 1|0,3,4,7,8,10,20,23,28,49,1,40
[ 26] Received message from   2: 2|0,26,30,32,38,47
[ 30] Received message from   2: 2|0,26,30,32,38,47
[ 32] Received message from   2: 2|0,26,30,32,38,47
[ 13] Received message from  26: 2|0,26,30,32,38,47,2,13
[ 26] Sent Broadcast: 2|0,26,30,32,38,47,2,13
[ 39] Received message from  30: 2|0,26,30,32,38,47,2,39
[ 30] Sent Broadcast: 2|0,26,30,32,38,47,2,39
[ 38] Received message from   2: 2|0,26,30,32,38,47
[ 21] Received message from  13: 2|0,26,30,32,38,47,2,13,21,22,39,44
[ 13] Received message from  39: 2|0,26,30,32,38,47,2,39,13,16,22
[ 47] Received message from   2: 2|0,26,30,32,38,47
[ 22] Received message from  13: 2|0,26,30,32,38,47,2,13,21,22,39,44
[  2] Sent Broadcast: 2|0,26,30,32,38,47
[ 16] Received message from  39: 2|0,26,30,32,38,47,2,39,13,16,22
[ 27] Received message from  21: 2|0,26,30,32,38,47,2,13,21,22,39,44,27
[ 39] Received message from  13: 2|0,26,30,32,38,47,2,13,21,22,39,44
[ 21] Sent Broadcast: 2|0,26,30,32,38,47,2,13,21,22,39,44,27
[ 15] Received message from  47: 2|0,26,30,32,38,47,2,15
[ 22] Received message from  39: 2|0,26,30,32,38,47,2,39,13,16,22
[ 16] Received message from  22: 2|0,26,30,32,38,47,2,13,21,22,39,44,16
[ 47] Sent Broadcast: 2|0,26,30,32,38,47,2,15
[ 39] Sent Broadcast: 2|0,26,30,32,38,47,2,39,13,16,22
[ 44] Received message from  13: 2|0,26,30,32,38,47,2,13,21,22,39,44
[ 22] Sent Broadcast: 2|0,26,30,32,38,47,2,13,21,22,39,44,16
[ 17] Received message from  27: 2|0,26,30,32,38,47,2,13,21,22,39,44,27,17,25,42
[ 13] Sent Broadcast: 2|0,26,30,32,38,47,2,13,21,22,39,44
[ 25] Received message from  27: 2|0,26,30,32,38,47,2,13,21,22,39,44,27,17,25,42
[ 11] Received message from  17: 2|0,26,30,32,38,47,2,13,21,22,39,44,27,17,25,42,11,24,34,46
[ 42] Received message from  27: 2|0,26,30,32,38,47,2,13,21,22,39,44,27,17,25,42
[ 27] Sent Broadcast: 2|0,26,30,32,38,47,2,13,21,22,39,44,27,17,25,42
[ 24] Received message from  17: 2|0,26,30,32,38,47,2,13,21,22,39,44,27,17,25,42,11,24,34,46
[ 11] Received message from  25: 2|0,26,30,32,38,47,2,13,21,22,39,44,27,17,25,42,11,24,34,46
[ 31] Received message from  42: 2|0,26,30,32,38,47,2,13,21,22,39,44,27,17,25,42,31,35
[ 34] Received message from  17: 2|0,26,30,32,38,47,2,13,21,22,39,44,27,17,25,42,11,24,34,46
[ 24] Received message from  25: 2|0,26,30,32,38,47,2,13,21,22,39,44,27,17,25,42,11,24,34,46
[ 35] Received message from  42: 2|0,26,30,32,38,47,2,13,21,22,39,44,27,17,25,42,31,35
[ 46] Received message from  17: 2|0,26,30,32,38,47,2,13,21,22,39,44,27,17,25,42,11,24,34,46
[ 34] Received message from  25: 2|0,26,30,32,38,47,2,13,21,22,39,44,27,17,25,42,11,24,34,46
[ 37] Received message from  31: 2|0,26,30,32,38,47,2,13,21,22,39,44,27,17,25,42,31,35,37
[ 42] Sent Broadcast: 2|0,26,30,32,38,47,2,13,21,22,39,44,27,17,25,42,31,35
[ 31] Sent Broadcast: 2|0,26,30,32,38,47,2,13,21,22,39,44,27,17,25,42,31,35,37
[ 17] Sent Broadcast: 2|0,26,30,32,38,47,2,13,21,22,39,44,27,17,25,42,11,24,34,46
[ 37] Received message from  35: 2|0,26,30,32,38,47,2,13,21,22,39,44,27,17,25,42,31,35,37
[ 35] Sent Broadcast: 2|0,26,30,32,38,47,2,13,21,22,39,44,27,17,25,42,31,35,37
[ 46] Received message from  25: 2|0,26,30,32,38,47,2,13,21,22,39,44,27,17,25,42,11,24,34,46
[ 12] Received message from  37: 2|0,26,30,32,38,47,2,13,21,22,39,44,27,17,25,42,31,35,37,12,33
[ 25] Sent Broadcast: 2|0,26,30,32,38,47,2,13,21,22,39,44,27,17,25,42,11,24,34,46
[ 33] Received message from  37: 2|0,26,30,32,38,47,2,13,21,22,39,44,27,17,25,42,31,35,37,12,33
[ 37] Sent Broadcast: 2|0,26,30,32,38,47,2,13,21,22,39,44,27,17,25,42,31,35,37,12,33
[ 48] Received message from  12: 2|0,26,30,32,38,47,2,13,21,22,39,44,27,17,25,42,31,35,37,12,33,48
[ 12] Sent Broadcast: 2|0,26,30,32,38,47,2,13,21,22,39,44,27,17,25,42,31,35,37,12,33,48
[ 48] Received message from  33: 2|0,26,30,32,38,47,2,13,21,22,39,44,27,17,25,42,31,35,37,12,33,48
[ 33] Sent Broadcast: 2|0,26,30,32,38,47,2,13,21,22,39,44,27,17,25,42,31,35,37,12,33,48
[  6] Received message from   5: 5|0,6,36
[ 36] Received message from   5: 5|0,6,36
[  5] Sent Broadcast: 5|0,6,36
[ 18] Received message from   9: 9|0,18,19,43,45,50
[ 19] Received message from   9: 9|0,18,19,43,45,50
[ 43] Received message from   9: 9|0,18,19,43,45,50
[ 45] Received message from   9: 9|0,18,19,43,45,50
[ 50] Received message from   9: 9|0,18,19,43,45,50
[  9] Sent Broadcast: 9|0,18,19,43,45,50
