[ 29] Received message from   1: 1|0,29,41,44
[ 41] Received message from   1: 1|0,29,41,44
[ 44] Received message from   1: 1|0,29,41,44
[  1] Sent Broadcast: 1|0,29,41,44
[  2] Received message from  41: 1|0,29,41,44,1,2,20
[ 33] Received message from   2: 1|0,29,41,44,1,2,20,33,36
[ 20] Received message from  41: 1|0,29,41,44,1,2,20
[ 41] Sent Broadcast: 1|0,29,41,44,1,2,20
[ 36] Received message from   2: 1|0,29,41,44,1,2,20,33,36
[  2] Sent Broadcast: 1|0,29,41,44,1,2,20,33,36
[  7] Received message from  33: 1|0,29,41,44,1,2,20,33,36,7,32
[ 32] Received message from  36: 1|0,29,41,44,1,2,20,33,36,32,37,40,49
[ 32] Received message from  33: 1|0,29,41,44,1,2,20,33,36,7,32
[ 33] Sent Broadcast: 1|0,29,41,44,1,2,20,33,36,7,32
[ 37] Received message from  36: 1|0,29,41,44,1,2,20,33,36,32,37,40,49
[ 35] Received message from   7: 1|0,29,41,44,1,2,20,33,36,7,32,35
[  7] Sent Broadcast: 1|0,29,41,44,1,2,20,33,36,7,32,35
[ 37] Received message from  32: 1|0,29,41,44,1,2,20,33,36,7,32,37,40
[ 40] Received message from  36: 1|0,29,41,44,1,2,20,33,36,32,37,40,49
[ 16] Received message from  35: 1|0,29,41,44,1,2,20,33,36,7,32,35,16,48
[ 40] Received message from  32: 1|0,29,41,44,1,2,20,33,36,7,32,37,40
[  5] Received message from  37: 1|0,29,41,44,1,2,20,33,36,32,37,40,49,5
[ 32] Sent Broadcast: 1|0,29,41,44,1,2,20,33,36,7,32,37,40
[ 49] Received message from  36: 1|0,29,41,44,1,2,20,33,36,32,37,40,49
[ 37] Sent Broadcast: 1|0,29,41,44,1,2,20,33,36,32,37,40,49,5
[ 36] Sent Broadcast: 1|0,29,41,44,1,2,20,33,36,32,37,40,49
[ 27] Received message from  16: 1|0,29,41,44,1,2,20,33,36,7,32,35,16,48,27
[  8] Received message from   5: 1|0,29,41,44,1,2,20,33,36,32,37,40,49,5,8,25
[ 48] Received message from  35: 1|0,29,41,44,1,2,20,33,36,7,32,35,16,48
[ 35] Sent Broadcast: 1|0,29,41,44,1,2,20,33,36,7,32,35,16,48
[ 16] Sent Broadcast: 1|0,29,41,44,1,2,20,33,36,7,32,35,16,48,27
[  5] Received message from  49: 1|0,29,41,44,1,2,20,33,36,32,37,40,49,5
[ 25] Received message from   5: 1|0,29,41,44,1,2,20,33,36,32,37,40,49,5,8,25
[ 49] Sent Broadcast: 1|0,29,41,44,1,2,20,33,36,32,37,40,49,5
[  5] Sent Broadcast: 1|0,29,41,44,1,2,20,33,36,32,37,40,49,5,8,25
[ 13] Received message from  27: 1|0,29,41,44,1,2,20,33,36,7,32,35,16,48,27,13,46,47
[  4] Received message from  48: 1|0,29,41,44,1,2,20,33,36,7,32,35,16,48,4,38,50
[  6] Received message from  25: 1|0,29,41,44,1,2,20,33,36,32,37,40,49,5,8,25,6,10
[ 38] Received message from  48: 1|0,29,41,44,1,2,20,33,36,7,32,35,16,48,4,38,50
[ 46] Received message from  27: 1|0,29,41,44,1,2,20,33,36,7,32,35,16,48,27,13,46,47
[ 10] Received message from  25: 1|0,29,41,44,1,2,20,33,36,32,37,40,49,5,8,25,6,10
[ 45] Received message from   4: 1|0,29,41,44,1,2,20,33,36,7,32,35,16,48,4,38,50,45
[ 25] Sent Broadcast: 1|0,29,41,44,1,2,20,33,36,32,37,40,49,5,8,25,6,10
[  4] Sent Broadcast: 1|0,29,41,44,1,2,20,33,36,7,32,35,16,48,4,38,50,45
[ 21] Received message from  13: 1|0,29,41,44,1,2,20,33,36,7,32,35,16,48,27,13,46,47,21
[  3] Received message from   6: 1|0,29,41,44,1,2,20,33,36,32,37,40,49,5,8,25,6,10,3,23
[ 50] Received message from  48: 1|0,29,41,44,1,2,20,33,36,7,32,35,16,48,4,38,50
[ 13] Sent Broadcast: 1|0,29,41,44,1,2,20,33,36,7,32,35,16,48,27,13,46,47,21
[ 45] Received message from  38: 1|0,29,41,44,1,2,20,33,36,7,32,35,16,48,4,38,50,45
[ 47] Received message from  27: 1|0,29,41,44,1,2,20,33,36,7,32,35,16,48,27,13,46,47
[ 21] Received message from  46: 1|0,29,41,44,1,2,20,33,36,7,32,35,16,48,27,13,46,47,21
[ 48] Sent Broadcast: 1|0,29,41,44,1,2,20,33,36,7,32,35,16,48,4,38,50
[ 38] Sent Broadcast: 1|0,29,41,44,1,2,20,33,36,7,32,35,16,48,4,38,50,45
[ 27] Sent Broadcast: 1|0,29,41,44,1,2,20,33,36,7,32,35,16,48,27,13,46,47
[ 46] Sent Broadcast: 1|0,29,41,44,1,2,20,33,36,7,32,35,16,48,27,13,46,47,21
[ 19] Received message from  45: 1|0,29,41,44,1,2,20,33,36,7,32,35,16,48,4,38,50,45,19,22,39
[ 30] Received message from  10: 1|0,29,41,44,1,2,20,33,36,32,37,40,49,5,8,25,6,10,30
[ 23] Received message from   6: 1|0,29,41,44,1,2,20,33,36,32,37,40,49,5,8,25,6,10,3,23
[ 10] Sent Broadcast: 1|0,29,41,44,1,2,20,33,36,32,37,40,49,5,8,25,6,10,30
[ 34] Received message from  50: 1|0,29,41,44,1,2,20,33,36,7,32,35,16,48,4,38,50,34,45
[  6] Sent Broadcast: 1|0,29,41,44,1,2,20,33,36,32,37,40,49,5,8,25,6,10,3,23
[ 21] Received message from  47: 1|0,29,41,44,1,2,20,33,36,7,32,35,16,48,27,13,46,47,21
[ 47] Sent Broadcast: 1|0,29,41,44,1,2,20,33,36,7,32,35,16,48,27,13,46,47,21
[ 22] Received message from  45: 1|0,29,41,44,1,2,20,33,36,7,32,35,16,48,4,38,50,45,19,22,39
[ 18] Received message from  30: 1|0,29,41,44,1,2,20,33,36,32,37,40,49,5,8,25,6,10,30,18,43
[  9] Received message from  19: 1|0,29,41,44,1,2,20,33,36,7,32,35,16,48,4,38,50,45,19,22,39,9,11,15
[ 26] Received message from  34: 1|0,29,41,44,1,2,20,33,36,7,32,35,16,48,4,38,50,34,45,26,28
[ 45] Received message from  50: 1|0,29,41,44,1,2,20,33,36,7,32,35,16,48,4,38,50,34,45
[ 39] Received message from  45: 1|0,29,41,44,1,2,20,33,36,7,32,35,16,48,4,38,50,45,19,22,39
[ 14] Received message from  22: 1|0,29,41,44,1,2,20,33,36,7,32,35,16,48,4,38,50,45,19,22,39,14,15,24,28
[ 43] Received message from  30: 1|0,29,41,44,1,2,20,33,36,32,37,40,49,5,8,25,6,10,30,18,43
[ 45] Sent Broadcast: 1|0,29,41,44,1,2,20,33,36,7,32,35,16,48,4,38,50,45,19,22,39
[ 50] Sent Broadcast: 1|0,29,41,44,1,2,20,33,36,7,32,35,16,48,4,38,50,34,45
[ 11] Received message from  19: 1|0,29,41,44,1,2,20,33,36,7,32,35,16,48,4,38,50,45,19,22,39,9,11,15
[ 30] Sent Broadcast: 1|0,29,41,44,1,2,20,33,36,32,37,40,49,5,8,25,6,10,30,18,43
[ 31] Received message from   9: 1|0,29,41,44,1,2,20,33,36,7,32,35,16,48,4,38,50,45,19,22,39,9,11,15,31
[ 15] Received message from  22: 1|0,29,41,44,1,2,20,33,36,7,32,35,16,48,4,38,50,45,19,22,39,14,15,24,28
[ 11] Received message from  39: 1|0,29,41,44,1,2,20,33,36,7,32,35,16,48,4,38,50,45,19,22,39,11,14,15,28
[ 28] Received message from  34: 1|0,29,41,44,1,2,20,33,36,7,32,35,16,48,4,38,50,34,45,26,28
[  9] Sent Broadcast: 1|0,29,41,44,1,2,20,33,36,7,32,35,16,48,4,38,50,45,19,22,39,9,11,15,31
[ 34] Sent Broadcast: 1|0,29,41,44,1,2,20,33,36,7,32,35,16,48,4,38,50,34,45,26,28
[ 15] Received message from  19: 1|0,29,41,44,1,2,20,33,36,7,32,35,16,48,4,38,50,45,19,22,39,9,11,15
[ 24] Received message from  22: 1|0,29,41,44,1,2,20,33,36,7,32,35,16,48,4,38,50,45,19,22,39,14,15,24,28
[ 19] Sent Broadcast: 1|0,29,41,44,1,2,20,33,36,7,32,35,16,48,4,38,50,45,19,22,39,9,11,15
[ 14] Received message from  39: 1|0,29,41,44,1,2,20,33,36,7,32,35,16,48,4,38,50,45,19,22,39,11,14,15,28
[ 28] Received message from  22: 1|0,29,41,44,1,2,20,33,36,7,32,35,16,48,4,38,50,45,19,22,39,14,15,24,28
[ 14] Received message from  28: 1|0,29,41,44,1,2,20,33,36,7,32,35,16,48,4,38,50,34,45,26,28,14,15,22,39
[ 22] Sent Broadcast: 1|0,29,41,44,1,2,20,33,36,7,32,35,16,48,4,38,50,45,19,22,39,14,15,24,28
[ 15] Received message from  39: 1|0,29,41,44,1,2,20,33,36,7,32,35,16,48,4,38,50,45,19,22,39,11,14,15,28
[ 15] Received message from  28: 1|0,29,41,44,1,2,20,33,36,7,32,35,16,48,4,38,50,34,45,26,28,14,15,22,39
[ 28] Received message from  39: 1|0,29,41,44,1,2,20,33,36,7,32,35,16,48,4,38,50,45,19,22,39,11,14,15,28
[ 39] Sent Broadcast: 1|0,29,41,44,1,2,20,33,36,7,32,35,16,48,4,38,50,45,19,22,39,11,14,15,28
[ 22] Received message from  28: 1|0,29,41,44,1,2,20,33,36,7,32,35,16,48,4,38,50,34,45,26,28,14,15,22,39
[ 39] Received message from  28: 1|0,29,41,44,1,2,20,33,36,7,32,35,16,48,4,38,50,34,45,26,28,14,15,22,39
[ 28] Sent Broadcast: 1|0,29,41,44,1,2,20,33,36,7,32,35,16,48,4,38,50,34,45,26,28,14,15,22,39
[ 17] Received message from  12: 12|0,17,42
[ 42] Received message from  12: 12|0,17,42
[ 12] Sent Broadcast: 12|0,17,42
